#   525 0.10247000000000E+01 0   2.2064 0.10000000000000E+02
   1 0.22321428571429E-03 0.32401465028086E-04 -.78088253327703E+01
   2 0.22872767857143E-03 0.33201781214280E-04 -.78088555833667E+01
   3 0.23437725223214E-03 0.34021865210273E-04 -.78088873457035E+01
   4 0.24016637036228E-03 0.34862205280967E-04 -.78089206917570E+01
   5 0.24609847971022E-03 0.35723301761127E-04 -.78089557041755E+01
   6 0.25217711215907E-03 0.36605667330148E-04 -.78089924648831E+01
   7 0.25840588682940E-03 0.37509827333958E-04 -.78090310612801E+01
   8 0.26478851223408E-03 0.38436320095677E-04 -.78090715849298E+01
   9 0.27132878848626E-03 0.39385697234858E-04 -.78091141334895E+01
  10 0.27803060956188E-03 0.40358523996089E-04 -.78091588071083E+01
  11 0.28489796561805E-03 0.41355379585531E-04 -.78092057130118E+01
  12 0.29193494536882E-03 0.42376857515779E-04 -.78092549625969E+01
  13 0.29914573851943E-03 0.43423565959227E-04 -.78093066725224E+01
  14 0.30653463826086E-03 0.44496128110171E-04 -.78093609667518E+01
  15 0.31410604382590E-03 0.45595182555853E-04 -.78094179734664E+01
  16 0.32186446310840E-03 0.46721383656670E-04 -.78094778292707E+01
  17 0.32981451534718E-03 0.47875401935775E-04 -.78095406769408E+01
  18 0.33796093387625E-03 0.49057924478303E-04 -.78096066650924E+01
  19 0.34630856894300E-03 0.50269655340451E-04 -.78096759514536E+01
  20 0.35486239059589E-03 0.51511315968674E-04 -.78097487012713E+01
  21 0.36362749164361E-03 0.52783645629227E-04 -.78098250869478E+01
  22 0.37260909068721E-03 0.54087401848319E-04 -.78099052913544E+01
  23 0.38181253522718E-03 0.55423360863139E-04 -.78099895045671E+01
  24 0.39124330484729E-03 0.56792318084027E-04 -.78100779282596E+01
  25 0.40090701447702E-03 0.58195088568055E-04 -.78101707712805E+01
  26 0.41080941773460E-03 0.59632507504308E-04 -.78102682563454E+01
  27 0.42095641035265E-03 0.61105430711156E-04 -.78103706146005E+01
  28 0.43135403368836E-03 0.62614735145802E-04 -.78104780903460E+01
  29 0.44200847832046E-03 0.64161319426424E-04 -.78105909390259E+01
  30 0.45292608773497E-03 0.65746104367206E-04 -.78107094294489E+01
  31 0.46411336210203E-03 0.67370033526596E-04 -.78108338444002E+01
  32 0.47557696214595E-03 0.69034073769096E-04 -.78109644793702E+01
  33 0.48732371311095E-03 0.70739215840937E-04 -.78111016458329E+01
  34 0.49936060882479E-03 0.72486474959969E-04 -.78112456703579E+01
  35 0.51169481586277E-03 0.74276891420125E-04 -.78113968957887E+01
  36 0.52433367781458E-03 0.76111531210815E-04 -.78115556823896E+01
  37 0.53728471965660E-03 0.77991486651621E-04 -.78117224081847E+01
  38 0.55055565223211E-03 0.79917877042670E-04 -.78118974701456E+01
  39 0.56415437684225E-03 0.81891849331075E-04 -.78120812854041E+01
  40 0.57808898995025E-03 0.83914578793830E-04 -.78122742914047E+01
  41 0.59236778800202E-03 0.85987269737588E-04 -.78124769477044E+01
  42 0.60699927236567E-03 0.88111156215710E-04 -.78126897369496E+01
  43 0.62199215439310E-03 0.90287502763039E-04 -.78129131659063E+01
  44 0.63735536060661E-03 0.92517605148818E-04 -.78131477664595E+01
  45 0.65309803801360E-03 0.94802791148212E-04 -.78133940971505E+01
  46 0.66922955955253E-03 0.97144421332881E-04 -.78136527448530E+01
  47 0.68575952967348E-03 0.99543889881094E-04 -.78139243251566E+01
  48 0.70269779005641E-03 0.10200262540784E-03 -.78142094846673E+01
  49 0.72005442547081E-03 0.10452209181547E-03 -.78145089025071E+01
  50 0.73783976977994E-03 0.10710378916533E-03 -.78148232914608E+01
  51 0.75606441209350E-03 0.10974925457091E-03 -.78151533999935E+01
  52 0.77473920307221E-03 0.11246006311312E-03 -.78155000143337E+01
  53 0.79387526138809E-03 0.11523782877814E-03 -.78158639594105E+01
  54 0.81348398034438E-03 0.11808420541838E-03 -.78162461019061E+01
  55 0.83357703465889E-03 0.12100088773730E-03 -.78166473515203E+01
  56 0.85416638741496E-03 0.12398961229848E-03 -.78170686634081E+01
  57 0.87526429718411E-03 0.12705215855962E-03 -.78175110406363E+01
  58 0.89688332532456E-03 0.13019034993211E-03 -.78179755363477E+01
  59 0.91903634346007E-03 0.13340605486678E-03 -.78184632561020E+01
  60 0.94173654114354E-03 0.13670118796643E-03 -.78189753611003E+01
  61 0.96499743370978E-03 0.14007771112594E-03 -.78195130700768E+01
  62 0.98883287032242E-03 0.14353763470042E-03 -.78200776630825E+01
  63 0.10132570422194E-02 0.14708301870233E-03 -.78206704839393E+01
  64 0.10382844911622E-02 0.15071597402812E-03 -.78212929435348E+01
  65 0.10639301180939E-02 0.15443866371518E-03 -.78219465233678E+01
  66 0.10902091920108E-02 0.15825330422992E-03 -.78226327789245E+01
  67 0.11171373590535E-02 0.16216216678752E-03 -.78233533432279E+01
  68 0.11447306518221E-02 0.16616757870446E-03 -.78241099310801E+01
  69 0.11730054989221E-02 0.17027192478436E-03 -.78249043427972E+01
  70 0.12019787347455E-02 0.17447764873811E-03 -.78257384686200E+01
  71 0.12316676094937E-02 0.17878725463906E-03 -.78266142932281E+01
  72 0.12620897994482E-02 0.18320330841422E-03 -.78275339002481E+01
  73 0.12932634174946E-02 0.18772843937223E-03 -.78284994774996E+01
  74 0.13252070239067E-02 0.19236534176918E-03 -.78295133219383E+01
  75 0.13579396373972E-02 0.19711677641304E-03 -.78305778451599E+01
  76 0.13914807464409E-02 0.20198557230779E-03 -.78316955791205E+01
  77 0.14258503208780E-02 0.20697462833820E-03 -.78328691821219E+01
  78 0.14610688238037E-02 0.21208691499615E-03 -.78341014451577E+01
  79 0.14971572237516E-02 0.21732547614976E-03 -.78353952983962E+01
  80 0.15341370071783E-02 0.22269343085611E-03 -.78367538181659E+01
  81 0.15720301912556E-02 0.22819397521884E-03 -.78381802342223E+01
  82 0.16108593369796E-02 0.23383038429164E-03 -.78396779374403E+01
  83 0.16506475626030E-02 0.23960601402881E-03 -.78412504876191E+01
  84 0.16914185573993E-02 0.24552430328400E-03 -.78429016220705E+01
  85 0.17331965957671E-02 0.25158877585838E-03 -.78446352643813E+01
  86 0.17760065516825E-02 0.25780304259945E-03 -.78464555335352E+01
  87 0.18198739135091E-02 0.26417080355172E-03 -.78483667537801E+01
  88 0.18648247991727E-02 0.27069585016056E-03 -.78503734645795E+01
  89 0.19108859717123E-02 0.27738206753053E-03 -.78524804315059E+01
  90 0.19580848552136E-02 0.28423343673961E-03 -.78546926572151E+01
  91 0.20064495511374E-02 0.29125403721054E-03 -.78570153933114E+01
  92 0.20560088550505E-02 0.29844804914089E-03 -.78594541525334E+01
  93 0.21067922737702E-02 0.30581975599320E-03 -.78620147216769E+01
  94 0.21588300429323E-02 0.31337354704668E-03 -.78647031751503E+01
  95 0.22121531449928E-02 0.32111392001203E-03 -.78675258890374E+01
  96 0.22667933276741E-02 0.32904548371094E-03 -.78704895559792E+01
  97 0.23227831228676E-02 0.33717296082186E-03 -.78736012007132E+01
  98 0.23801558660025E-02 0.34550119069372E-03 -.78768681963285E+01
  99 0.24389457158927E-02 0.35403513222920E-03 -.78802982813236E+01
 100 0.24991876750753E-02 0.36277986683935E-03 -.78838995774570E+01
 101 0.25609176106496E-02 0.37174060147140E-03 -.78876806084395E+01
 102 0.26241722756327E-02 0.38092267171136E-03 -.78916503194519E+01
 103 0.26889893308408E-02 0.39033154496350E-03 -.78958180976214E+01
 104 0.27554073673126E-02 0.39997282370846E-03 -.79001937933848E+01
 105 0.28234659292852E-02 0.40985224884204E-03 -.79047877428820E+01
 106 0.28932055377385E-02 0.41997570309663E-03 -.79096107912637E+01
 107 0.29646677145207E-02 0.43034921454735E-03 -.79146743171186E+01
 108 0.30378950070693E-02 0.44097896020498E-03 -.79199902579243E+01
 109 0.31129310137440E-02 0.45187126969786E-03 -.79255711366107E+01
 110 0.31898204097834E-02 0.46303262904504E-03 -.79314300891911E+01
 111 0.32686089739051E-02 0.47446968452281E-03 -.79375808936770E+01
 112 0.33493436155605E-02 0.48618924662705E-03 -.79440380000043E+01
 113 0.34320724028649E-02 0.49819829413375E-03 -.79508165612493E+01
 114 0.35168445912156E-02 0.51050397826015E-03 -.79579324660393E+01
 115 0.36037106526187E-02 0.52311362692903E-03 -.79654023720871E+01
 116 0.36927223057383E-02 0.53603474913865E-03 -.79732437410078E+01
 117 0.37839325466901E-02 0.54927503944113E-03 -.79814748742529E+01
 118 0.38773956805933E-02 0.56284238253175E-03 -.79901149502227E+01
 119 0.39731673539040E-02 0.57674485795222E-03 -.79991840624432E+01
 120 0.40713045875454E-02 0.59099074491052E-03 -.80087032588101E+01
 121 0.41718658108578E-02 0.60558852722038E-03 -.80186945817229E+01
 122 0.42749108963860E-02 0.62054689836335E-03 -.80291811090751E+01
 123 0.43805011955267E-02 0.63587476667652E-03 -.80401869958820E+01
 124 0.44886995750562E-02 0.65158126066908E-03 -.80517375163770E+01
 125 0.45995704545601E-02 0.66767573447089E-03 -.80638591063520E+01
 126 0.47131798447877E-02 0.68416777341644E-03 -.80765794054019E+01
 127 0.48295953869540E-02 0.70106719976759E-03 -.80899272987367E+01
 128 0.49488863930118E-02 0.71838407857856E-03 -.81039329581256E+01
 129 0.50711238869191E-02 0.73612872370671E-03 -.81186278814163E+01
 130 0.51963806469260E-02 0.75431170397298E-03 -.81340449300033E+01
 131 0.53247312489051E-02 0.77294384947543E-03 -.81502183634611E+01
 132 0.54562521107531E-02 0.79203625806013E-03 -.81671838704966E+01
 133 0.55910215378887E-02 0.81160030195308E-03 -.81849785950293E+01
 134 0.57291197698745E-02 0.83164763455736E-03 -.82036411562482E+01
 135 0.58706290281904E-02 0.85219019741972E-03 -.82232116610791E+01
 136 0.60156335651867E-02 0.87324022737088E-03 -.82437317073394E+01
 137 0.61642197142468E-02 0.89481026384393E-03 -.82652443755362E+01
 138 0.63164759411887E-02 0.91691315637535E-03 -.82877942069653E+01
 139 0.64724928969361E-02 0.93956207229344E-03 -.83114271653412E+01
 140 0.66323634714904E-02 0.96277050459874E-03 -.83361905788580E+01
 141 0.67961828492362E-02 0.98655228004154E-03 -.83621330590522E+01
 142 0.69640485656124E-02 0.10109215674013E-02 -.83893043924121E+01
 143 0.71360605651830E-02 0.10358928859736E-02 -.84177554000593E+01
 144 0.73123212611430E-02 0.10614811142691E-02 -.84475377603635E+01
 145 0.74929355962932E-02 0.10877014989311E-02 -.84787037886496E+01
 146 0.76780111055217E-02 0.11145696638767E-02 -.85113061676371E+01
 147 0.78676579798281E-02 0.11421016196667E-02 -.85453976215478E+01
 148 0.80619891319298E-02 0.11703137731119E-02 -.85810305263374E+01
 149 0.82611202634885E-02 0.11992229371201E-02 -.86182564478302E+01
 150 0.84651699339967E-02 0.12288463407913E-02 -.86571255991484E+01
 151 0.86742596313664E-02 0.12592016397668E-02 -.86976862083682E+01
 152 0.88885138442611E-02 0.12903069268399E-02 -.87399837870616E+01
 153 0.91080601362144E-02 0.13221807428333E-02 -.87840602901845E+01
 154 0.93330292215789E-02 0.13548420877522E-02 -.88299531577314E+01
 155 0.95635550433519E-02 0.13883104322187E-02 -.88776942285820E+01
 156 0.97997748529227E-02 0.14226057291967E-02 -.89273085170992E+01
 157 0.10041829291790E-01 0.14577484260127E-02 -.89788128430998E+01
 158 0.10289862475297E-01 0.14937594766828E-02 -.90322143059270E+01
 159 0.10544022078437E-01 0.15306603545523E-02 -.90875085932322E+01
 160 0.10804459423774E-01 0.15684730652574E-02 -.91446781149168E+01
 161 0.11071329571542E-01 0.16072201600167E-02 -.92036899523529E+01
 162 0.11344791411959E-01 0.16469247492629E-02 -.92644936127377E+01
 163 0.11625007759834E-01 0.16876105166215E-02 -.93270185785093E+01
 164 0.11912145451502E-01 0.17293017332494E-02 -.93911716426471E+01
 165 0.12206375444154E-01 0.17720232725391E-02 -.94568340229856E+01
 166 0.12507872917625E-01 0.18158006252032E-02 -.95238582532632E+01
 167 0.12816817378690E-01 0.18606599147448E-02 -.95920648562497E+01
 168 0.13133392767944E-01 0.19066279133292E-02 -.96612388157725E+01
 169 0.13457787569312E-01 0.19537320580645E-02 -.97311258803691E+01
 170 0.13790194922274E-01 0.20020004677045E-02 -.98014287518584E+01
 171 0.14130812736854E-01 0.20514619597856E-02 -.98718032372766E+01
 172 0.14479843811454E-01 0.21021460682091E-02 -.99418544717957E+01
 173 0.14837495953597E-01 0.21540830612834E-02 -.10011133352609E+02
 174 0.15203982103651E-01 0.22073039602366E-02 -.10079133358125E+02
 175 0.15579520461611E-01 0.22618405582166E-02 -.10145287961840E+02
 176 0.15964334617013E-01 0.23177254397895E-02 -.10208968884368E+02
 177 0.16358653682053E-01 0.23749920009534E-02 -.10269485458430E+02
 178 0.16762712428000E-01 0.24336744696819E-02 -.10326085407861E+02
 179 0.17176751424971E-01 0.24938079270122E-02 -.10377957360108E+02
 180 0.17601017185168E-01 0.25554283286962E-02 -.10424235418565E+02
 181 0.18035762309642E-01 0.26185725274295E-02 -.10464006112213E+02
 182 0.18481245638690E-01 0.26832782956778E-02 -.10496318010441E+02
 183 0.18937732405966E-01 0.27495843491169E-02 -.10520194235331E+02
 184 0.19405494396393E-01 0.28175303707078E-02 -.10534648017207E+02
 185 0.19884810107984E-01 0.28871570354247E-02 -.10538701317806E+02
 186 0.20375964917651E-01 0.29585060356579E-02 -.10531406387214E+02
 187 0.20879251251117E-01 0.30316201073118E-02 -.10511869926734E+02
 188 0.21394968757020E-01 0.31065430566222E-02 -.10479279305535E+02
 189 0.21923424485318E-01 0.31833197877141E-02 -.10432930034785E+02
 190 0.22464933070105E-01 0.32619963309261E-02 -.10372253455098E+02
 191 0.23019816916937E-01 0.33426198719255E-02 -.10296843363621E+02
 192 0.23588406394785E-01 0.34252387816423E-02 -.10206480122312E+02
 193 0.24171040032737E-01 0.35099026470473E-02 -.10101150678319E+02
 194 0.24768064721545E-01 0.35966623028057E-02 -.99810629195237E+01
 195 0.25379835920167E-01 0.36855698638353E-02 -.98466529073627E+01
 196 0.26006717867395E-01 0.37766787588010E-02 -.96985837896570E+01
 197 0.26649083798720E-01 0.38700437645788E-02 -.95377355993291E+01
 198 0.27307316168549E-01 0.39657210417249E-02 -.93651856741734E+01
 199 0.27981806877912E-01 0.40637681709852E-02 -.91821800533308E+01
 200 0.28672957507796E-01 0.41642441908841E-02 -.89900968657703E+01
 201 0.29381179558239E-01 0.42672096364329E-02 -.87904033604530E+01
 202 0.30106894693327E-01 0.43727265789994E-02 -.85846087677463E+01
 203 0.30850534992252E-01 0.44808586673836E-02 -.83742155627411E+01
 204 0.31612543206561E-01 0.45916711701461E-02 -.81606718738995E+01
 205 0.32393373023763E-01 0.47052310192374E-02 -.79453277187456E+01
 206 0.33193489337450E-01 0.48216068549812E-02 -.77293974543536E+01
 207 0.34013368524085E-01 0.49408690724647E-02 -.75139303354573E+01
 208 0.34853498726630E-01 0.50630898693944E-02 -.72997904330641E+01
 209 0.35714380145178E-01 0.51883432954772E-02 -.70876464537742E+01
 210 0.36596525334763E-01 0.53167053033905E-02 -.68779712922013E+01
 211 0.37500459510532E-01 0.54482538014099E-02 -.66710505176256E+01
 212 0.38426720860442E-01 0.55830687077644E-02 -.64669984974908E+01
 213 0.39375860865695E-01 0.57212320067951E-02 -.62657805290152E+01
 214 0.40348444629078E-01 0.58628278069971E-02 -.60672391966821E+01
 215 0.41345051211416E-01 0.60079424010288E-02 -.58711231863048E+01
 216 0.42366273976338E-01 0.61566643277783E-02 -.56771169372805E+01
 217 0.43412720943554E-01 0.63090844365806E-02 -.54848697645132E+01
 218 0.44485015150859E-01 0.64652959536875E-02 -.52940233876712E+01
 219 0.45583795025086E-01 0.66253945510952E-02 -.51042371275962E+01
 220 0.46709714762205E-01 0.67894784178430E-02 -.49152103341169E+01
 221 0.47863444716832E-01 0.69576483339043E-02 -.47267018716015E+01
 222 0.49045671801337E-01 0.71300077467952E-02 -.45385466932999E+01
 223 0.50257099894830E-01 0.73066628510378E-02 -.43506696767153E+01
 224 0.51498450262233E-01 0.74877226706219E-02 -.41630969709036E+01
 225 0.52770461983710E-01 0.76732991446180E-02 -.39759651288345E+01
 226 0.54073892394708E-01 0.78635072161056E-02 -.37895282730131E+01
 227 0.55409517536857E-01 0.80584649245895E-02 -.36041634811462E+01
 228 0.56778132620017E-01 0.82582935020899E-02 -.34203744917188E+01
 229 0.58180552495732E-01 0.84631174731040E-02 -.32387937274086E+01
 230 0.59617612142376E-01 0.86730647586485E-02 -.30601825270707E+01
 231 0.61090167162293E-01 0.88882667846087E-02 -.28854293735588E+01
 232 0.62599094291202E-01 0.91088585946325E-02 -.27155458134029E+01
 233 0.64145291920194E-01 0.93349789678263E-02 -.25516596935080E+01
 234 0.65729680630623E-01 0.95667705415258E-02 -.23950052976618E+01
 235 0.67353203742199E-01 0.98043799394325E-02 -.22469099596989E+01
 236 0.69016827874632E-01 0.10047957905429E-01 -.21087767682372E+01
 237 0.70721543523135E-01 0.10297659443409E-01 -.19820630665575E+01
 238 0.72468365648157E-01 0.10553643963472E-01 -.18682545950983E+01
 239 0.74258334279666E-01 0.10816075434873E-01 -.17688353247157E+01
 240 0.76092515136374E-01 0.11085122546132E-01 -.16852532833204E+01
 241 0.77972000260242E-01 0.11360958872741E-01 -.16188829779117E+01
 242 0.79897908666670E-01 0.11643763052934E-01 -.15709853426710E+01
 243 0.81871387010737E-01 0.11933718972037E-01 -.15426664786496E+01
 244 0.83893610269902E-01 0.12231015955913E-01 -.15348367620624E+01
 245 0.85965782443569E-01 0.12535848974103E-01 -.15481721518020E+01
 246 0.88089137269925E-01 0.12848418853266E-01 -.15830796864407E+01
 247 0.90264938960492E-01 0.13168932501593E-01 -.16396691933899E+01
 248 0.92494482952816E-01 0.13497603144899E-01 -.17177331126522E+01
 249 0.94779096681751E-01 0.13834650575166E-01 -.18167360524248E+01
 250 0.97120140369790E-01 0.14180301412358E-01 -.19358152485795E+01
 251 0.99519007836924E-01 0.14534789380386E-01 -.20737925190432E+01
 252 0.10197712733050E+00 0.14898355598175E-01 -.22291976303938E+01
 253 0.10449596237556E+00 0.15271248886853E-01 -.24003022856453E+01
 254 0.10707701264624E+00 0.15653726094158E-01 -.25851632657200E+01
 255 0.10972181485860E+00 0.16046052437241E-01 -.27816726787993E+01
 256 0.11243194368560E+00 0.16448501865128E-01 -.29876128486525E+01
 257 0.11520901269464E+00 0.16861357442208E-01 -.32007131449506E+01
 258 0.11805467530820E+00 0.17284911754225E-01 -.34187060426466E+01
 259 0.12097062578831E+00 0.17719467338327E-01 -.36393798865432E+01
 260 0.12395860024528E+00 0.18165337138897E-01 -.38606262016186E+01
 261 0.12702037767134E+00 0.18622844990993E-01 -.40804798830000E+01
 262 0.13015778099982E+00 0.19092326133352E-01 -.42971511655289E+01
 263 0.13337267819052E+00 0.19574127753108E-01 -.45090488540363E+01
 264 0.13666698334182E+00 0.20068609564497E-01 -.47147948398977E+01
 265 0.14004265783037E+00 0.20576144424027E-01 -.49132303965699E+01
 266 0.14350171147878E+00 0.21097118984772E-01 -.51034151101970E+01
 267 0.14704620375230E+00 0.21631934392660E-01 -.52846195493447E+01
 268 0.15067824498498E+00 0.22181007027862E-01 -.54563129119980E+01
 269 0.15439999763611E+00 0.22744769294611E-01 -.56181469199397E+01
 270 0.15821367757772E+00 0.23323670463070E-01 -.57699371790685E+01
 271 0.16212155541389E+00 0.23918177567138E-01 -.59116431108805E+01
 272 0.16612595783262E+00 0.24528776362399E-01 -.60433474071884E+01
 273 0.17022926899108E+00 0.25155972348761E-01 -.61652357871141E+01
 274 0.17443393193516E+00 0.25800291862683E-01 -.62775776589689E+01
 275 0.17874245005396E+00 0.26462283244295E-01 -.63807081222736E+01
 276 0.18315738857029E+00 0.27142518085140E-01 -.64750115952863E+01
 277 0.18768137606798E+00 0.27841592562728E-01 -.65609072257915E+01
 278 0.19231710605686E+00 0.28560128868591E-01 -.66388361393794E+01
 279 0.19706733857646E+00 0.29298776737078E-01 -.67092504996279E+01
 280 0.20193490183930E+00 0.30058215082725E-01 -.67726042965853E+01
 281 0.20692269391473E+00 0.30839153754644E-01 -.68293457409573E+01
 282 0.21203368445443E+00 0.31642335417101E-01 -.68799111182525E+01
 283 0.21727091646045E+00 0.32468537566182E-01 -.69247199466050E+01
 284 0.22263750809702E+00 0.33318574693259E-01 -.69641712810869E+01
 285 0.22813665454702E+00 0.34193300606842E-01 -.69986410133544E+01
 286 0.23377162991433E+00 0.35093610925376E-01 -.70284800261952E+01
 287 0.23954578917322E+00 0.36020445754525E-01 -.70540130761069E+01
 288 0.24546257016579E+00 0.36974792563638E-01 -.70755382919711E+01
 289 0.25152549564889E+00 0.37957689277277E-01 -.70933271930776E+01
 290 0.25773817539142E+00 0.38970227598963E-01 -.71076251443552E+01
 291 0.26410430832358E+00 0.40013556585724E-01 -.71186521800762E+01
 292 0.27062768473918E+00 0.41088886493528E-01 -.71266041390982E+01
 293 0.27731218855223E+00 0.42197492915272E-01 -.71316540646151E+01
 294 0.28416179960947E+00 0.43340721234789E-01 -.71339538292496E+01
 295 0.29118059605983E+00 0.44519991422174E-01 -.71336359520615E+01
 296 0.29837275678251E+00 0.45736803197721E-01 -.71308155777060E+01
 297 0.30574256387503E+00 0.46992741593934E-01 -.71255925896335E+01
 298 0.31329440520275E+00 0.48289482947320E-01 -.71180538290811E+01
 299 0.32103277701126E+00 0.49628801354101E-01 -.71082753899173E+01
 300 0.32896228660343E+00 0.51012575626537E-01 -.70963249565161E+01
 301 0.33708765508254E+00 0.52442796789246E-01 -.70822641481975E+01
 302 0.34541372016308E+00 0.53921576157715E-01 -.70661508298693E+01
 303 0.35394543905111E+00 0.55451154044130E-01 -.70480413449101E+01
 304 0.36268789139567E+00 0.57033909138677E-01 -.70279926236427E+01
 305 0.37164628231314E+00 0.58672368617535E-01 -.70060641195257E+01
 306 0.38082594548628E+00 0.60369219031908E-01 -.69823195259957E+01
 307 0.39023234633979E+00 0.62127318035470E-01 -.69568282301377E+01
 308 0.39987108529438E+00 0.63949707010618E-01 -.69296664653408E+01
 309 0.40974790110115E+00 0.65839624656646E-01 -.69009181339161E+01
 310 0.41986867425835E+00 0.67800521605449E-01 -.68706752821849E+01
 311 0.43023943051253E+00 0.69836076132314E-01 -.68390382244820E+01
 312 0.44086634444619E+00 0.71950211030750E-01 -.68061153283086E+01
 313 0.45175574315401E+00 0.74147111720699E-01 -.67720224898622E+01
 314 0.46291411000991E+00 0.76431245658794E-01 -.67368823465885E+01
 315 0.47434808852716E+00 0.78807383117006E-01 -.67008232905460E+01
 316 0.48606448631378E+00 0.81280619391794E-01 -.66639783626464E+01
 317 0.49807027912573E+00 0.83856398499016E-01 -.66264841229795E+01
 318 0.51037261502014E+00 0.86540538399866E-01 -.65884796066456E+01
 319 0.52297881861113E+00 0.89339257789002E-01 -.65501054887465E+01
 320 0.53589639543083E+00 0.92259204456968E-01 -.65115035985643E+01
 321 0.54913303639797E+00 0.95307485213692E-01 -.64728169455712E+01
 322 0.56269662239700E+00 0.98491697326882E-01 -.64341904567695E+01
 323 0.57659522897020E+00 0.10181996138682E+00 -.63957726922919E+01
 324 0.59083713112577E+00 0.10530095545530E+00 -.63577189411853E+01
 325 0.60543080826457E+00 0.10894395028897E+00 -.63201963950939E+01
 326 0.62038494922871E+00 0.11275884534300E+00 -.62833928162090E+01
 327 0.63570845747466E+00 0.11675620515702E+00 -.62475320586529E+01
 328 0.65141045637428E+00 0.12094729559724E+00 -.62129054664152E+01
 329 0.66750029464673E+00 0.12534411927271E+00 -.61799440176607E+01
 330 0.68398755192450E+00 0.12995944925449E+00 -.61493827324274E+01
 331 0.70088204445704E+00 0.13480685999891E+00 -.61224807858457E+01
 332 0.71819383095513E+00 0.13990075410393E+00 -.61006553337011E+01
 333 0.73593321857972E+00 0.14525638320432E+00 -.60839960406981E+01
 334 0.75411076907864E+00 0.15088986093095E+00 -.60710491375565E+01
 335 0.77273730507488E+00 0.15681816541463E+00 -.60604108937979E+01
 336 0.79182391651023E+00 0.16305912830118E+00 -.60513504663869E+01
 337 0.81138196724803E+00 0.16963140665578E+00 -.60435688358432E+01
 338 0.83142310183906E+00 0.17655443347122E+00 -.60369700765465E+01
 339 0.85195925245448E+00 0.18384834175651E+00 -.60315563270029E+01
 340 0.87300264599011E+00 0.19153385637906E+00 -.60273812882879E+01
 341 0.89456581134606E+00 0.19963214697962E+00 -.60245260431799E+01
 342 0.91666158688631E+00 0.20816463440314E+00 -.60230836540690E+01
 343 0.93930312808240E+00 0.21715274223261E+00 -.60231474309790E+01
 344 0.96250391534604E+00 0.22661758423877E+00 -.60248007205845E+01
 345 0.98627776205508E+00 0.23657957795436E+00 -.60281072134837E+01
 346 0.10106388227778E+01 0.24705797426472E+00 -.60331012828756E+01
 347 0.10356016017005E+01 0.25807029303065E+00 -.60397781401473E+01
 348 0.10611809612625E+01 0.26963165552038E+00 -.60480837612672E+01
 349 0.10873921310056E+01 0.28175400606270E+00 -.60579046600491E+01
 350 0.11142507166415E+01 0.29444521812433E+00 -.60690576881610E+01
 351 0.11417727093425E+01 0.30770808427622E+00 -.60812801421506E+01
 352 0.11699744952633E+01 0.32153919558026E+00 -.60942205617765E+01
 353 0.11988728652963E+01 0.33592772411905E+00 -.61074307108902E+01
 354 0.12284850250691E+01 0.35085413296891E+00 -.61203593320933E+01
 355 0.12588286051883E+01 0.36628885101023E+00 -.61323483392082E+01
 356 0.12899216717365E+01 0.38219096548997E+00 -.61426321289918E+01
 357 0.13217827370284E+01 0.39850700277056E+00 -.61503406281250E+01
 358 0.13544307706330E+01 0.41516988632111E+00 -.61545065355596E+01
 359 0.13878852106676E+01 0.43209817922861E+00 -.61540770141271E+01
 360 0.14221659753711E+01 0.44919573410966E+00 -.61479299471493E+01
 361 0.14572934749627E+01 0.46635188329184E+00 -.61348950104310E+01
 362 0.14932886237943E+01 0.48344230279137E+00 -.61137804582397E+01
 363 0.15301728528020E+01 0.50033067071226E+00 -.60834078089373E+01
 364 0.15679681222663E+01 0.51687120992379E+00 -.60426582927688E+01
 365 0.16066969348862E+01 0.53291215252805E+00 -.59905361007101E+01
 366 0.16463823491779E+01 0.54830008752132E+00 -.59262526135723E+01
 367 0.16870479932026E+01 0.56288505362639E+00 -.58493313466906E+01
 368 0.17287180786347E+01 0.57652612074948E+00 -.57597251199678E+01
 369 0.17714174151770E+01 0.58909707489981E+00 -.56579274170007E+01
 370 0.18151714253319E+01 0.60049169714930E+00 -.55450537677406E+01
 371 0.18600061595376E+01 0.61062802742514E+00 -.54228702810609E+01
 372 0.19059483116781E+01 0.61945095438931E+00 -.52937545503266E+01
 373 0.19530252349766E+01 0.62693250509983E+00 -.51605827251207E+01
 374 0.20012649582805E+01 0.63306936205870E+00 -.50265368832167E+01
 375 0.20506962027500E+01 0.63787746272142E+00 -.48948130897826E+01
 376 0.21013483989580E+01 0.64138411174528E+00 -.47681830688853E+01
 377 0.21532517044122E+01 0.64361897014799E+00 -.46483366264720E+01
 378 0.22064370215112E+01 0.64460674394000E+00 -.45348839281906E+01
 379 0.22609360159425E+01 0.64436589142684E+00 -.44250884297621E+01
 380 0.23167811355363E+01 0.64291471914481E+00 -.43180398432932E+01
 381 0.23740056295841E+01 0.64027660740526E+00 -.42136522560620E+01
 382 0.24326435686348E+01 0.63647879645621E+00 -.41118449192277E+01
 383 0.24927298647801E+01 0.63155231863562E+00 -.40125419477535E+01
 384 0.25543002924401E+01 0.62553203527307E+00 -.39156719246705E+01
 385 0.26173915096634E+01 0.61845644256924E+00 -.38211674524650E+01
 386 0.26820410799521E+01 0.61036749374793E+00 -.37289646915722E+01
 387 0.27482874946269E+01 0.60131039310462E+00 -.36390029179791E+01
 388 0.28161701957442E+01 0.59133336739362E+00 -.35512241217524E+01
 389 0.28857295995791E+01 0.58048741632070E+00 -.34655726584006E+01
 390 0.29570071206887E+01 0.56882604402338E+00 -.33819949567816E+01
 391 0.30300451965697E+01 0.55640497374636E+00 -.33004392813812E+01
 392 0.31048873129250E+01 0.54328184811906E+00 -.32208555431591E+01
 393 0.31815780295542E+01 0.52951591760366E+00 -.31431951514079E+01
 394 0.32601630068842E+01 0.51516771981660E+00 -.30674108987006E+01
 395 0.33406890331542E+01 0.50029875254901E+00 -.29934568715083E+01
 396 0.34232040522732E+01 0.48497114342583E+00 -.29212883800579E+01
 397 0.35077571923643E+01 0.46924731925138E+00 -.28508619021676E+01
 398 0.35943987950157E+01 0.45318967870359E+00 -.27821350369543E+01
 399 0.36831804452526E+01 0.43686026924777E+00 -.27150664653472E+01
 400 0.37741550022503E+01 0.42032047564540E+00 -.26496159152028E+01
 401 0.38673766308059E+01 0.40363071967387E+00 -.25857441295100E+01
 402 0.39629008335868E+01 0.38685017568589E+00 -.25234128366884E+01
 403 0.40607844841764E+01 0.37003650464902E+00 -.24625847223620E+01
 404 0.41610858609356E+01 0.35324560922657E+00 -.24032234022497E+01
 405 0.42638646817007E+01 0.33653141198670E+00 -.23452933959857E+01
 406 0.43691821393387E+01 0.31994565819154E+00 -.22887601017870E+01
 407 0.44771009381803E+01 0.30353774381203E+00 -.22335897719447E+01
 408 0.45876853313534E+01 0.28735456843758E+00 -.21797494891404E+01
 409 0.47010011590378E+01 0.27144041162098E+00 -.21272071435994E+01
 410 0.48171158876661E+01 0.25583682996426E+00 -.20759314110830E+01
 411 0.49360986500914E+01 0.24058257099301E+00 -.20258917317167E+01
 412 0.50580202867487E+01 0.22571349871809E+00 -.19770582896361E+01
 413 0.51829533878314E+01 0.21126252493476E+00 -.19294019934216E+01
 414 0.53109723365108E+01 0.19725954000764E+00 -.18828944572855E+01
 415 0.54421533532226E+01 0.18373133742268E+00 -.18375079829675E+01
 416 0.55765745410472E+01 0.17070152803091E+00 -.17932155422921E+01
 417 0.57143159322111E+01 0.15819044284608E+00 -.17499907603401E+01
 418 0.58554595357367E+01 0.14621502745907E+00 -.17078078991866E+01
 419 0.60000893862694E+01 0.13478873621730E+00 -.16666418421642E+01
 420 0.61482915941102E+01 0.12392143947978E+00 -.16264680786097E+01
 421 0.63001543964848E+01 0.11361936128185E+00 -.15872626890591E+01
 422 0.64557682100779E+01 0.10388506623361E+00 -.15490023308612E+01
 423 0.66152256848669E+01 0.94717512278995E-01 -.15116642241821E+01
 424 0.67786217592831E+01 0.86112179684350E-01 -.14752261383792E+01
 425 0.69460537167374E+01 0.78061277132100E-01 -.14396663787252E+01
 426 0.71176212435408E+01 0.70554015140098E-01 -.14049637734674E+01
 427 0.72934264882562E+01 0.63576928029645E-01 -.13710976612072E+01
 428 0.74735741225162E+01 0.57114220912634E-01 -.13380478785910E+01
 429 0.76581714033423E+01 0.51148118940231E-01 -.13057947483001E+01
 430 0.78473282370049E+01 0.45659201676981E-01 -.12743190673328E+01
 431 0.80411572444589E+01 0.40626713527741E-01 -.12436020955701E+01
 432 0.82397738283970E+01 0.36028848610816E-01 -.12136255446170E+01
 433 0.84432962419584E+01 0.31843013096310E-01 -.11843715669136E+01
 434 0.86518456591348E+01 0.28046069276659E-01 -.11558227451092E+01
 435 0.88655462469154E+01 0.24614564517569E-01 -.11279620816913E+01
 436 0.90845252392142E+01 0.21524946330723E-01 -.11007729888662E+01
 437 0.93089130126228E+01 0.18753763271433E-01 -.10742392786827E+01
 438 0.95388431640346E+01 0.16277850576418E-01 -.10483451533939E+01
 439 0.97744525901863E+01 0.14074499273024E-01 -.10230751960514E+01
 440 0.10015881569164E+02 0.12121607634663E-01 -.99841436132664E+00
 441 0.10263273843922E+02 0.10397814134647E-01 -.97434796655278E+00
 442 0.10516776707867E+02 0.88826113718631E-02 -.95086168298310E+00
 443 0.10776541092551E+02 0.75564407729660E-02 -.92794152725978E+00
 444 0.11042721657537E+02 0.64007682018630E-02 -.90557385308850E+00
 445 0.11315476882479E+02 0.53981409183950E-02 -.88374534311359E+00
 446 0.11594969161476E+02 0.45322266157397E-02 -.86244300098916E+00
 447 0.11881364899764E+02 0.37878355231657E-02 -.84165414364122E+00
 448 0.12174834612788E+02 0.31509267816436E-02 -.82136639371643E+00
 449 0.12475553027724E+02 0.26086004804369E-02 -.80156767221277E+00
 450 0.12783699187509E+02 0.21490768807237E-02 -.78224619128796E+00
 451 0.13099456557441E+02 0.17616644467018E-02 -.76339044724110E+00
 452 0.13423013134409E+02 0.14367183561620E-02 -.74498921366361E+00
 453 0.13754561558829E+02 0.11655911731358E-02 -.72703153475516E+00
 454 0.14094299229332E+02 0.94057733801189E-03 -.70950671880078E+00
 455 0.14442428420297E+02 0.75485306971263E-03 -.69240433180519E+00
 456 0.14799156402278E+02 0.60241318219345E-03 -.67571419128056E+00
 457 0.15164695565414E+02 0.47800621786267E-03 -.65942636018402E+00
 458 0.15539263545880E+02 0.37706910087290E-03 -.64353114100129E+00
 459 0.15923083355463E+02 0.29566257184780E-03 -.62801906997295E+00
 460 0.16316383514343E+02 0.23040812777730E-03 -.61288091145989E+00
 461 0.16719398187148E+02 0.17842740926798E-03 -.59810765244452E+00
 462 0.17132367322370E+02 0.13728471658104E-03 -.58369049716455E+00
 463 0.17555536795233E+02 0.10493306715392E-03 -.56962086187621E+00
 464 0.17989158554075E+02 0.79664150573464E-04 -.55589036974354E+00
 465 0.18433490770361E+02 0.60062409095907E-04 -.54249084585102E+00
 466 0.18888797992389E+02 0.44963342286033E-04 -.52941431233632E+00
 467 0.19355351302801E+02 0.33416031356069E-04 -.51665298364040E+00
 468 0.19833428479980E+02 0.24649790776842E-04 -.50419926187216E+00
 469 0.20323314163435E+02 0.18044785454460E-04 -.49204573228472E+00
 470 0.20825300023272E+02 0.13106384497155E-04 -.48018515886086E+00
 471 0.21339684933847E+02 0.94430307199405E-05 -.46861048000474E+00
 472 0.21866775151713E+02 0.67471323625422E-05 -.45731480433760E+00
 473 0.22406884497960E+02 0.47797007535166E-05 -.44629140659471E+00
 474 0.22960334545060E+02 0.33544562302927E-05 -.43553372362127E+00
 475 0.23527454808323E+02 0.23317316852093E-05 -.42503535046479E+00
 476 0.24108582942088E+02 0.16059238553210E-05 -.41479003656172E+00
 477 0.24704064940758E+02 0.10958922883275E-05 -.40479168201592E+00
 478 0.25314255344795E+02 0.74081217800121E-06 -.39503433396694E+00
 479 0.25939517451811E+02 0.49595680502770E-06 -.38551218304571E+00
 480 0.26580223532871E+02 0.32875373407539E-06 -.37621955991579E+00
 481 0.27236755054133E+02 0.21571561827167E-06 -.36715093189791E+00
 482 0.27909502903970E+02 0.14007698184917E-06 -.35830089967592E+00
 483 0.28598867625698E+02 0.89994027997110E-07 -.34966419408209E+00
 484 0.29305259656053E+02 0.57188262294538E-07 -.34123567295998E+00
 485 0.30029099569557E+02 0.35935857770742E-07 -.33301031810284E+00
 486 0.30770818328925E+02 0.22323156716848E-07 -.32498323226587E+00
 487 0.31530857541650E+02 0.13704560845105E-07 -.31714963625048E+00
 488 0.32309669722928E+02 0.83124451090304E-08 -.30950486605883E+00
 489 0.33107718565085E+02 0.49798415969823E-08 -.30204437011694E+00
 490 0.33925479213642E+02 0.29457158369927E-08 -.29476370656479E+00
 491 0.34763438550219E+02 0.17199537063573E-08 -.28765854061168E+00
 492 0.35622095482410E+02 0.99094977783003E-09 -.28072464195538E+00
 493 0.36501961240825E+02 0.56318383565447E-09 -.27395788226348E+00
 494 0.37403559683474E+02 0.31561904819386E-09 -.26735423271541E+00
 495 0.38327427607655E+02 0.17435628487674E-09 -.26090976160379E+00
 496 0.39274115069564E+02 0.94910924159313E-10 -.25462063199355E+00
 497 0.40244185711783E+02 0.50890605226902E-10 -.24848309943745E+00
 498 0.41238217098864E+02 0.26868049854779E-10 -.24249350974670E+00
 499 0.42256801061206E+02 0.13961807087401E-10 -.23664829681536E+00
 500 0.43300544047417E+02 0.71380454035045E-11 -.23094398049709E+00
 501 0.44370067485389E+02 0.35889688358712E-11 -.22537716453312E+00
 502 0.45466008152278E+02 0.17738958445906E-11 -.21994453453022E+00
 503 0.46589018553639E+02 0.86151991429456E-12 -.21464285598733E+00
 504 0.47739767311914E+02 0.41094338052628E-12 -.20946897236980E+00
 505 0.48918939564518E+02 0.19243281934934E-12 -.20441980323002E+00
 506 0.50127237371762E+02 0.88402775954239E-13 -.19949234237340E+00
 507 0.51365380134844E+02 0.39815982822642E-13 -.19468365606850E+00
 508 0.52634105024175E+02 0.00000000000000E+00 -.18999088130038E+00
 509 0.53934167418272E+02 0.00000000000000E+00 -.18541122406596E+00
 510 0.55266341353503E+02 0.00000000000000E+00 -.18094195771051E+00
 511 0.56631419984935E+02 0.00000000000000E+00 -.17658042130429E+00
 512 0.58030216058563E+02 0.00000000000000E+00 -.17232401805825E+00
 513 0.59463562395209E+02 0.00000000000000E+00 -.16817021377794E+00
 514 0.60932312386371E+02 0.00000000000000E+00 -.16411653535468E+00
 515 0.62437340502314E+02 0.00000000000000E+00 -.16016056929314E+00
 516 0.63979542812721E+02 0.00000000000000E+00 -.15629996027436E+00
 517 0.65559837520196E+02 0.00000000000000E+00 -.15253240975345E+00
 518 0.67179165506945E+02 0.00000000000000E+00 -.14885567459105E+00
 519 0.68838490894966E+02 0.00000000000000E+00 -.14526756571782E+00
 520 0.70538801620072E+02 0.00000000000000E+00 -.14176594683109E+00
 521 0.72281110020087E+02 0.00000000000000E+00 -.13834873312295E+00
 522 0.74066453437584E+02 0.00000000000000E+00 -.13501389003899E+00
 523 0.75895894837492E+02 0.00000000000000E+00 -.13175943206694E+00
 524 0.77770523439978E+02 0.00000000000000E+00 -.12858342155454E+00
 525 0.79691455368945E+02 0.00000000000000E+00 -.12548396755591E+00
