#   515 0.10247000000000E+01 1   2.6100 0.40000000000000E+01
   1 0.28409090909091E-03 0.33635629750510E-07 -.18785080894625E+01
   2 0.29110795454545E-03 0.35317750621539E-07 -.18785081167345E+01
   3 0.29829832102273E-03 0.37083994508720E-07 -.18785081433372E+01
   4 0.30566628955199E-03 0.38938568411661E-07 -.18785081692863E+01
   5 0.31321624690392E-03 0.40885890006639E-07 -.18785081945967E+01
   6 0.32095268820245E-03 0.42930597341786E-07 -.18785082192834E+01
   7 0.32888021960105E-03 0.45077560685116E-07 -.18785082433605E+01
   8 0.33700356102520E-03 0.47331893869595E-07 -.18785082668421E+01
   9 0.34532754898252E-03 0.49698966471043E-07 -.18785082897418E+01
  10 0.35385713944239E-03 0.52184416598251E-07 -.18785083120729E+01
  11 0.36259741078661E-03 0.54794164322328E-07 -.18785083338481E+01
  12 0.37155356683304E-03 0.57534425777669E-07 -.18785083550800E+01
  13 0.38073093993382E-03 0.60411727968098E-07 -.18785083757808E+01
  14 0.39013499415018E-03 0.63432924313473E-07 -.18785083959623E+01
  15 0.39977132850569E-03 0.66605210973778E-07 -.18785084156360E+01
  16 0.40964568031978E-03 0.69936143989587E-07 -.18785084348131E+01
  17 0.41976392862368E-03 0.73433657279711E-07 -.18785084535045E+01
  18 0.43013209766069E-03 0.77106081538926E-07 -.18785084717207E+01
  19 0.44075636047291E-03 0.80962164080764E-07 -.18785084894718E+01
  20 0.45164304257659E-03 0.85011089672646E-07 -.18785085067678E+01
  21 0.46279862572823E-03 0.89262502412987E-07 -.18785085236184E+01
  22 0.47422975178372E-03 0.93726528702365E-07 -.18785085400328E+01
  23 0.48594322665277E-03 0.98413801363493E-07 -.18785085560200E+01
  24 0.49794602435110E-03 0.10333548496742E-06 -.18785085715888E+01
  25 0.51024529115257E-03 0.10850330242629E-06 -.18785085867475E+01
  26 0.52284834984404E-03 0.11392956291604E-06 -.18785086015044E+01
  27 0.53576270408519E-03 0.11962719119547E-06 -.18785086158673E+01
  28 0.54899604287609E-03 0.12560975839159E-06 -.18785086298438E+01
  29 0.56255624513513E-03 0.13189151432451E-06 -.18785086434411E+01
  30 0.57645138438997E-03 0.13848742144897E-06 -.18785086566663E+01
  31 0.59068973358440E-03 0.14541319049317E-06 -.18785086695262E+01
  32 0.60527977000393E-03 0.15268531788003E-06 -.18785086820272E+01
  33 0.62023018032303E-03 0.16032112501979E-06 -.18785086941756E+01
  34 0.63554986577701E-03 0.16833879956764E-06 -.18785087059771E+01
  35 0.65124794746170E-03 0.17675743874475E-06 -.18785087174377E+01
  36 0.66733377176401E-03 0.18559709482561E-06 -.18785087285625E+01
  37 0.68381691592658E-03 0.19487882290036E-06 -.18785087393567E+01
  38 0.70070719374996E-03 0.20462473102560E-06 -.18785087498252E+01
  39 0.71801466143559E-03 0.21485803288328E-06 -.18785087599725E+01
  40 0.73574962357305E-03 0.22560310307309E-06 -.18785087698030E+01
  41 0.75392263927530E-03 0.23688553516994E-06 -.18785087793205E+01
  42 0.77254452846540E-03 0.24873220268500E-06 -.18785087885290E+01
  43 0.79162637831850E-03 0.26117132307529E-06 -.18785087974318E+01
  44 0.81117954986296E-03 0.27423252495446E-06 -.18785088060321E+01
  45 0.83121568474458E-03 0.28794691866476E-06 -.18785088143328E+01
  46 0.85174671215777E-03 0.30234717037827E-06 -.18785088223365E+01
  47 0.87278485594807E-03 0.31746757990402E-06 -.18785088300455E+01
  48 0.89434264188998E-03 0.33334416238609E-06 -.18785088374618E+01
  49 0.91643290514467E-03 0.35001473408758E-06 -.18785088445871E+01
  50 0.93906879790174E-03 0.36751900246454E-06 -.18785088514227E+01
  51 0.96226379720991E-03 0.38589866074447E-06 -.18785088579698E+01
  52 0.98603171300100E-03 0.40519748723474E-06 -.18785088642291E+01
  53 0.10103866963121E-02 0.42546144959739E-06 -.18785088702010E+01
  54 0.10353432477110E-02 0.44673881433867E-06 -.18785088758856E+01
  55 0.10609162259295E-02 0.46908026177414E-06 -.18785088812826E+01
  56 0.10871208567100E-02 0.49253900674320E-06 -.18785088863914E+01
  57 0.11139727418707E-02 0.51717092536045E-06 -.18785088912110E+01
  58 0.11414878685949E-02 0.54303468810595E-06 -.18785088957401E+01
  59 0.11696826189492E-02 0.57019189957121E-06 -.18785088999768E+01
  60 0.11985737796372E-02 0.59870724519393E-06 -.18785089039191E+01
  61 0.12281785519943E-02 0.62864864533077E-06 -.18785089075644E+01
  62 0.12585145622285E-02 0.66008741703546E-06 -.18785089109096E+01
  63 0.12895998719156E-02 0.69309844392717E-06 -.18785089139514E+01
  64 0.13214529887519E-02 0.72776035455411E-06 -.18785089166858E+01
  65 0.13540928775741E-02 0.76415570967694E-06 -.18785089191085E+01
  66 0.13875389716501E-02 0.80237119891819E-06 -.18785089212147E+01
  67 0.14218111842499E-02 0.84249784724602E-06 -.18785089229990E+01
  68 0.14569299205009E-02 0.88463123178423E-06 -.18785089244555E+01
  69 0.14929160895372E-02 0.92887170946470E-06 -.18785089255777E+01
  70 0.15297911169488E-02 0.97532465606478E-06 -.18785089263587E+01
  71 0.15675769575374E-02 0.10241007171987E-05 -.18785089267909E+01
  72 0.16062961083886E-02 0.10753160718611E-05 -.18785089268660E+01
  73 0.16459716222658E-02 0.11290927091498E-05 -.18785089265751E+01
  74 0.16866271213358E-02 0.11855587188283E-05 -.18785089259088E+01
  75 0.17282868112328E-02 0.12448485964175E-05 -.18785089248567E+01
  76 0.17709754954702E-02 0.13071035635468E-05 -.18785089234079E+01
  77 0.18147185902083E-02 0.13724719043240E-05 -.18785089215506E+01
  78 0.18595421393865E-02 0.14411093185284E-05 -.18785089192723E+01
  79 0.19054728302293E-02 0.15131792924649E-05 -.18785089165595E+01
  80 0.19525380091360E-02 0.15888534883666E-05 -.18785089133980E+01
  81 0.20007656979617E-02 0.16683121532688E-05 -.18785089097726E+01
  82 0.20501846107013E-02 0.17517445483318E-05 -.18785089056671E+01
  83 0.21008241705856E-02 0.18393493996338E-05 -.18785089010643E+01
  84 0.21527145275991E-02 0.19313353715063E-05 -.18785088959460E+01
  85 0.22058865764308E-02 0.20279215635419E-05 -.18785088902928E+01
  86 0.22603719748686E-02 0.21293380324560E-05 -.18785088840841E+01
  87 0.23162031626479E-02 0.22358263400466E-05 -.18785088772983E+01
  88 0.23734133807653E-02 0.23476401285568E-05 -.18785088699123E+01
  89 0.24320366912702E-02 0.24650457248104E-05 -.18785088619016E+01
  90 0.24921079975446E-02 0.25883227745596E-05 -.18785088532404E+01
  91 0.25536630650839E-02 0.27177649085551E-05 -.18785088439015E+01
  92 0.26167385427915E-02 0.28536804419264E-05 -.18785088338559E+01
  93 0.26813719847984E-02 0.29963931085355E-05 -.18785088230729E+01
  94 0.27476018728230E-02 0.31462428320558E-05 -.18785088115204E+01
  95 0.28154676390817E-02 0.33035865356104E-05 -.18785087991642E+01
  96 0.28850096897670E-02 0.34687989918991E-05 -.18785087859682E+01
  97 0.29562694291043E-02 0.36422737158390E-05 -.18785087718942E+01
  98 0.30292892840031E-02 0.38244239018435E-05 -.18785087569020E+01
  99 0.31041127293180E-02 0.40156834079735E-05 -.18785087409490E+01
 100 0.31807843137322E-02 0.42165077893027E-05 -.18785087239903E+01
 101 0.32593496862813E-02 0.44273753829599E-05 -.18785087059784E+01
 102 0.33398556235325E-02 0.46487884474308E-05 -.18785086868632E+01
 103 0.34223500574338E-02 0.48812743588344E-05 -.18785086665918E+01
 104 0.35068821038524E-02 0.51253868670201E-05 -.18785086451081E+01
 105 0.35935020918175E-02 0.53817074144804E-05 -.18785086223533E+01
 106 0.36822615934854E-02 0.56508465212167E-05 -.18785085982648E+01
 107 0.37732134548445E-02 0.59334452388589E-05 -.18785085727768E+01
 108 0.38664118271792E-02 0.62301766775002E-05 -.18785085458196E+01
 109 0.39619121993105E-02 0.65417476088830E-05 -.18785085173197E+01
 110 0.40597714306335E-02 0.68689001497548E-05 -.18785084871995E+01
 111 0.41600477849701E-02 0.72124135294012E-05 -.18785084553767E+01
 112 0.42628009652589E-02 0.75731059455669E-05 -.18785084217646E+01
 113 0.43680921491008E-02 0.79518365131821E-05 -.18785083862714E+01
 114 0.44759840251835E-02 0.83495073105362E-05 -.18785083488002E+01
 115 0.45865408306056E-02 0.87670655277712E-05 -.18785083092482E+01
 116 0.46998283891215E-02 0.92055057228091E-05 -.18785082675071E+01
 117 0.48159141503328E-02 0.96658721900872E-05 -.18785082234620E+01
 118 0.49348672298461E-02 0.10149261447740E-04 -.18785081769915E+01
 119 0.50567584504233E-02 0.10656824849152E-04 -.18785081279670E+01
 120 0.51816603841487E-02 0.11189771325093E-04 -.18785080762524E+01
 121 0.53096473956372E-02 0.11749370262977E-04 -.18785080217035E+01
 122 0.54407956863094E-02 0.12336954530087E-04 -.18785079641676E+01
 123 0.55751833397613E-02 0.12953923647973E-04 -.18785079034829E+01
 124 0.57128903682534E-02 0.13601747125574E-04 -.18785078394779E+01
 125 0.58539987603492E-02 0.14281967959010E-04 -.18785077719707E+01
 126 0.59985925297298E-02 0.14996206306359E-04 -.18785077007685E+01
 127 0.61467577652142E-02 0.15746163346185E-04 -.18785076256664E+01
 128 0.62985826820150E-02 0.16533625328996E-04 -.18785075464473E+01
 129 0.64541576742607E-02 0.17360467831269E-04 -.18785074628804E+01
 130 0.66135753688150E-02 0.18228660222181E-04 -.18785073747205E+01
 131 0.67769306804247E-02 0.19140270353673E-04 -.18785072817073E+01
 132 0.69443208682312E-02 0.20097469485012E-04 -.18785071835638E+01
 133 0.71158455936765E-02 0.21102537453566E-04 -.18785070799953E+01
 134 0.72916069798403E-02 0.22157868104115E-04 -.18785069706884E+01
 135 0.74717096722424E-02 0.23265974989601E-04 -.18785068553094E+01
 136 0.76562609011467E-02 0.24429497356906E-04 -.18785067335027E+01
 137 0.78453705454051E-02 0.25651206431879E-04 -.18785066048897E+01
 138 0.80391511978766E-02 0.26934012018595E-04 -.18785064690663E+01
 139 0.82377182324641E-02 0.28280969428529E-04 -.18785063256019E+01
 140 0.84411898728060E-02 0.29695286756148E-04 -.18785061740366E+01
 141 0.86496872626643E-02 0.31180332518226E-04 -.18785060138795E+01
 142 0.88633345380521E-02 0.32739643675062E-04 -.18785058446060E+01
 143 0.90822589011420E-02 0.34376934052680E-04 -.18785056656555E+01
 144 0.93065906960002E-02 0.36096103186058E-04 -.18785054764283E+01
 145 0.95364634861914E-02 0.37901245604416E-04 -.18785052762827E+01
 146 0.97720141343003E-02 0.39796660580652E-04 -.18785050645316E+01
 147 0.10013382883418E-01 0.41786862368122E-04 -.18785048404388E+01
 148 0.10260713440638E-01 0.43876590949107E-04 -.18785046032154E+01
 149 0.10514153062622E-01 0.46070823320529E-04 -.18785043520150E+01
 150 0.10773852643268E-01 0.48374785343765E-04 -.18785040859294E+01
 151 0.11039966803557E-01 0.50793964186724E-04 -.18785038039833E+01
 152 0.11312653983605E-01 0.53334121387788E-04 -.18785035051287E+01
 153 0.11592076537000E-01 0.56001306572662E-04 -.18785031882393E+01
 154 0.11878400827464E-01 0.58801871856748E-04 -.18785028521031E+01
 155 0.12171797327902E-01 0.61742486967289E-04 -.18785024954160E+01
 156 0.12472440721902E-01 0.64830155121214E-04 -.18785021167731E+01
 157 0.12780510007733E-01 0.68072229696424E-04 -.18785017146609E+01
 158 0.13096188604924E-01 0.71476431736141E-04 -.18785012874471E+01
 159 0.13419664463465E-01 0.75050868327908E-04 -.18785008333711E+01
 160 0.13751130175713E-01 0.78804051900910E-04 -.18785003505321E+01
 161 0.14090783091053E-01 0.82744920487444E-04 -.18784998368770E+01
 162 0.14438825433402E-01 0.86882858996688E-04 -.18784992901871E+01
 163 0.14795464421607E-01 0.91227721551262E-04 -.18784987080633E+01
 164 0.15160912392821E-01 0.95789854939647E-04 -.18784980879098E+01
 165 0.15535386928923E-01 0.10058012324012E-03 -.18784974269167E+01
 166 0.15919110986068E-01 0.10560993367467E-03 -.18784967220403E+01
 167 0.16312313027423E-01 0.11089126375425E-03 -.18784959699823E+01
 168 0.16715227159201E-01 0.11643668977978E-03 -.18784951671663E+01
 169 0.17128093270033E-01 0.12225941676652E-03 -.18784943097127E+01
 170 0.17551157173803E-01 0.12837330986281E-03 -.18784933934103E+01
 171 0.17984670755996E-01 0.13479292733761E-03 -.18784924136861E+01
 172 0.18428892123669E-01 0.14153355521522E-03 -.18784913655715E+01
 173 0.18884085759124E-01 0.14861124363904E-03 -.18784902436657E+01
 174 0.19350522677374E-01 0.15604284505084E-03 -.18784890420953E+01
 175 0.19828480587505E-01 0.16384605427566E-03 -.18784877544698E+01
 176 0.20318244058016E-01 0.17203945060764E-03 -.18784863738331E+01
 177 0.20820104686249E-01 0.18064254199615E-03 -.18784848926102E+01
 178 0.21334361272000E-01 0.18967581143697E-03 -.18784833025485E+01
 179 0.21861319995418E-01 0.19916076567827E-03 -.18784815946536E+01
 180 0.22401294599305E-01 0.20911998635666E-03 -.18784797591184E+01
 181 0.22954606575908E-01 0.21957718368415E-03 -.18784777852460E+01
 182 0.23521585358333E-01 0.23055725281304E-03 -.18784756613639E+01
 183 0.24102568516684E-01 0.24208633301187E-03 -.18784733747308E+01
 184 0.24697901959046E-01 0.25419186979234E-03 -.18784709114340E+01
 185 0.25307940137434E-01 0.26690268013369E-03 -.18784682562761E+01
 186 0.25933046258829E-01 0.28024902095875E-03 -.18784653926509E+01
 187 0.26573592501422E-01 0.29426266102297E-03 -.18784623024077E+01
 188 0.27229960236207E-01 0.30897695638616E-03 -.18784589657009E+01
 189 0.27902540254041E-01 0.32442692964463E-03 -.18784553608257E+01
 190 0.28591732998316E-01 0.34064935311053E-03 -.18784514640377E+01
 191 0.29297948803374E-01 0.35768283613408E-03 -.18784472493537E+01
 192 0.30021608138818E-01 0.37556791677429E-03 -.18784426883336E+01
 193 0.30763141859847E-01 0.39434715803364E-03 -.18784377498410E+01
 194 0.31522991463785E-01 0.41406524888288E-03 -.18784323997793E+01
 195 0.32301609352940E-01 0.43476911031321E-03 -.18784266008021E+01
 196 0.33099459103958E-01 0.45650800666474E-03 -.18784203119958E+01
 197 0.33917015743826E-01 0.47933366249216E-03 -.18784134885297E+01
 198 0.34754766032698E-01 0.50330038524167E-03 -.18784060812723E+01
 199 0.35613208753706E-01 0.52846519402606E-03 -.18783980363700E+01
 200 0.36492855009922E-01 0.55488795479948E-03 -.18783892947841E+01
 201 0.37394228528667E-01 0.58263152224747E-03 -.18783797917822E+01
 202 0.38317865973326E-01 0.61176188872383E-03 -.18783694563808E+01
 203 0.39264317262867E-01 0.64234834058135E-03 -.18783582107320E+01
 204 0.40234145899259E-01 0.67446362226096E-03 -.18783459694515E+01
 205 0.41227929302971E-01 0.70818410852081E-03 -.18783326388809E+01
 206 0.42246259156755E-01 0.74358998520594E-03 -.18783181162784E+01
 207 0.43289741757926E-01 0.78076543897790E-03 -.18783022889314E+01
 208 0.44358998379347E-01 0.81979885644443E-03 -.18782850331832E+01
 209 0.45454665639317E-01 0.86078303315003E-03 -.18782662133672E+01
 210 0.46577395880608E-01 0.90381539291077E-03 -.18782456806386E+01
 211 0.47727857558859E-01 0.94899821799953E-03 -.18782232716948E+01
 212 0.48906735640563E-01 0.99643889071213E-03 -.18781988073760E+01
 213 0.50114732010885E-01 0.10462501468703E-02 -.18781720911327E+01
 214 0.51352565891554E-01 0.10985503418435E-02 -.18781429073516E+01
 215 0.52620974269075E-01 0.11534637296997E-02 -.18781110195255E+01
 216 0.53920712333521E-01 0.12111207561229E-02 -.18780761682552E+01
 217 0.55252553928159E-01 0.12716583657682E-02 -.18780380690699E+01
 218 0.56617292010185E-01 0.13352203247514E-02 -.18779964100504E+01
 219 0.58015739122836E-01 0.14019575590096E-02 -.18779508492414E+01
 220 0.59448727879170E-01 0.14720285092970E-02 -.18779010118354E+01
 221 0.60917111457786E-01 0.15455995036207E-02 -.18778464871127E+01
 222 0.62421764110793E-01 0.16228451479557E-02 -.18777868251202E+01
 223 0.63963581684330E-01 0.17039487361179E-02 -.18777215330717E+01
 224 0.65543482151933E-01 0.17891026797137E-02 -.18776500714521E+01
 225 0.67162406161085E-01 0.18785089591284E-02 -.18775718498094E+01
 226 0.68821317593264E-01 0.19723795965566E-02 -.18774862222163E+01
 227 0.70521204137818E-01 0.20709371521261E-02 -.18773924823874E+01
 228 0.72263077880022E-01 0.21744152442109E-02 -.18772898584379E+01
 229 0.74047975903659E-01 0.22830590950816E-02 -.18771775072705E+01
 230 0.75876960908479E-01 0.23971261030876E-02 -.18770545085840E+01
 231 0.77751121842918E-01 0.25168864426237E-02 -.18769198584975E+01
 232 0.79671574552438E-01 0.26426236931834E-02 -.18767724627898E+01
 233 0.81639462443884E-01 0.27746354988606E-02 -.18766111297615E+01
 234 0.83655957166248E-01 0.29132342597191E-02 -.18764345627330E+01
 235 0.85722259308254E-01 0.30587478565102E-02 -.18762413522013E+01
 236 0.87839599113168E-01 0.32115204102797E-02 -.18760299676885E+01
 237 0.90009237211263E-01 0.33719130784719E-02 -.18757987493307E+01
 238 0.92232465370381E-01 0.35403048892029E-02 -.18755458992644E+01
 239 0.94510607265030E-01 0.37170936154448E-02 -.18752694728921E+01
 240 0.96845019264476E-01 0.39026966909309E-02 -.18749673701193E+01
 241 0.99237091240308E-01 0.40975521696662E-02 -.18746373266812E+01
 242 0.10168824739394E+00 0.43021197309977E-02 -.18742769056968E+01
 243 0.10419994710457E+00 0.45168817322767E-02 -.18738834896123E+01
 244 0.10677368579806E+00 0.47423443112212E-02 -.18734542727172E+01
 245 0.10941099583727E+00 0.49790385401624E-02 -.18729862544438E+01
 246 0.11211344743445E+00 0.52275216344407E-02 -.18724762336797E+01
 247 0.11488264958608E+00 0.54883782172950E-02 -.18719208043435E+01
 248 0.11772025103086E+00 0.57622216436690E-02 -.18713163524904E+01
 249 0.12062794123132E+00 0.60496953854396E-02 -.18706590552215E+01
 250 0.12360745137973E+00 0.63514744806532E-02 -.18699448816748E+01
 251 0.12666055542881E+00 0.66682670494344E-02 -.18691695963652E+01
 252 0.12978907114790E+00 0.70008158793132E-02 -.18683287651212E+01
 253 0.13299486120526E+00 0.73499000827910E-02 -.18674177638314E+01
 254 0.13627983427703E+00 0.77163368300458E-02 -.18664317901659E+01
 255 0.13964594618367E+00 0.81009831597455E-02 -.18653658783706E+01
 256 0.14309520105441E+00 0.85047378710107E-02 -.18642149171545E+01
 257 0.14662965252045E+00 0.89285434996316E-02 -.18629736705950E+01
 258 0.15025140493770E+00 0.93733883817040E-02 -.18616368018820E+01
 259 0.15396261463967E+00 0.98403088079035E-02 -.18601988996072E+01
 260 0.15776549122127E+00 0.10330391271659E-01 -.18586545061955E+01
 261 0.16166229885443E+00 0.10844774814526E-01 -.18569981479622E+01
 262 0.16565535763614E+00 0.11384653472091E-01 -.18552243661842E+01
 263 0.16974704496975E+00 0.11951278823729E-01 -.18533277484975E+01
 264 0.17393979698050E+00 0.12545962649579E-01 -.18513029598764E+01
 265 0.17823610996592E+00 0.13170079698032E-01 -.18491447724316E+01
 266 0.18263854188208E+00 0.13825070567030E-01 -.18468480932783E+01
 267 0.18714971386656E+00 0.14512444702410E-01 -.18444079897700E+01
 268 0.19177231179907E+00 0.15233783516428E-01 -.18418197114839E+01
 269 0.19650908790051E+00 0.15990743629507E-01 -.18390787084500E+01
 270 0.20136286237165E+00 0.16785060238125E-01 -.18361806452602E+01
 271 0.20633652507223E+00 0.17618550611546E-01 -.18331214108409E+01
 272 0.21143303724151E+00 0.18493117719949E-01 -.18298971238347E+01
 273 0.21665543326138E+00 0.19410753996182E-01 -.18265041336900E+01
 274 0.22200682246293E+00 0.20373545233151E-01 -.18229390176999E+01
 275 0.22749039097777E+00 0.21383674618420E-01 -.18191985743542E+01
 276 0.23310940363492E+00 0.22443426907262E-01 -.18152798134654E+01
 277 0.23886720590470E+00 0.23555192734870E-01 -.18111799435956E+01
 278 0.24476722589055E+00 0.24721473067924E-01 -.18068963573506E+01
 279 0.25081297637004E+00 0.25944883795088E-01 -.18024266151173E+01
 280 0.25700805688638E+00 0.27228160455297E-01 -.17977684277996E+01
 281 0.26335615589148E+00 0.28574163101901E-01 -.17929196390753E+01
 282 0.26986105294200E+00 0.29985881299848E-01 -.17878782076347E+01
 283 0.27652662094966E+00 0.31466439252071E-01 -.17826421897990E+01
 284 0.28335682848712E+00 0.33019101050144E-01 -.17772097228376E+01
 285 0.29035574215075E+00 0.34647276043009E-01 -.17715790092291E+01
 286 0.29752752898188E+00 0.36354524316238E-01 -.17657483020314E+01
 287 0.30487645894773E+00 0.38144562272729E-01 -.17597158914557E+01
 288 0.31240690748374E+00 0.40021268304124E-01 -.17534800926701E+01
 289 0.32012335809859E+00 0.41988688540393E-01 -.17470392348012E+01
 290 0.32803040504362E+00 0.44051042663045E-01 -.17403916510486E+01
 291 0.33613275604820E+00 0.46212729765304E-01 -.17335356697852E+01
 292 0.34443523512259E+00 0.48478334240253E-01 -.17264696064798E+01
 293 0.35294278543012E+00 0.50852631675474E-01 -.17191917562553E+01
 294 0.36166047223024E+00 0.53340594730067E-01 -.17117003868700E+01
 295 0.37059348589433E+00 0.55947398967103E-01 -.17039937319058E+01
 296 0.37974714499592E+00 0.58678428611625E-01 -.16960699839341E+01
 297 0.38912689947732E+00 0.61539282201194E-01 -.16879272874398E+01
 298 0.39873833389441E+00 0.64535778092791E-01 -.16795637312867E+01
 299 0.40858717074160E+00 0.67673959786584E-01 -.16709773405316E+01
 300 0.41867927385892E+00 0.70960101023778E-01 -.16621660674146E+01
 301 0.42902065192323E+00 0.74400710612418E-01 -.16531277813924E+01
 302 0.43961746202573E+00 0.78002536931852E-01 -.16438602581290E+01
 303 0.45047601333777E+00 0.81772572063444E-01 -.16343611674153E+01
 304 0.46160277086721E+00 0.85718055492380E-01 -.16246280600684E+01
 305 0.47300435930763E+00 0.89846477322960E-01 -.16146583539541E+01
 306 0.48468756698253E+00 0.94165580947876E-01 -.16044493193901E+01
 307 0.49665934988700E+00 0.98683365110749E-01 -.15939980643277E+01
 308 0.50892683582921E+00 0.10340808530082E+00 -.15833015198755E+01
 309 0.52149732867419E+00 0.10834825441936E+00 -.15723564269286E+01
 310 0.53437831269244E+00 0.11351264265940E+00 -.15611593248954E+01
 311 0.54757745701595E+00 0.11891027654382E+00 -.15497065437934E+01
 312 0.56110262020424E+00 0.12455043707218E+00 -.15379942012915E+01
 313 0.57496185492329E+00 0.13044265693405E+00 -.15260182066436E+01
 314 0.58916341273989E+00 0.13659671675643E+00 -.15137742738612E+01
 315 0.60371574903457E+00 0.14302264036488E+00 -.15012579469371E+01
 316 0.61862752803572E+00 0.14973068905327E+00 -.14884646404357E+01
 317 0.63390762797820E+00 0.15673135487503E+00 -.14753896993322E+01
 318 0.64956514638926E+00 0.16403535298942E+00 -.14620284825879E+01
 319 0.66560940550508E+00 0.17165361312015E+00 -.14483764756014E+01
 320 0.68204995782105E+00 0.17959727020928E+00 -.14344294373677E+01
 321 0.69889659177923E+00 0.18787765437683E+00 -.14201835888923E+01
 322 0.71615933759618E+00 0.19650628032394E+00 -.14056358501403E+01
 323 0.73384847323481E+00 0.20549483634328E+00 -.13907841335327E+01
 324 0.75197453052371E+00 0.21485517312205E+00 -.13756277027122E+01
 325 0.77054830142764E+00 0.22459929253628E+00 -.13601676059692E+01
 326 0.78958084447290E+00 0.23473933663532E+00 -.13444071943113E+01
 327 0.80908349133138E+00 0.24528757699615E+00 -.13283527346499E+01
 328 0.82906785356727E+00 0.25625640457857E+00 -.13120141289235E+01
 329 0.84954582955038E+00 0.26765832012427E+00 -.12954057501260E+01
 330 0.87052961154028E+00 0.27950592499993E+00 -.12785474061163E+01
 331 0.89203169294532E+00 0.29181191216895E+00 -.12614654416692E+01
 332 0.91406487576107E+00 0.30458905666545E+00 -.12441939884028E+01
 333 0.93664227819237E+00 0.31785020450924E+00 -.12267763708755E+01
 334 0.95977734246372E+00 0.33160825840832E+00 -.12092666751283E+01
 335 0.98348384282257E+00 0.34587615780278E+00 -.11917314830688E+01
 336 0.10077758937403E+01 0.36066684976350E+00 -.11742517720911E+01
 337 0.10326679583157E+01 0.37599324591041E+00 -.11569249738712E+01
 338 0.10581748568861E+01 0.39186815879145E+00 -.11398671789413E+01
 339 0.10843117758512E+01 0.40830420898713E+00 -.11232154638700E+01
 340 0.11110942767147E+01 0.42531369149122E+00 -.11071303049809E+01
 341 0.11385383053495E+01 0.44290838657147E+00 -.10917980256588E+01
 342 0.11666602014917E+01 0.46109929624234E+00 -.10774332023970E+01
 343 0.11954767084685E+01 0.47989628259258E+00 -.10642809265873E+01
 344 0.12250049831677E+01 0.49930757843223E+00 -.10526187832274E+01
 345 0.12552626062519E+01 0.51933913401838E+00 -.10427583626195E+01
 346 0.12862675926263E+01 0.53999375601566E+00 -.10350460650352E+01
 347 0.13180384021642E+01 0.56126998647834E+00 -.10298628895294E+01
 348 0.13505939506977E+01 0.58316066080924E+00 -.10276228150844E+01
 349 0.13839536212799E+01 0.60565107490353E+00 -.10287692842065E+01
 350 0.14181372757255E+01 0.62871668393514E+00 -.10337691863708E+01
 351 0.14531652664359E+01 0.65232024990136E+00 -.10431036141639E+01
 352 0.14890584485169E+01 0.67640835419623E+00 -.10572545355869E+01
 353 0.15258381921953E+01 0.70090719809821E+00 -.10766864055931E+01
 354 0.15635263955425E+01 0.72571763215787E+00 -.11018216528251E+01
 355 0.16021454975124E+01 0.75070939028538E+00 -.11330089631004E+01
 356 0.16417184913010E+01 0.77571456228036E+00 -.11704833989601E+01
 357 0.16822689380361E+01 0.80052042690319E+00 -.12143177283155E+01
 358 0.17238209808056E+01 0.82486189366665E+00 -.12643649943592E+01
 359 0.17663993590315E+01 0.84841397098495E+00 -.13201934747024E+01
 360 0.18100294231996E+01 0.87078489230419E+00 -.13810168915680E+01
 361 0.18547371499526E+01 0.89151078266798E+00 -.14456251763885E+01
 362 0.19005491575564E+01 0.91005301346776E+00 -.15123243441470E+01
 363 0.19474927217481E+01 0.92579962895233E+00 -.15788980791628E+01
 364 0.19955957919752E+01 0.93807236263908E+00 -.16426082836554E+01
 365 0.20448870080370E+01 0.94614069290091E+00 -.17002566178826E+01
 366 0.20953957171355E+01 0.94924398843549E+00 -.17483330514783E+01
 367 0.21471519913488E+01 0.94662193761396E+00 -.17832790759390E+01
 368 0.22001866455351E+01 0.93755205445159E+00 -.18018899235942E+01
 369 0.22545312556798E+01 0.92139113386285E+00 -.18018676942420E+01
 370 0.23102181776951E+01 0.89761531978824E+00 -.17825084756405E+01
 371 0.23672805666842E+01 0.86585148556519E+00 -.17454476827979E+01
 372 0.24257523966813E+01 0.82589183234920E+00 -.16952702503749E+01
 373 0.24856684808793E+01 0.77768537101308E+00 -.16395504335218E+01
 374 0.25470644923570E+01 0.72130616170800E+00 -.15873717082807E+01
 375 0.26099769853182E+01 0.65691131295408E+00 -.15442511845876E+01
 376 0.26744434168556E+01 0.58472029300901E+00 -.15050831487760E+01
 377 0.27405021692519E+01 0.00000000000000E+00 -.14671933158384E+01
 378 0.28081925728325E+01 0.00000000000000E+00 -.14305013128982E+01
 379 0.28775549293814E+01 0.00000000000000E+00 -.13949341651926E+01
 380 0.29486305361371E+01 0.00000000000000E+00 -.13604260020685E+01
 381 0.30214617103797E+01 0.00000000000000E+00 -.13269176204828E+01
 382 0.30960918146261E+01 0.00000000000000E+00 -.12943559568953E+01
 383 0.31725652824474E+01 0.00000000000000E+00 -.12626935111501E+01
 384 0.32509276449238E+01 0.00000000000000E+00 -.12318877571629E+01
 385 0.33312255577534E+01 0.00000000000000E+00 -.12019005664227E+01
 386 0.34135068290300E+01 0.00000000000000E+00 -.11726976623531E+01
 387 0.34978204477070E+01 0.00000000000000E+00 -.11442481168926E+01
 388 0.35842166127654E+01 0.00000000000000E+00 -.11165238953743E+01
 389 0.36727467631007E+01 0.00000000000000E+00 -.10894994518297E+01
 390 0.37634636081492E+01 0.00000000000000E+00 -.10631513740392E+01
 391 0.38564211592705E+01 0.00000000000000E+00 -.10374580757894E+01
 392 0.39516747619045E+01 0.00000000000000E+00 -.10123995326682E+01
 393 0.40492811285236E+01 0.00000000000000E+00 -.98795705713997E+00
 394 0.41492983723981E+01 0.00000000000000E+00 -.96411310844523E+00
 395 0.42517860421963E+01 0.00000000000000E+00 -.94085113293710E+00
 396 0.43568051574386E+01 0.00000000000000E+00 -.91815543069536E+00
 397 0.44644182448273E+01 0.00000000000000E+00 -.89601104459934E+00
 398 0.45746893754745E+01 0.00000000000000E+00 -.87440366842065E+00
 399 0.46876842030488E+01 0.00000000000000E+00 -.85331957089492E+00
 400 0.48034700028641E+01 0.00000000000000E+00 -.83274553312124E+00
 401 0.49221157119348E+01 0.00000000000000E+00 -.81266879700466E+00
 402 0.50436919700196E+01 0.00000000000000E+00 -.79307702279318E+00
 403 0.51682711616791E+01 0.00000000000000E+00 -.77395825406220E+00
 404 0.52959274593725E+01 0.00000000000000E+00 -.75530088876554E+00
 405 0.54267368676190E+01 0.00000000000000E+00 -.73709365520393E+00
 406 0.55607772682492E+01 0.00000000000000E+00 -.71932559196123E+00
 407 0.56981284667750E+01 0.00000000000000E+00 -.70198603102877E+00
 408 0.58388722399043E+01 0.00000000000000E+00 -.68506458348185E+00
 409 0.59830923842300E+01 0.00000000000000E+00 -.66855112719263E+00
 410 0.61308747661204E+01 0.00000000000000E+00 -.65243579616393E+00
 411 0.62823073728436E+01 0.00000000000000E+00 -.63670897115119E+00
 412 0.64374803649529E+01 0.00000000000000E+00 -.62136127130736E+00
 413 0.65964861299672E+01 0.00000000000000E+00 -.60638354664113E+00
 414 0.67594193373774E+01 0.00000000000000E+00 -.59176687112330E+00
 415 0.69263769950106E+01 0.00000000000000E+00 -.57750253631226E+00
 416 0.70974585067874E+01 0.00000000000000E+00 -.56358204539809E+00
 417 0.72727657319050E+01 0.00000000000000E+00 -.54999710758764E+00
 418 0.74524030454831E+01 0.00000000000000E+00 -.53673963277075E+00
 419 0.76364774007065E+01 0.00000000000000E+00 -.52380172642186E+00
 420 0.78250983925039E+01 0.00000000000000E+00 -.51117568470208E+00
 421 0.80183783227988E+01 0.00000000000000E+00 -.49885398973501E+00
 422 0.82164322673719E+01 0.00000000000000E+00 -.48682930503623E+00
 423 0.84193781443760E+01 0.00000000000000E+00 -.47509447108087E+00
 424 0.86273367845421E+01 0.00000000000000E+00 -.46364250099767E+00
 425 0.88404320031203E+01 0.00000000000000E+00 -.45246657638018E+00
 426 0.90587906735974E+01 0.00000000000000E+00 -.44156004320827E+00
 427 0.92825428032352E+01 0.00000000000000E+00 -.43091640787403E+00
 428 0.95118216104751E+01 0.00000000000000E+00 -.42052933330770E+00
 429 0.97467636042539E+01 0.00000000000000E+00 -.41039263519960E+00
 430 0.99875086652789E+01 0.00000000000000E+00 -.40050027831501E+00
 431 0.10234200129311E+02 0.00000000000000E+00 -.39084637289891E+00
 432 0.10486984872505E+02 0.00000000000000E+00 -.38142517116814E+00
 433 0.10746013398856E+02 0.00000000000000E+00 -.37223106388857E+00
 434 0.11011439929808E+02 0.00000000000000E+00 -.36325857703502E+00
 435 0.11283422496074E+02 0.00000000000000E+00 -.35450236853189E+00
 436 0.11562123031727E+02 0.00000000000000E+00 -.34595722507241E+00
 437 0.11847707470611E+02 0.00000000000000E+00 -.33761805901465E+00
 438 0.12140345845135E+02 0.00000000000000E+00 -.32947990535240E+00
 439 0.12440212387510E+02 0.00000000000000E+00 -.32153791875903E+00
 440 0.12747485633481E+02 0.00000000000000E+00 -.31378737070266E+00
 441 0.13062348528628E+02 0.00000000000000E+00 -.30622364663088E+00
 442 0.13384988537285E+02 0.00000000000000E+00 -.29884224322326E+00
 443 0.13715597754156E+02 0.00000000000000E+00 -.29163876571022E+00
 444 0.14054373018684E+02 0.00000000000000E+00 -.28460892525638E+00
 445 0.14401516032246E+02 0.00000000000000E+00 -.27774853640713E+00
 446 0.14757233478242E+02 0.00000000000000E+00 -.27105351459659E+00
 447 0.15121737145155E+02 0.00000000000000E+00 -.26451987371581E+00
 448 0.15495244052640E+02 0.00000000000000E+00 -.25814372373945E+00
 449 0.15877976580740E+02 0.00000000000000E+00 -.25192126840973E+00
 450 0.16270162602284E+02 0.00000000000000E+00 -.24584880297621E+00
 451 0.16672035618561E+02 0.00000000000000E+00 -.23992271199006E+00
 452 0.17083834898339E+02 0.00000000000000E+00 -.23413946715142E+00
 453 0.17505805620328E+02 0.00000000000000E+00 -.22849562520876E+00
 454 0.17938199019150E+02 0.00000000000000E+00 -.22298782590882E+00
 455 0.18381272534923E+02 0.00000000000000E+00 -.21761278999592E+00
 456 0.18835289966536E+02 0.00000000000000E+00 -.21236731725960E+00
 457 0.19300521628709E+02 0.00000000000000E+00 -.20724828462926E+00
 458 0.19777244512938E+02 0.00000000000000E+00 -.20225264431469E+00
 459 0.20265742452408E+02 0.00000000000000E+00 -.19737742199150E+00
 460 0.20766306290983E+02 0.00000000000000E+00 -.19261971503025E+00
 461 0.21279234056370E+02 0.00000000000000E+00 -.18797669076828E+00
 462 0.21804831137562E+02 0.00000000000000E+00 -.18344558482314E+00
 463 0.22343410466660E+02 0.00000000000000E+00 -.17902369944681E+00
 464 0.22895292705186E+02 0.00000000000000E+00 -.17470840191940E+00
 465 0.23460806435005E+02 0.00000000000000E+00 -.17049712298175E+00
 466 0.24040288353949E+02 0.00000000000000E+00 -.16638735530570E+00
 467 0.24634083476292E+02 0.00000000000000E+00 -.16237665200127E+00
 468 0.25242545338156E+02 0.00000000000000E+00 -.15846262515982E+00
 469 0.25866036208009E+02 0.00000000000000E+00 -.15464294443234E+00
 470 0.26504927302346E+02 0.00000000000000E+00 -.15091533564198E+00
 471 0.27159599006714E+02 0.00000000000000E+00 -.14727757943006E+00
 472 0.27830441102180E+02 0.00000000000000E+00 -.14372750993468E+00
 473 0.28517852997404E+02 0.00000000000000E+00 -.14026301350120E+00
 474 0.29222243966440E+02 0.00000000000000E+00 -.13688202742383E+00
 475 0.29944033392411E+02 0.00000000000000E+00 -.13358253871751E+00
 476 0.30683651017203E+02 0.00000000000000E+00 -.13036258291940E+00
 477 0.31441537197328E+02 0.00000000000000E+00 -.12722024291929E+00
 478 0.32218143166102E+02 0.00000000000000E+00 -.12415364781818E+00
 479 0.33013931302305E+02 0.00000000000000E+00 -.12116097181437E+00
 480 0.33829375405472E+02 0.00000000000000E+00 -.11824043311639E+00
 481 0.34664960977987E+02 0.00000000000000E+00 -.11539029288220E+00
 482 0.35521185514143E+02 0.00000000000000E+00 -.11260885418386E+00
 483 0.36398558796343E+02 0.00000000000000E+00 -.10989446099723E+00
 484 0.37297603198612E+02 0.00000000000000E+00 -.10724549721599E+00
 485 0.38218853997618E+02 0.00000000000000E+00 -.10466038568946E+00
 486 0.39162859691359E+02 0.00000000000000E+00 -.10213758728356E+00
 487 0.40130182325736E+02 0.00000000000000E+00 -.99675599964438E-01
 488 0.41121397829182E+02 0.00000000000000E+00 -.97272957904204E-01
 489 0.42137096355562E+02 0.00000000000000E+00 -.94928230608182E-01
 490 0.43177882635545E+02 0.00000000000000E+00 -.92640022063220E-01
 491 0.44244376336643E+02 0.00000000000000E+00 -.90406969906529E-01
 492 0.45337212432158E+02 0.00000000000000E+00 -.88227744614549E-01
 493 0.46457041579232E+02 0.00000000000000E+00 -.86101048711378E-01
 494 0.47604530506239E+02 0.00000000000000E+00 -.84025615996271E-01
 495 0.48780362409743E+02 0.00000000000000E+00 -.82000210789763E-01
 496 0.49985237361264E+02 0.00000000000000E+00 -.80023627197973E-01
 497 0.51219872724087E+02 0.00000000000000E+00 -.78094688394626E-01
 498 0.52485003580372E+02 0.00000000000000E+00 -.76212245920393E-01
 499 0.53781383168807E+02 0.00000000000000E+00 -.74375178999114E-01
 500 0.55109783333077E+02 0.00000000000000E+00 -.72582393870513E-01
 501 0.56470994981404E+02 0.00000000000000E+00 -.70832823138980E-01
 502 0.57865828557444E+02 0.00000000000000E+00 -.69125425138070E-01
 503 0.59295114522813E+02 0.00000000000000E+00 -.67459183310305E-01
 504 0.60759703851527E+02 0.00000000000000E+00 -.65833105601937E-01
 505 0.62260468536660E+02 0.00000000000000E+00 -.64246223872292E-01
 506 0.63798302109515E+02 0.00000000000000E+00 -.62697593317353E-01
 507 0.65374120171620E+02 0.00000000000000E+00 -.61186291907244E-01
 508 0.66988860939859E+02 0.00000000000000E+00 -.59711419837264E-01
 509 0.68643485805074E+02 0.00000000000000E+00 -.58272098992157E-01
 510 0.70338979904459E+02 0.00000000000000E+00 -.56867472423302E-01
 511 0.72076352708099E+02 0.00000000000000E+00 -.55496703838491E-01
 512 0.73856638619989E+02 0.00000000000000E+00 -.54158977104022E-01
 513 0.75680897593903E+02 0.00000000000000E+00 -.52853495758780E-01
 514 0.77550215764472E+02 0.00000000000000E+00 -.51579482540041E-01
 515 0.79465706093855E+02 0.00000000000000E+00 -.50336178920700E-01
