#   525 0.10247000000000E+01 1   2.2921 0.11000000000000E+02
   1 0.21551724137931E-03 0.11099662790819E-07 -.10064725730033E+02
   2 0.22084051724138E-03 0.11654757925957E-07 -.10064725744215E+02
   3 0.22629527801724E-03 0.12237613418762E-07 -.10064725758045E+02
   4 0.23188477138427E-03 0.12849617567220E-07 -.10064725771530E+02
   5 0.23761232523746E-03 0.13492228192522E-07 -.10064725784677E+02
   6 0.24348134967082E-03 0.14166975838572E-07 -.10064725797495E+02
   7 0.24949533900769E-03 0.14875467679990E-07 -.10064725809990E+02
   8 0.25565787388118E-03 0.15619391267457E-07 -.10064725822169E+02
   9 0.26197262336605E-03 0.16400518546051E-07 -.10064725834040E+02
  10 0.26844334716319E-03 0.17220710075997E-07 -.10064725845609E+02
  11 0.27507389783812E-03 0.18081919464318E-07 -.10064725856883E+02
  12 0.28186822311472E-03 0.18986198018115E-07 -.10064725867868E+02
  13 0.28883036822566E-03 0.19935699630559E-07 -.10064725878569E+02
  14 0.29596447832083E-03 0.20932685911230E-07 -.10064725888994E+02
  15 0.30327480093535E-03 0.21979531573024E-07 -.10064725899147E+02
  16 0.31076568851846E-03 0.23078730088460E-07 -.10064725909034E+02
  17 0.31844160102486E-03 0.24232899628864E-07 -.10064725918661E+02
  18 0.32630710857018E-03 0.25444789300568E-07 -.10064725928033E+02
  19 0.33436689415186E-03 0.26717285692978E-07 -.10064725937154E+02
  20 0.34262575643741E-03 0.28053419754123E-07 -.10064725946030E+02
  21 0.35108861262142E-03 0.29456374010038E-07 -.10064725954664E+02
  22 0.35976050135316E-03 0.30929490145198E-07 -.10064725963063E+02
  23 0.36864658573659E-03 0.32476276962049E-07 -.10064725971229E+02
  24 0.37775215640428E-03 0.34100418738591E-07 -.10064725979167E+02
  25 0.38708263466747E-03 0.35805784003928E-07 -.10064725986880E+02
  26 0.39664357574375E-03 0.37596434752687E-07 -.10064725994374E+02
  27 0.40644067206462E-03 0.39476636120246E-07 -.10064726001650E+02
  28 0.41647975666462E-03 0.41450866541823E-07 -.10064726008713E+02
  29 0.42676680665424E-03 0.43523828419624E-07 -.10064726015566E+02
  30 0.43730794677860E-03 0.45700459323451E-07 -.10064726022211E+02
  31 0.44810945306403E-03 0.47985943751461E-07 -.10064726028652E+02
  32 0.45917775655471E-03 0.50385725479076E-07 -.10064726034892E+02
  33 0.47051944714161E-03 0.52905520525464E-07 -.10064726040932E+02
  34 0.48214127748601E-03 0.55551330768479E-07 -.10064726046776E+02
  35 0.49405016703991E-03 0.58329458240480E-07 -.10064726052424E+02
  36 0.50625320616580E-03 0.61246520139086E-07 -.10064726057881E+02
  37 0.51875766035809E-03 0.64309464588630E-07 -.10064726063146E+02
  38 0.53157097456894E-03 0.67525587189830E-07 -.10064726068221E+02
  39 0.54470077764079E-03 0.70902548397121E-07 -.10064726073109E+02
  40 0.55815488684852E-03 0.74448391765028E-07 -.10064726077810E+02
  41 0.57194131255368E-03 0.78171563107036E-07 -.10064726082325E+02
  42 0.58606826297375E-03 0.82080930612607E-07 -.10064726086655E+02
  43 0.60054414906920E-03 0.86185805970242E-07 -.10064726090801E+02
  44 0.61537758955121E-03 0.90495966546915E-07 -.10064726094762E+02
  45 0.63057741601313E-03 0.95021678676702E-07 -.10064726098539E+02
  46 0.64615267818865E-03 0.99773722114071E-07 -.10064726102132E+02
  47 0.66211264933991E-03 0.10476341571010E-06 -.10064726105541E+02
  48 0.67846683177861E-03 0.11000264437273E-06 -.10064726108765E+02
  49 0.69522496252354E-03 0.11550388737538E-06 -.10064726111802E+02
  50 0.71239701909787E-03 0.12128024808114E-06 -.10064726114653E+02
  51 0.72999322546959E-03 0.12734548515366E-06 -.10064726117315E+02
  52 0.74802405813869E-03 0.13371404532872E-06 -.10064726119788E+02
  53 0.76650025237471E-03 0.14040109782484E-06 -.10064726122068E+02
  54 0.78543280860837E-03 0.14742257047467E-06 -.10064726124154E+02
  55 0.80483299898099E-03 0.15479518766344E-06 -.10064726126043E+02
  56 0.82471237405583E-03 0.16253651016454E-06 -.10064726127733E+02
  57 0.84508276969500E-03 0.17066497696748E-06 -.10064726129219E+02
  58 0.86595631410647E-03 0.17919994919747E-06 -.10064726130500E+02
  59 0.88734543506490E-03 0.18816175623164E-06 -.10064726131569E+02
  60 0.90926286731100E-03 0.19757174412133E-06 -.10064726132424E+02
  61 0.93172166013359E-03 0.20745232643610E-06 -.10064726133059E+02
  62 0.95473518513888E-03 0.21782703765049E-06 -.10064726133469E+02
  63 0.97831714421182E-03 0.22872058920052E-06 -.10064726133649E+02
  64 0.10024815776738E-02 0.24015892834371E-06 -.10064726133592E+02
  65 0.10272428726424E-02 0.25216929996265E-06 -.10064726133292E+02
  66 0.10526157715967E-02 0.26478031145935E-06 -.10064726132741E+02
  67 0.10786153811551E-02 0.27802200089504E-06 -.10064726131933E+02
  68 0.11052571810696E-02 0.29192590853753E-06 -.10064726130857E+02
  69 0.11325570334420E-02 0.30652515198678E-06 -.10064726129506E+02
  70 0.11605311921681E-02 0.32185450505748E-06 -.10064726127869E+02
  71 0.11891963126146E-02 0.33795048060648E-06 -.10064726125938E+02
  72 0.12185694615362E-02 0.35485141750255E-06 -.10064726123699E+02
  73 0.12486681272361E-02 0.37259757194542E-06 -.10064726121142E+02
  74 0.12795102299789E-02 0.39123121335173E-06 -.10064726118253E+02
  75 0.13111141326594E-02 0.41079672503627E-06 -.10064726115020E+02
  76 0.13434986517360E-02 0.43134070992827E-06 -.10064726111427E+02
  77 0.13766830684339E-02 0.45291210157459E-06 -.10064726107459E+02
  78 0.14106871402242E-02 0.47556228069421E-06 -.10064726103099E+02
  79 0.14455311125878E-02 0.49934519756157E-06 -.10064726098330E+02
  80 0.14812357310687E-02 0.52431750051043E-06 -.10064726093132E+02
  81 0.15178222536261E-02 0.55053867086413E-06 -.10064726087484E+02
  82 0.15553124632907E-02 0.57807116461374E-06 -.10064726081366E+02
  83 0.15937286811339E-02 0.60698056118162E-06 -.10064726074754E+02
  84 0.16330937795579E-02 0.63733571962464E-06 -.10064726067622E+02
  85 0.16734311959130E-02 0.66920894264911E-06 -.10064726059945E+02
  86 0.17147649464521E-02 0.70267614882818E-06 -.10064726051693E+02
  87 0.17571196406294E-02 0.73781705343184E-06 -.10064726042837E+02
  88 0.18005204957530E-02 0.77471535830025E-06 -.10064726033343E+02
  89 0.18449933519981E-02 0.81345895121272E-06 -.10064726023178E+02
  90 0.18905646877924E-02 0.85414011522709E-06 -.10064726012302E+02
  91 0.19372616355809E-02 0.89685574848827E-06 -.10064726000677E+02
  92 0.19851119979798E-02 0.94170759502947E-06 -.10064725988260E+02
  93 0.20341442643299E-02 0.98880248711576E-06 -.10064725975004E+02
  94 0.20843876276588E-02 0.10382525997074E-05 -.10064725960860E+02
  95 0.21358720020620E-02 0.10901757176488E-05 -.10064725945776E+02
  96 0.21886280405129E-02 0.11446955162197E-05 -.10064725929695E+02
  97 0.22426871531136E-02 0.12019418557171E-05 -.10064725912555E+02
  98 0.22980815257955E-02 0.12620510907685E-05 -.10064725894292E+02
  99 0.23548441394826E-02 0.13251663951150E-05 -.10064725874836E+02
 100 0.24130087897279E-02 0.13914381026361E-05 -.10064725854110E+02
 101 0.24726101068341E-02 0.14610240654294E-05 -.10064725832034E+02
 102 0.25336835764729E-02 0.15340900297983E-05 -.10064725808521E+02
 103 0.25962655608118E-02 0.16108100310426E-05 -.10064725783475E+02
 104 0.26603933201639E-02 0.16913668079928E-05 -.10064725756796E+02
 105 0.27261050351719E-02 0.17759522382756E-05 -.10064725728375E+02
 106 0.27934398295407E-02 0.18647677953464E-05 -.10064725698093E+02
 107 0.28624377933303E-02 0.19580250283792E-05 -.10064725665824E+02
 108 0.29331400068256E-02 0.20559460661553E-05 -.10064725631430E+02
 109 0.30055885649942E-02 0.21587641461515E-05 -.10064725594763E+02
 110 0.30798266025495E-02 0.22667241700889E-05 -.10064725555663E+02
 111 0.31558983196325E-02 0.23800832872641E-05 -.10064725513956E+02
 112 0.32338490081274E-02 0.24991115070534E-05 -.10064725469455E+02
 113 0.33137250786282E-02 0.26240923420488E-05 -.10064725421957E+02
 114 0.33955740880703E-02 0.27553234833567E-05 -.10064725371243E+02
 115 0.34794447680456E-02 0.28931175096696E-05 -.10064725317074E+02
 116 0.35653870538163E-02 0.30378026317980E-05 -.10064725259192E+02
 117 0.36534521140456E-02 0.31897234744369E-05 -.10064725197317E+02
 118 0.37436923812625E-02 0.33492418970289E-05 -.10064725131144E+02
 119 0.38361615830797E-02 0.35167378556792E-05 -.10064725060345E+02
 120 0.39309147741818E-02 0.36926103081748E-05 -.10064724984560E+02
 121 0.40280083691041E-02 0.38772781642647E-05 -.10064724903400E+02
 122 0.41275001758209E-02 0.40711812834643E-05 -.10064724816441E+02
 123 0.42294494301637E-02 0.42747815227599E-05 -.10064724723221E+02
 124 0.43339168310888E-02 0.44885638367100E-05 -.10064724623240E+02
 125 0.44409645768167E-02 0.47130374325634E-05 -.10064724515950E+02
 126 0.45506564018640E-02 0.49487369831451E-05 -.10064724400757E+02
 127 0.46630576149901E-02 0.51962239003995E-05 -.10064724277011E+02
 128 0.47782351380803E-02 0.54560876726249E-05 -.10064724144006E+02
 129 0.48962575459909E-02 0.57289472685837E-05 -.10064724000970E+02
 130 0.50171951073769E-02 0.60154526118326E-05 -.10064723847061E+02
 131 0.51411198265291E-02 0.63162861287865E-05 -.10064723681360E+02
 132 0.52681054862444E-02 0.66321643742014E-05 -.10064723502864E+02
 133 0.53982276917546E-02 0.69638397379491E-05 -.10064723310476E+02
 134 0.55315639157409E-02 0.73121022371499E-05 -.10064723102999E+02
 135 0.56681935444597E-02 0.76777813979308E-05 -.10064722879123E+02
 136 0.58081979250079E-02 0.80617482312928E-05 -.10064722637415E+02
 137 0.59516604137556E-02 0.84649173077930E-05 -.10064722376310E+02
 138 0.60986664259753E-02 0.88882489359839E-05 -.10064722094093E+02
 139 0.62493034866969E-02 0.93327514497990E-05 -.10064721788888E+02
 140 0.64036612828183E-02 0.97994836103328E-05 -.10064721458641E+02
 141 0.65618317165040E-02 0.10289557127737E-04 -.10064721101102E+02
 142 0.67239089599016E-02 0.10804139309242E-04 -.10064720713806E+02
 143 0.68899895112112E-02 0.11344455839602E-04 -.10064720294053E+02
 144 0.70601722521381E-02 0.11911793700607E-04 -.10064719838884E+02
 145 0.72345585067659E-02 0.12507504236591E-04 -.10064719345052E+02
 146 0.74132521018830E-02 0.13133006373259E-04 -.10064718809000E+02
 147 0.75963594287995E-02 0.13789789997486E-04 -.10064718226824E+02
 148 0.77839895066909E-02 0.14479419506157E-04 -.10064717594244E+02
 149 0.79762540475061E-02 0.15203537532475E-04 -.10064716906561E+02
 150 0.81732675224795E-02 0.15963868858643E-04 -.10064716158620E+02
 151 0.83751472302848E-02 0.16762224524217E-04 -.10064715344759E+02
 152 0.85820133668728E-02 0.17600506139930E-04 -.10064714458766E+02
 153 0.87939890970346E-02 0.18480710417259E-04 -.10064713493818E+02
 154 0.90112006277313E-02 0.19404933924528E-04 -.10064712442420E+02
 155 0.92337772832363E-02 0.20375378080869E-04 -.10064711296341E+02
 156 0.94618515821322E-02 0.21394354399948E-04 -.10064710046538E+02
 157 0.96955593162109E-02 0.22464289995944E-04 -.10064708683074E+02
 158 0.99350396313213E-02 0.23587733364888E-04 -.10064707195030E+02
 159 0.10180435110215E-01 0.24767360455158E-04 -.10064705570406E+02
 160 0.10431891857437E-01 0.26005981041560E-04 -.10064703796009E+02
 161 0.10689559586316E-01 0.27306545418211E-04 -.10064701857340E+02
 162 0.10953591708098E-01 0.28672151426148E-04 -.10064699738453E+02
 163 0.11224145423288E-01 0.30106051832409E-04 -.10064697421818E+02
 164 0.11501381815243E-01 0.31611662078175E-04 -.10064694888158E+02
 165 0.11785465946080E-01 0.33192568414417E-04 -.10064692116270E+02
 166 0.12076566954948E-01 0.34852536444450E-04 -.10064689082836E+02
 167 0.12374858158735E-01 0.36595520093722E-04 -.10064685762207E+02
 168 0.12680517155256E-01 0.38425671028229E-04 -.10064682126168E+02
 169 0.12993725928991E-01 0.40347348543987E-04 -.10064678143680E+02
 170 0.13314670959437E-01 0.42365129951116E-04 -.10064673780596E+02
 171 0.13643543332135E-01 0.44483821477298E-04 -.10064668999343E+02
 172 0.13980538852439E-01 0.46708469716554E-04 -.10064663758584E+02
 173 0.14325858162094E-01 0.49044373650655E-04 -.10064658012832E+02
 174 0.14679706858697E-01 0.51497097271781E-04 -.10064651712037E+02
 175 0.15042295618107E-01 0.54072482836519E-04 -.10064644801122E+02
 176 0.15413840319875E-01 0.56776664782778E-04 -.10064637219479E+02
 177 0.15794562175775E-01 0.59616084342778E-04 -.10064628900414E+02
 178 0.16184687861517E-01 0.62597504886938E-04 -.10064619770532E+02
 179 0.16584449651697E-01 0.65728028035221E-04 -.10064609749066E+02
 180 0.16994085558093E-01 0.69015110574334E-04 -.10064598747136E+02
 181 0.17413839471378E-01 0.72466582221090E-04 -.10064586666936E+02
 182 0.17843961306321E-01 0.76090664274265E-04 -.10064573400840E+02
 183 0.18284707150588E-01 0.79895989199400E-04 -.10064558830420E+02
 184 0.18736339417207E-01 0.83891621193219E-04 -.10064542825369E+02
 185 0.19199127000812E-01 0.88087077776674E-04 -.10064525242313E+02
 186 0.19673345437732E-01 0.92492352468081E-04 -.10064505923517E+02
 187 0.20159277070044E-01 0.97117938590372E-04 -.10064484695453E+02
 188 0.20657211213674E-01 0.10197485426923E-03 -.10064461367241E+02
 189 0.21167444330652E-01 0.10707466868167E-03 -.10064435728934E+02
 190 0.21690280205619E-01 0.11242952961762E-03 -.10064407549640E+02
 191 0.22226030126698E-01 0.11805219242025E-03 -.10064376575467E+02
 192 0.22775013070827E-01 0.12395605037394E-03 -.10064342527276E+02
 193 0.23337555893677E-01 0.13015516661248E-03 -.10064305098220E+02
 194 0.23913993524251E-01 0.13666430762337E-03 -.10064263951063E+02
 195 0.24504669164300E-01 0.14349897842831E-03 -.10064218715243E+02
 196 0.25109934492658E-01 0.15067545952351E-03 -.10064168983684E+02
 197 0.25730149874626E-01 0.15821084566817E-03 -.10064114309311E+02
 198 0.26365684576530E-01 0.16612308661340E-03 -.10064054201266E+02
 199 0.27016916985570E-01 0.17443102986876E-03 -.10063988120797E+02
 200 0.27684234835113E-01 0.18315446560848E-03 -.10063915476798E+02
 201 0.28368035435541E-01 0.19231417382432E-03 -.10063835620979E+02
 202 0.29068725910799E-01 0.20193197383761E-03 -.10063747842647E+02
 203 0.29786723440795E-01 0.21203077628859E-03 -.10063651363076E+02
 204 0.30522455509783E-01 0.22263463772688E-03 -.10063545329448E+02
 205 0.31276360160875E-01 0.23376881793358E-03 -.10063428808351E+02
 206 0.32048886256848E-01 0.24545984011144E-03 -.10063300778819E+02
 207 0.32840493747392E-01 0.25773555408694E-03 -.10063160124909E+02
 208 0.33651653942953E-01 0.27062520267493E-03 -.10063005627807E+02
 209 0.34482849795344E-01 0.28415949136423E-03 -.10062835957476E+02
 210 0.35334576185289E-01 0.29837066149052E-03 -.10062649663852E+02
 211 0.36207340217066E-01 0.31329256707108E-03 -.10062445167615E+02
 212 0.37101661520427E-01 0.32896075548477E-03 -.10062220750580E+02
 213 0.38018072559982E-01 0.34541255218997E-03 -.10061974545746E+02
 214 0.38957118952213E-01 0.36268714968251E-03 -.10061704527089E+02
 215 0.39919359790333E-01 0.38082570090613E-03 -.10061408499175E+02
 216 0.40905367977154E-01 0.39987141733853E-03 -.10061084086725E+02
 217 0.41915730566190E-01 0.41986967198712E-03 -.10060728724248E+02
 218 0.42951049111175E-01 0.44086810754060E-03 -.10060339645928E+02
 219 0.44011940024221E-01 0.46291674993469E-03 -.10059913875951E+02
 220 0.45099034942819E-01 0.48606812760323E-03 -.10059448219493E+02
 221 0.46212981105907E-01 0.51037739669978E-03 -.10058939254623E+02
 222 0.47354441739222E-01 0.53590247258881E-03 -.10058383325411E+02
 223 0.48524096450181E-01 0.56270416792084E-03 -.10057776536532E+02
 224 0.49722641632501E-01 0.59084633762170E-03 -.10057114749689E+02
 225 0.50950790880823E-01 0.62039603114241E-03 -.10056393582197E+02
 226 0.52209275415580E-01 0.65142365233400E-03 -.10055608408048E+02
 227 0.53498844518345E-01 0.68400312732953E-03 -.10054754361781E+02
 228 0.54820265977948E-01 0.71821208083510E-03 -.10053826345437E+02
 229 0.56174326547603E-01 0.75413202125161E-03 -.10052819038850E+02
 230 0.57561832413329E-01 0.79184853507052E-03 -.10051726913437E+02
 231 0.58983609673938E-01 0.83145149100887E-03 -.10050544249570E+02
 232 0.60440504832884E-01 0.87303525437262E-03 -.10049265157524E+02
 233 0.61933385302257E-01 0.91669891216163E-03 -.10047883601837E+02
 234 0.63463139919222E-01 0.96254650945578E-03 -.10046393428826E+02
 235 0.65030679475227E-01 0.10106872976488E-02 -.10044788396815E+02
 236 0.66636937258265E-01 0.10612359951248E-02 -.10043062208540E+02
 237 0.68282869608544E-01 0.11143130610034E-02 -.10041208545024E+02
 238 0.69969456487875E-01 0.11700449826085E-02 -.10039221100129E+02
 239 0.71697702063126E-01 0.12285645773534E-02 -.10037093614915E+02
 240 0.73468635304085E-01 0.12900113097643E-02 -.10034819910868E+02
 241 0.75283310596096E-01 0.13545316244050E-02 -.10032393921078E+02
 242 0.77142808367820E-01 0.14222792955035E-02 -.10029809718501E+02
 243 0.79048235734505E-01 0.14934157941188E-02 -.10027061540489E+02
 244 0.81000727157147E-01 0.15681106737329E-02 -.10024143808957E+02
 245 0.83001445117928E-01 0.16465419751957E-02 -.10021051145664E+02
 246 0.85051580812341E-01 0.17288966519957E-02 -.10017778382332E+02
 247 0.87152354858406E-01 0.18153710168833E-02 -.10014320565465E+02
 248 0.89305018023409E-01 0.19061712109217E-02 -.10010672955979E+02
 249 0.91510851968587E-01 0.20015136960958E-02 -.10006831023910E+02
 250 0.93771170012211E-01 0.21016257726697E-02 -.10002790438635E+02
 251 0.96087317911513E-01 0.22067461225392E-02 -.99985470551771E+01
 252 0.98460674663927E-01 0.23171253798946E-02 -.99940968972484E+01
 253 0.10089265332813E+00 0.24330267305707E-02 -.99894361377591E+01
 254 0.10338470186533E+00 0.25547265415357E-02 -.99845610775222E+01
 255 0.10593830400140E+00 0.26825150220431E-02 -.99794681228836E+01
 256 0.10855498011024E+00 0.28166969180464E-02 -.99741537629637E+01
 257 0.11123628811896E+00 0.29575922415629E-02 -.99686145471348E+01
 258 0.11398382443550E+00 0.31055370367552E-02 -.99628470632819E+01
 259 0.11679922489906E+00 0.32608841845908E-02 -.99568479173127E+01
 260 0.11968416575406E+00 0.34240042480373E-02 -.99506137142914E+01
 261 0.12264036464819E+00 0.35952863598494E-02 -.99441410414884E+01
 262 0.12566958165500E+00 0.37751391551092E-02 -.99374264535552E+01
 263 0.12877362032188E+00 0.39639917507953E-02 -.99304664599643E+01
 264 0.13195432874383E+00 0.41622947747703E-02 -.99232575147882E+01
 265 0.13521360066380E+00 0.43705214467021E-02 -.99157960088409E+01
 266 0.13855337660020E+00 0.45891687135625E-02 -.99080782641606E+01
 267 0.14197564500222E+00 0.48187584424842E-02 -.99001005307802E+01
 268 0.14548244343378E+00 0.50598386739019E-02 -.98918589857045E+01
 269 0.14907585978659E+00 0.53129849380532E-02 -.98833497339957E+01
 270 0.15275803352332E+00 0.55788016380755E-02 -.98745688118564E+01
 271 0.15653115695135E+00 0.58579235031042E-02 -.98655121915872E+01
 272 0.16039747652804E+00 0.61510171149519E-02 -.98561757882940E+01
 273 0.16435929419829E+00 0.64587825121378E-02 -.98465554682138E+01
 274 0.16841896876498E+00 0.67819548752287E-02 -.98366470585243E+01
 275 0.17257891729348E+00 0.71213062976650E-02 -.98264463584984E+01
 276 0.17684161655063E+00 0.74776476464559E-02 -.98159491518612E+01
 277 0.18120960447943E+00 0.78518305173619E-02 -.98051512201976E+01
 278 0.18568548171007E+00 0.82447492894222E-02 -.97940483572493E+01
 279 0.19027191310831E+00 0.86573432839341E-02 -.97826363839281E+01
 280 0.19497162936208E+00 0.90905990332641E-02 -.97709111638519E+01
 281 0.19978742860733E+00 0.95455526651436E-02 -.97588686191929E+01
 282 0.20472217809393E+00 0.10023292408400E-01 -.97465047465967E+01
 283 0.20977881589285E+00 0.10524961226382E-01 -.97338156329022E+01
 284 0.21496035264540E+00 0.11051759584654E-01 -.97207974703566E+01
 285 0.22026987335574E+00 0.11604948359894E-01 -.97074465709736E+01
 286 0.22571053922763E+00 0.12185851897247E-01 -.96937593796394E+01
 287 0.23128558954655E+00 0.12795861223802E-01 -.96797324855138E+01
 288 0.23699834360835E+00 0.13436437426205E-01 -.96653626312171E+01
 289 0.24285220269548E+00 0.14109115200848E-01 -.96506467192237E+01
 290 0.24885065210206E+00 0.14815506585495E-01 -.96355818148200E+01
 291 0.25499726320898E+00 0.15557304881603E-01 -.96201651449011E+01
 292 0.26129569561024E+00 0.16336288777096E-01 -.96043940918098E+01
 293 0.26774969929181E+00 0.17154326679755E-01 -.95882661813344E+01
 294 0.27436311686432E+00 0.18013381271896E-01 -.95717790639062E+01
 295 0.28113988585087E+00 0.18915514297464E-01 -.95549304879520E+01
 296 0.28808404103139E+00 0.19862891593144E-01 -.95377182642878E+01
 297 0.29519971684486E+00 0.20857788375587E-01 -.95201328991499E+01
 298 0.30249114985093E+00 0.21902594797303E-01 -.95021194882631E+01
 299 0.30996268125225E+00 0.22999821784232E-01 -.94837319768757E+01
 300 0.31761875947918E+00 0.24152107168428E-01 -.94649680509496E+01
 301 0.32546394283831E+00 0.25362222129688E-01 -.94458251138601E+01
 302 0.33350290222642E+00 0.26633077960280E-01 -.94263001715256E+01
 303 0.34174042391141E+00 0.27967733167215E-01 -.94063897000097E+01
 304 0.35018141238202E+00 0.29369400926624E-01 -.93860894946543E+01
 305 0.35883089326786E+00 0.30841456904906E-01 -.93653945000375E+01
 306 0.36769401633158E+00 0.32387447461140E-01 -.93442986203752E+01
 307 0.37677605853497E+00 0.34011098244966E-01 -.93227945104054E+01
 308 0.38608242718078E+00 0.35716323203550E-01 -.93008733473230E+01
 309 0.39561866313214E+00 0.37507234010348E-01 -.92785245849914E+01
 310 0.40539044411151E+00 0.39388149927130E-01 -.92557356924467E+01
 311 0.41540358808106E+00 0.41363608108901E-01 -.92324918796448E+01
 312 0.42566405670667E+00 0.43438374359053E-01 -.92087758144923E+01
 313 0.43617795890732E+00 0.45617454338928E-01 -.91845673364383E+01
 314 0.44695155449233E+00 0.47906105232059E-01 -.91598431732913E+01
 315 0.45799125788829E+00 0.50309847858271E-01 -.91345766694398E+01
 316 0.46930364195813E+00 0.52834479226493E-01 -.91087375352769E+01
 317 0.48089544191450E+00 0.55486085507253E-01 -.90822916293105E+01
 318 0.49277355932979E+00 0.58271055396033E-01 -.90552007861340E+01
 319 0.50494506624523E+00 0.61196093826648E-01 -.90274227050506E+01
 320 0.51741720938149E+00 0.64268235979113E-01 -.89989109156043E+01
 321 0.53019741445321E+00 0.67494861508543E-01 -.89696148374400E+01
 322 0.54329329059021E+00 0.70883708899940E-01 -.89394799526672E+01
 323 0.55671263486778E+00 0.74442889827507E-01 -.89084481090676E+01
 324 0.57046343694902E+00 0.78180903365579E-01 -.88764579718920E+01
 325 0.58455388384166E+00 0.82106649860523E-01 -.88434456404517E+01
 326 0.59899236477255E+00 0.86229444227788E-01 -.88093454430329E+01
 327 0.61378747618243E+00 0.90559028384634E-01 -.87740909196817E+01
 328 0.62894802684414E+00 0.95105582465409E-01 -.87376159969673E+01
 329 0.64448304310719E+00 0.99879734391074E-01 -.86998563518459E+01
 330 0.66040177427193E+00 0.10489256727625E+00 -.86607509531951E+01
 331 0.67671369809645E+00 0.11015562405349E+00 -.86202437595344E+01
 332 0.69342852643943E+00 0.11568090857365E+00 -.85782855401042E+01
 333 0.71055621104249E+00 0.12148088230118E+00 -.85348357741749E+01
 334 0.72810694945524E+00 0.12756845556126E+00 -.84898645707008E+01
 335 0.74609119110678E+00 0.13395697211054E+00 -.84433545378840E+01
 336 0.76451964352712E+00 0.14066018559162E+00 -.83953025206782E+01
 337 0.78340327872224E+00 0.14769222619324E+00 -.83457211146805E+01
 338 0.80275333970668E+00 0.15506755557086E+00 -.82946398582275E+01
 339 0.82258134719743E+00 0.16280090778697E+00 -.82421060018360E+01
 340 0.84289910647321E+00 0.17090721370777E+00 -.81881847563132E+01
 341 0.86371871440310E+00 0.17940150594658E+00 -.81329589286111E+01
 342 0.88505256664885E+00 0.18829880108031E+00 -.80765278682126E+01
 343 0.90691336504508E+00 0.19761395549331E+00 -.80190056664941E+01
 344 0.92931412516169E+00 0.20736149083798E+00 -.79605185766151E+01
 345 0.95226818405319E+00 0.21755538476355E+00 -.79012016510378E+01
 346 0.97578920819930E+00 0.22820882228299E+00 -.78411946262964E+01
 347 0.99989120164182E+00 0.23933390295980E+00 -.77806371182817E+01
 348 0.10245885143224E+01 0.25094129905183E+00 -.77196632240586E+01
 349 0.10498958506261E+01 0.26303985990913E+00 -.76583956561312E+01
 350 0.10758282781366E+01 0.27563615836575E+00 -.75969395604988E+01
 351 0.11024012366066E+01 0.28873397568167E+00 -.75353761898046E+01
 352 0.11296305471508E+01 0.30233372289081E+00 -.74737566171851E+01
 353 0.11575324216654E+01 0.31643179831391E+00 -.74120956858605E+01
 354 0.11861234724805E+01 0.33101988363341E+00 -.73503663956799E+01
 355 0.12154207222508E+01 0.34608418443199E+00 -.72884949330313E+01
 356 0.12454416140904E+01 0.36160462558865E+00 -.72263565571939E+01
 357 0.12762040219584E+01 0.37755401749522E+00 -.71637725664639E+01
 358 0.13077262613008E+01 0.39389721573433E+00 -.71003925617693E+01
 359 0.13400270999549E+01 0.41059030458851E+00 -.70360654132567E+01
 360 0.13731257693238E+01 0.42757984333547E+00 -.69704380148299E+01
 361 0.14070419758261E+01 0.44480222334795E+00 -.69031166570087E+01
 362 0.14417959126290E+01 0.46218319294588E+00 -.68336634462436E+01
 363 0.14774082716709E+01 0.47963761484302E+00 -.67616054422138E+01
 364 0.15139002559812E+01 0.49706952667285E+00 -.66864469271112E+01
 365 0.15512935923039E+01 0.51437257692774E+00 -.66076850951258E+01
 366 0.15896105440339E+01 0.53143090487726E+00 -.65248293912188E+01
 367 0.16288739244715E+01 0.54812052165780E+00 -.64374246256142E+01
 368 0.16691071104059E+01 0.56431122878987E+00 -.63450778216361E+01
 369 0.17103340560330E+01 0.57986907827507E+00 -.62474884887741E+01
 370 0.17525793072170E+01 0.59465933431061E+00 -.61444816153870E+01
 371 0.17958680161052E+01 0.60854984099080E+00 -.60360421148094E+01
 372 0.18402259561030E+01 0.62141463548289E+00 -.59223487128879E+01
 373 0.18856795372188E+01 0.63313757693087E+00 -.58038043199763E+01
 374 0.19322558217881E+01 0.64361569574584E+00 -.56810587630352E+01
 375 0.19799825405863E+01 0.65276191771465E+00 -.55550182967598E+01
 376 0.20288881093387E+01 0.66050679862751E+00 -.54268344075995E+01
 377 0.20790016456394E+01 0.66679893934688E+00 -.52978617770032E+01
 378 0.21303529862867E+01 0.67160386675105E+00 -.51695712636522E+01
 379 0.21829727050480E+01 0.67490140062626E+00 -.50433938812943E+01
 380 0.22368921308627E+01 0.67668193177922E+00 -.49204583996262E+01
 381 0.22921433664950E+01 0.67694268288553E+00 -.48011861552843E+01
 382 0.23487593076474E+01 0.67568577487443E+00 -.46850613959002E+01
 383 0.24067736625463E+01 0.67291922080536E+00 -.45718084139392E+01
 384 0.24662209720112E+01 0.66865854278060E+00 -.44613461938951E+01
 385 0.25271366300198E+01 0.66292664577895E+00 -.43535972529208E+01
 386 0.25895569047813E+01 0.65575386105413E+00 -.42484874096353E+01
 387 0.26535189603294E+01 0.64717801854340E+00 -.41459455599448E+01
 388 0.27190608786496E+01 0.63724438850743E+00 -.40459034619922E+01
 389 0.27862216823522E+01 0.62600556423659E+00 -.39482955320795E+01
 390 0.28550413579063E+01 0.61352126939191E+00 -.38530586530269E+01
 391 0.29255608794466E+01 0.59985808850720E+00 -.37601319960060E+01
 392 0.29978222331689E+01 0.58508911930817E+00 -.36694568564498E+01
 393 0.30718684423282E+01 0.56929354670056E+00 -.35809765042271E+01
 394 0.31477435928537E+01 0.55255613967492E+00 -.34946360479030E+01
 395 0.32254928595972E+01 0.53496667383053E+00 -.34103823125971E+01
 396 0.33051625332293E+01 0.51661928372199E+00 -.33281637307160E+01
 397 0.33868000478000E+01 0.49761175074706E+00 -.32479302446529E+01
 398 0.34704540089807E+01 0.47804473378242E+00 -.31696332204424E+01
 399 0.35561742230025E+01 0.45802095054262E+00 -.30932253712965E+01
 400 0.36440117263107E+01 0.43764432392462E+00 -.30186606899366E+01
 401 0.37340188159505E+01 0.41701909377645E+00 -.29458943886652E+01
 402 0.38262490807045E+01 0.39624891880047E+00 -.28748828461717E+01
 403 0.39207574329979E+01 0.37543597420287E+00 -.28055835601417E+01
 404 0.40176001415930E+01 0.35468006005200E+00 -.27379551048248E+01
 405 0.41168348650903E+01 0.33407773390469E+00 -.26719570928072E+01
 406 0.42185206862580E+01 0.31372148117673E+00 -.26075501403266E+01
 407 0.43227181472086E+01 0.29369893633951E+00 -.25446958355606E+01
 408 0.44294892854447E+01 0.27409216732008E+00 -.24833567093987E+01
 409 0.45388976707951E+01 0.25497703447488E+00 -.24234962082904E+01
 410 0.46510084432638E+01 0.23642263421643E+00 -.23650786688276E+01
 411 0.47658883518124E+01 0.21849083582599E+00 -.23080692937816E+01
 412 0.48836057941022E+01 0.20123591821920E+00 -.22524341293670E+01
 413 0.50042308572165E+01 0.18470431149106E+00 -.21981400435488E+01
 414 0.51278353593897E+01 0.16893444600168E+00 -.21451547052451E+01
 415 0.52544928927667E+01 0.15395670962909E+00 -.20934465643110E+01
 416 0.53842788672180E+01 0.13979351166991E+00 -.20429848322095E+01
 417 0.55172705552383E+01 0.12645944976884E+00 -.19937394632988E+01
 418 0.56535471379527E+01 0.11396157426336E+00 -.19456811366787E+01
 419 0.57931897522601E+01 0.10229974249310E+00 -.18987812385521E+01
 420 0.59362815391409E+01 0.91467053993375E-01 -.18530118450649E+01
 421 0.60829076931577E+01 0.81450356112167E-01 -.18083457055991E+01
 422 0.62331555131787E+01 0.72230808491077E-01 -.17647562264927E+01
 423 0.63871144543542E+01 0.63784494060364E-01 -.17222174551713E+01
 424 0.65448761813768E+01 0.56083063728390E-01 -.16807040646730E+01
 425 0.67065346230568E+01 0.49094401801840E-01 -.16401913385545E+01
 426 0.68721860282463E+01 0.42783299348213E-01 -.16006551561663E+01
 427 0.70419290231440E+01 0.37112123190482E-01 -.15620719782860E+01
 428 0.72158646700156E+01 0.32041468980468E-01 -.15244188330996E+01
 429 0.73940965273650E+01 0.27530787799758E-01 -.14876733025226E+01
 430 0.75767307115909E+01 0.23538976945903E-01 -.14518135088516E+01
 431 0.77638759601672E+01 0.20024926933432E-01 -.14168181017375E+01
 432 0.79556436963833E+01 0.16948018227130E-01 -.13826662454737E+01
 433 0.81521480956840E+01 0.14268562780989E-01 -.13493376065906E+01
 434 0.83535061536474E+01 0.11948187032658E-01 -.13168123417492E+01
 435 0.85598377556425E+01 0.99501545542589E-02 -.12850710859268E+01
 436 0.87712657482069E+01 0.82396280439806E-02 -.12540949408868E+01
 437 0.89879160121876E+01 0.67838717211319E-02 -.12238654639278E+01
 438 0.92099175376886E+01 0.55523964283272E-02 -.11943646569023E+01
 439 0.94374025008695E+01 0.45170508224799E-02 -.11655749555014E+01
 440 0.96705063426410E+01 0.36520629324190E-02 -.11374792187971E+01
 441 0.99093678493042E+01 0.29340370633808E-02 -.11100607190369E+01
 442 0.10154129235182E+02 0.23419115325724E-02 -.10833031316843E+01
 443 0.10404936227291E+02 0.18568830273801E-02 -.10571905256995E+01
 444 0.10661938152105E+02 0.14623034968249E-02 -.10317073540544E+01
 445 0.10925288024462E+02 0.11435554313355E-02 -.10068384444758E+01
 446 0.11195142638666E+02 0.88791117433831E-03 -.98256899041265E+00
 447 0.11471662661841E+02 0.68438156382920E-03 -.95888454221982E+00
 448 0.11755012729589E+02 0.52355874792722E-03 -.93577099855550E+00
 449 0.12045361544010E+02 0.39745748189136E-03 -.91321459798527E+00
 450 0.12342881974147E+02 0.29935862208458E-03 -.89120191078878E+00
 451 0.12647751158908E+02 0.22365791107920E-03 -.86971983096397E+00
 452 0.12960150612533E+02 0.16572252202110E-03 -.84875556842390E+00
 453 0.13280266332663E+02 0.12175722146939E-03 -.82829664138177E+00
 454 0.13608288911080E+02 0.88681436950584E-04 -.80833086891946E+00
 455 0.13944413647183E+02 0.64017993456868E-04 -.78884636373520E+00
 456 0.14288840664269E+02 0.45793823165856E-04 -.76983152506607E+00
 457 0.14641775028676E+02 0.32452561850610E-04 -.75127503178108E+00
 458 0.15003426871884E+02 0.22778627025782E-04 -.73316583564075E+00
 459 0.15374011515620E+02 0.15832126599752E-04 -.71549315471919E+00
 460 0.15753749600056E+02 0.10893769374652E-04 -.69824646698467E+00
 461 0.16142867215177E+02 0.74188345179198E-05 -.68141550403500E+00
 462 0.16541596035392E+02 0.49991985924072E-05 -.66499024498390E+00
 463 0.16950173457466E+02 0.33324072909389E-05 -.64896091049468E+00
 464 0.17368842741866E+02 0.21968055591694E-05 -.63331795695782E+00
 465 0.17797853157590E+02 0.14317952115878E-05 -.61805207080884E+00
 466 0.18237460130582E+02 0.92236486850999E-06 -.60315416298316E+00
 467 0.18687925395807E+02 0.58712533398060E-06 -.58861536350460E+00
 468 0.19149517153084E+02 0.36917775053790E-06 -.57442701620435E+00
 469 0.19622510226765E+02 0.22923657997161E-06 -.56058067356724E+00
 470 0.20107186229366E+02 0.14052049001014E-06 -.54706809170220E+00
 471 0.20603833729232E+02 0.85008590541792E-07 -.53388122543398E+00
 472 0.21112748422344E+02 0.50735254791489E-07 -.52101222351320E+00
 473 0.21634233308375E+02 0.29863000100550E-07 -.50845342394184E+00
 474 0.22168598871092E+02 0.17329355281592E-07 -.49619734941138E+00
 475 0.22716163263208E+02 0.99106374116831E-08 -.48423670285096E+00
 476 0.23277252495810E+02 0.55838237606958E-08 -.47256436308281E+00
 477 0.23852200632456E+02 0.30981984568431E-08 -.46117338058243E+00
 478 0.24441349988078E+02 0.16922568937700E-08 -.45005697334091E+00
 479 0.25045051332783E+02 0.90955817681630E-09 -.43920852282708E+00
 480 0.25663664100703E+02 0.48086676170863E-09 -.42862157004692E+00
 481 0.26297556603990E+02 0.24995813693489E-09 -.41828981169798E+00
 482 0.26947106252109E+02 0.12769422356523E-09 -.40820709641649E+00
 483 0.27612699776536E+02 0.64083287318006E-10 -.39836742111495E+00
 484 0.28294733461016E+02 0.31578442672950E-10 -.38876492740797E+00
 485 0.28993613377503E+02 0.15272370088914E-10 -.37939389812430E+00
 486 0.29709755627928E+02 0.72457572992518E-11 -.37024875390290E+00
 487 0.30443586591938E+02 0.33706120790793E-11 -.36132404987109E+00
 488 0.31195543180758E+02 0.15366023493609E-11 -.35261447240274E+00
 489 0.31966073097323E+02 0.68614499116345E-12 -.34411483595466E+00
 490 0.32755635102827E+02 0.29994362042442E-12 -.33582007997917E+00
 491 0.33564699289867E+02 0.12829030490239E-12 -.32772526591117E+00
 492 0.34393747362327E+02 0.53657816073983E-13 -.31982557422774E+00
 493 0.35243272922176E+02 0.21933336666112E-13 -.31211630157875E+00
 494 0.36113781763354E+02 0.87568829009565E-14 -.30459285798648E+00
 495 0.37005792172909E+02 0.34127215211396E-14 -.29725076411289E+00
 496 0.37919835239580E+02 0.12974319337362E-14 -.29008564859265E+00
 497 0.38856455169997E+02 0.48086052213576E-15 -.28309324543052E+00
 498 0.39816209612696E+02 0.17362615088767E-15 -.27626939146142E+00
 499 0.40799669990130E+02 0.61034500619019E-16 -.26961002387179E+00
 500 0.41807421838886E+02 0.20873472575642E-16 -.26311117778061E+00
 501 0.42840065158306E+02 0.69400008537161E-17 -.25676898387880E+00
 502 0.43898214767716E+02 0.22415518973266E-17 -.25057966612550E+00
 503 0.44982500672479E+02 0.70279752959571E-18 -.24453953949986E+00
 504 0.46093568439089E+02 0.21373361601069E-18 -.23864500780702E+00
 505 0.47232079579535E+02 0.62994096013234E-19 -.23289256153706E+00
 506 0.48398711945149E+02 0.17982228577095E-19 -.22727877577540E+00
 507 0.49594160130195E+02 0.49561155885311E-20 -.22180030816376E+00
 508 0.50819135885410E+02 0.13092887833621E-20 -.21645389691008E+00
 509 0.52074368541780E+02 0.00000000000000E+00 -.21123635884657E+00
 510 0.53360605444762E+02 0.00000000000000E+00 -.20614458753447E+00
 511 0.54678612399248E+02 0.00000000000000E+00 -.20117555141453E+00
 512 0.56029174125509E+02 0.00000000000000E+00 -.19632629200208E+00
 513 0.57413094726409E+02 0.00000000000000E+00 -.19159392212558E+00
 514 0.58831198166151E+02 0.00000000000000E+00 -.18697562420765E+00
 515 0.60284328760855E+02 0.00000000000000E+00 -.18246864858754E+00
 516 0.61773351681248E+02 0.00000000000000E+00 -.17807031188400E+00
 517 0.63299153467775E+02 0.00000000000000E+00 -.17377799539768E+00
 518 0.64862642558429E+02 0.00000000000000E+00 -.16958914355195E+00
 519 0.66464749829622E+02 0.00000000000000E+00 -.16550126237137E+00
 520 0.68106429150414E+02 0.00000000000000E+00 -.16151191799685E+00
 521 0.69788657950429E+02 0.00000000000000E+00 -.15761873523651E+00
 522 0.71512437801805E+02 0.00000000000000E+00 -.15381939615157E+00
 523 0.73278795015510E+02 0.00000000000000E+00 -.15011163867626E+00
 524 0.75088781252393E+02 0.00000000000000E+00 -.14649325527107E+00
 525 0.76943474149327E+02 0.00000000000000E+00 -.14296209160834E+00
