#   515 0.10247000000000E+01 0   2.6100 0.40000000000000E+01
   1 0.28409090909091E-03 0.26308036818284E-04 -.95712411082173E+00
   2 0.29110795454545E-03 0.26957845327695E-04 -.95712413724067E+00
   3 0.29829832102273E-03 0.27623704107289E-04 -.95712416301164E+00
   4 0.30566628955199E-03 0.28306009598739E-04 -.95712418814971E+00
   5 0.31321624690392E-03 0.29005168043814E-04 -.95712421266955E+00
   6 0.32095268820245E-03 0.29721595707494E-04 -.95712423658544E+00
   7 0.32888021960105E-03 0.30455719138986E-04 -.95712425991130E+00
   8 0.33700356102520E-03 0.31207975424260E-04 -.95712428266068E+00
   9 0.34532754898252E-03 0.31978812445178E-04 -.95712430484676E+00
  10 0.35385713944239E-03 0.32768689146311E-04 -.95712432648236E+00
  11 0.36259741078661E-03 0.33578075808193E-04 -.95712434757998E+00
  12 0.37155356683304E-03 0.34407454327318E-04 -.95712436815175E+00
  13 0.38073093993382E-03 0.35257318503058E-04 -.95712438820949E+00
  14 0.39013499415018E-03 0.36128174331669E-04 -.95712440776467E+00
  15 0.39977132850569E-03 0.37020540307553E-04 -.95712442682847E+00
  16 0.40964568031978E-03 0.37934947731968E-04 -.95712444541171E+00
  17 0.41976392862368E-03 0.38871941029362E-04 -.95712446352494E+00
  18 0.43013209766069E-03 0.39832078071514E-04 -.95712448117838E+00
  19 0.44075636047291E-03 0.40815930509693E-04 -.95712449838194E+00
  20 0.45164304257659E-03 0.41824084115010E-04 -.95712451514527E+00
  21 0.46279862572823E-03 0.42857139127188E-04 -.95712453147768E+00
  22 0.47422975178372E-03 0.43915710611937E-04 -.95712454738822E+00
  23 0.48594322665277E-03 0.45000428827162E-04 -.95712456288565E+00
  24 0.49794602435110E-03 0.46111939598220E-04 -.95712457797846E+00
  25 0.51024529115257E-03 0.47250904702434E-04 -.95712459267482E+00
  26 0.52284834984404E-03 0.48418002263121E-04 -.95712460698268E+00
  27 0.53576270408519E-03 0.49613927153339E-04 -.95712462090967E+00
  28 0.54899604287609E-03 0.50839391409616E-04 -.95712463446318E+00
  29 0.56255624513513E-03 0.52095124655895E-04 -.95712464765032E+00
  30 0.57645138438997E-03 0.53381874537952E-04 -.95712466047793E+00
  31 0.59068973358440E-03 0.54700407168544E-04 -.95712467295260E+00
  32 0.60527977000393E-03 0.56051507583553E-04 -.95712468508064E+00
  33 0.62023018032303E-03 0.57435980209400E-04 -.95712469686810E+00
  34 0.63554986577701E-03 0.58854649341997E-04 -.95712470832078E+00
  35 0.65124794746170E-03 0.60308359637545E-04 -.95712471944422E+00
  36 0.66733377176401E-03 0.61797976615438E-04 -.95712473024368E+00
  37 0.68381691592658E-03 0.63324387173602E-04 -.95712474072417E+00
  38 0.70070719374996E-03 0.64888500116560E-04 -.95712475089046E+00
  39 0.71801466143559E-03 0.66491246696540E-04 -.95712476074702E+00
  40 0.73574962357305E-03 0.68133581167954E-04 -.95712477029808E+00
  41 0.75392263927530E-03 0.69816481355567E-04 -.95712477954760E+00
  42 0.77254452846540E-03 0.71540949236708E-04 -.95712478849928E+00
  43 0.79162637831850E-03 0.73308011537861E-04 -.95712479715653E+00
  44 0.81117954986296E-03 0.75118720345991E-04 -.95712480552253E+00
  45 0.83121568474458E-03 0.76974153734974E-04 -.95712481360014E+00
  46 0.85174671215777E-03 0.78875416407501E-04 -.95712482139197E+00
  47 0.87278485594807E-03 0.80823640352843E-04 -.95712482890033E+00
  48 0.89434264188998E-03 0.82819985520856E-04 -.95712483612728E+00
  49 0.91643290514467E-03 0.84865640512644E-04 -.95712484307455E+00
  50 0.93906879790174E-03 0.86961823288285E-04 -.95712484974359E+00
  51 0.96226379720991E-03 0.89109781892030E-04 -.95712485613554E+00
  52 0.98603171300100E-03 0.91310795195434E-04 -.95712486225126E+00
  53 0.10103866963121E-02 0.93566173658829E-04 -.95712486809127E+00
  54 0.10353432477110E-02 0.95877260111620E-04 -.95712487365577E+00
  55 0.10609162259295E-02 0.98245430551854E-04 -.95712487894464E+00
  56 0.10871208567100E-02 0.10067209496554E-03 -.95712488395741E+00
  57 0.11139727418707E-02 0.10315869816622E-03 -.95712488869327E+00
  58 0.11414878685949E-02 0.10570672065527E-03 -.95712489315107E+00
  59 0.11696826189492E-02 0.10831767950346E-03 -.95712489732925E+00
  60 0.11985737796372E-02 0.11099312925429E-03 -.95712490122591E+00
  61 0.12281785519943E-02 0.11373466284968E-03 -.95712490483874E+00
  62 0.12585145622285E-02 0.11654391257844E-03 -.95712490816504E+00
  63 0.12895998719156E-02 0.11942255104831E-03 -.95712491120167E+00
  64 0.13214529887519E-02 0.12237229218187E-03 -.95712491394507E+00
  65 0.13540928775741E-02 0.12539489223717E-03 -.95712491639123E+00
  66 0.13875389716501E-02 0.12849215085352E-03 -.95712491853569E+00
  67 0.14218111842499E-02 0.13166591212313E-03 -.95712492037348E+00
  68 0.14569299205009E-02 0.13491806568928E-03 -.95712492189915E+00
  69 0.14929160895372E-02 0.13825054787149E-03 -.95712492310672E+00
  70 0.15297911169488E-02 0.14166534281868E-03 -.95712492398967E+00
  71 0.15675769575374E-02 0.14516448369065E-03 -.95712492454091E+00
  72 0.16062961083886E-02 0.14875005386890E-03 -.95712492475278E+00
  73 0.16459716222658E-02 0.15242418819726E-03 -.95712492461698E+00
  74 0.16866271213358E-02 0.15618907425321E-03 -.95712492412458E+00
  75 0.17282868112328E-02 0.16004695365071E-03 -.95712492326600E+00
  76 0.17709754954702E-02 0.16400012337504E-03 -.95712492203094E+00
  77 0.18147185902083E-02 0.16805093715085E-03 -.95712492040837E+00
  78 0.18595421393865E-02 0.17220180684382E-03 -.95712491838651E+00
  79 0.19054728302293E-02 0.17645520389710E-03 -.95712491595277E+00
  80 0.19525380091360E-02 0.18081366080317E-03 -.95712491309373E+00
  81 0.20007656979617E-02 0.18527977261218E-03 -.95712490979509E+00
  82 0.20501846107013E-02 0.18985619847744E-03 -.95712490604162E+00
  83 0.21008241705856E-02 0.19454566323920E-03 -.95712490181716E+00
  84 0.21527145275991E-02 0.19935095904760E-03 -.95712489710450E+00
  85 0.22058865764308E-02 0.20427494702566E-03 -.95712489188539E+00
  86 0.22603719748686E-02 0.20932055897343E-03 -.95712488614047E+00
  87 0.23162031626479E-02 0.21449079911431E-03 -.95712487984919E+00
  88 0.23734133807653E-02 0.21978874588443E-03 -.95712487298978E+00
  89 0.24320366912702E-02 0.22521755376643E-03 -.95712486553919E+00
  90 0.24921079975446E-02 0.23078045516843E-03 -.95712485747300E+00
  91 0.25536630650839E-02 0.23648076234956E-03 -.95712484876534E+00
  92 0.26167385427915E-02 0.24232186939310E-03 -.95712483938886E+00
  93 0.26813719847984E-02 0.24830725422835E-03 -.95712482931461E+00
  94 0.27476018728230E-02 0.25444048070259E-03 -.95712481851198E+00
  95 0.28154676390817E-02 0.26072520070426E-03 -.95712480694859E+00
  96 0.28850096897670E-02 0.26716515633858E-03 -.95712479459020E+00
  97 0.29562694291043E-02 0.27376418215716E-03 -.95712478140061E+00
  98 0.30292892840031E-02 0.28052620744256E-03 -.95712476734157E+00
  99 0.31041127293180E-02 0.28745525854956E-03 -.95712475237264E+00
 100 0.31807843137322E-02 0.29455546130425E-03 -.95712473645107E+00
 101 0.32593496862813E-02 0.30183104346251E-03 -.95712471953169E+00
 102 0.33398556235325E-02 0.30928633722934E-03 -.95712470156675E+00
 103 0.34223500574338E-02 0.31692578184055E-03 -.95712468250579E+00
 104 0.35068821038524E-02 0.32475392620836E-03 -.95712466229547E+00
 105 0.35935020918175E-02 0.33277543163243E-03 -.95712464087942E+00
 106 0.36822615934854E-02 0.34099507457812E-03 -.95712461819804E+00
 107 0.37732134548445E-02 0.34941774952343E-03 -.95712459418834E+00
 108 0.38664118271792E-02 0.35804847187651E-03 -.95712456878371E+00
 109 0.39619121993105E-02 0.36689238096544E-03 -.95712454191371E+00
 110 0.40597714306335E-02 0.37595474310197E-03 -.95712451350386E+00
 111 0.41600477849701E-02 0.38524095472128E-03 -.95712448347536E+00
 112 0.42628009652589E-02 0.39475654559951E-03 -.95712445174486E+00
 113 0.43680921491008E-02 0.40450718215091E-03 -.95712441822417E+00
 114 0.44759840251835E-02 0.41449867080690E-03 -.95712438281994E+00
 115 0.45865408306056E-02 0.42473696147874E-03 -.95712434543334E+00
 116 0.46998283891215E-02 0.43522815110615E-03 -.95712430595974E+00
 117 0.48159141503328E-02 0.44597848729387E-03 -.95712426428833E+00
 118 0.49348672298461E-02 0.45699437203845E-03 -.95712422030170E+00
 119 0.50567584504233E-02 0.46828236554754E-03 -.95712417387544E+00
 120 0.51816603841487E-02 0.47984919015385E-03 -.95712412487765E+00
 121 0.53096473956372E-02 0.49170173432638E-03 -.95712407316848E+00
 122 0.54407956863094E-02 0.50384705678113E-03 -.95712401859960E+00
 123 0.55751833397613E-02 0.51629239069396E-03 -.95712396101360E+00
 124 0.57128903682534E-02 0.52904514801804E-03 -.95712390024339E+00
 125 0.58539987603492E-02 0.54211292390866E-03 -.95712383611157E+00
 126 0.59985925297298E-02 0.55550350125789E-03 -.95712376842965E+00
 127 0.61467577652142E-02 0.56922485534207E-03 -.95712369699735E+00
 128 0.62985826820150E-02 0.58328515858488E-03 -.95712362160175E+00
 129 0.64541576742607E-02 0.59769278543884E-03 -.95712354201636E+00
 130 0.66135753688150E-02 0.61245631738833E-03 -.95712345800021E+00
 131 0.67769306804247E-02 0.62758454807721E-03 -.95712336929676E+00
 132 0.69443208682312E-02 0.64308648856406E-03 -.95712327563280E+00
 133 0.71158455936765E-02 0.65897137270844E-03 -.95712317671720E+00
 134 0.72916069798403E-02 0.67524866269133E-03 -.95712307223961E+00
 135 0.74717096722424E-02 0.69192805467334E-03 -.95712296186902E+00
 136 0.76562609011467E-02 0.70901948459402E-03 -.95712284525220E+00
 137 0.78453705454051E-02 0.72653313411590E-03 -.95712272201201E+00
 138 0.80391511978766E-02 0.74447943671711E-03 -.95712259174561E+00
 139 0.82377182324641E-02 0.76286908393615E-03 -.95712245402240E+00
 140 0.84411898728060E-02 0.78171303177279E-03 -.95712230838194E+00
 141 0.86496872626643E-02 0.80102250724919E-03 -.95712215433157E+00
 142 0.88633345380521E-02 0.82080901513522E-03 -.95712199134386E+00
 143 0.90822589011420E-02 0.84108434484225E-03 -.95712181885385E+00
 144 0.93065906960002E-02 0.86186057748979E-03 -.95712163625604E+00
 145 0.95364634861914E-02 0.88315009314938E-03 -.95712144290110E+00
 146 0.97720141343003E-02 0.90496557827034E-03 -.95712123809230E+00
 147 0.10013382883418E-01 0.92732003329217E-03 -.95712102108161E+00
 148 0.10260713440638E-01 0.95022678044825E-03 -.95712079106544E+00
 149 0.10514153062622E-01 0.97369947176608E-03 -.95712054718007E+00
 150 0.10773852643268E-01 0.99775209726901E-03 -.95712028849650E+00
 151 0.11039966803557E-01 0.10223989933848E-02 -.95712001401504E+00
 152 0.11312653983605E-01 0.10476548515663E-02 -.95711972265920E+00
 153 0.11592076537000E-01 0.10735347271303E-02 -.95711941326918E+00
 154 0.11878400827464E-01 0.11000540483198E-02 -.95711908459467E+00
 155 0.12171797327902E-01 0.11272286255956E-02 -.95711873528697E+00
 156 0.12472440721902E-01 0.11550746611635E-02 -.95711836389044E+00
 157 0.12780510007733E-01 0.11836087587444E-02 -.95711796883310E+00
 158 0.13096188604924E-01 0.12128479335909E-02 -.95711754841637E+00
 159 0.13419664463465E-01 0.12428096227608E-02 -.95711710080380E+00
 160 0.13751130175713E-01 0.12735116956516E-02 -.95711662400880E+00
 161 0.14090783091053E-01 0.13049724648039E-02 -.95711611588116E+00
 162 0.14438825433402E-01 0.13372106969818E-02 -.95711557409227E+00
 163 0.14795464421607E-01 0.13702456245365E-02 -.95711499611901E+00
 164 0.15160912392821E-01 0.14040969570620E-02 -.95711437922599E+00
 165 0.15535386928923E-01 0.14387848933504E-02 -.95711372044614E+00
 166 0.15919110986068E-01 0.14743301336552E-02 -.95711301655948E+00
 167 0.16312313027423E-01 0.15107538922713E-02 -.95711226406972E+00
 168 0.16715227159201E-01 0.15480779104400E-02 -.95711145917871E+00
 169 0.17128093270033E-01 0.15863244695891E-02 -.95711059775836E+00
 170 0.17551157173803E-01 0.16255164049172E-02 -.95710967531982E+00
 171 0.17984670755996E-01 0.16656771193311E-02 -.95710868697970E+00
 172 0.18428892123669E-01 0.17068305977479E-02 -.95710762742301E+00
 173 0.18884085759124E-01 0.17490014217713E-02 -.95710649086236E+00
 174 0.19350522677374E-01 0.17922147847534E-02 -.95710527099334E+00
 175 0.19828480587505E-01 0.18364965072530E-02 -.95710396094543E+00
 176 0.20318244058016E-01 0.18818730529019E-02 -.95710255322804E+00
 177 0.20820104686249E-01 0.19283715446924E-02 -.95710103967140E+00
 178 0.21334361272000E-01 0.19760197816966E-02 -.95709941136152E+00
 179 0.21861319995418E-01 0.20248462562325E-02 -.95709765856872E+00
 180 0.22401294599305E-01 0.20748801714894E-02 -.95709577066927E+00
 181 0.22954606575908E-01 0.21261514596261E-02 -.95709373605910E+00
 182 0.23521585358333E-01 0.21786908003584E-02 -.95709154205912E+00
 183 0.24102568516684E-01 0.22325296400487E-02 -.95708917481117E+00
 184 0.24697901959046E-01 0.22877002113155E-02 -.95708661916358E+00
 185 0.25307940137434E-01 0.23442355531780E-02 -.95708385854556E+00
 186 0.25933046258829E-01 0.24021695317530E-02 -.95708087482903E+00
 187 0.26573592501422E-01 0.24615368615233E-02 -.95707764817679E+00
 188 0.27229960236207E-01 0.25223731271939E-02 -.95707415687572E+00
 189 0.27902540254041E-01 0.25847148061573E-02 -.95707037715341E+00
 190 0.28591732998316E-01 0.26485992915878E-02 -.95706628297657E+00
 191 0.29297948803374E-01 0.27140649161844E-02 -.95706184582960E+00
 192 0.30021608138818E-01 0.27811509765871E-02 -.95705703447113E+00
 193 0.30763141859847E-01 0.28498977584873E-02 -.95705181466654E+00
 194 0.31522991463785E-01 0.29203465624573E-02 -.95704614889396E+00
 195 0.32301609352940E-01 0.29925397305250E-02 -.95703999602126E+00
 196 0.33099459103958E-01 0.30665206735186E-02 -.95703331095112E+00
 197 0.33917015743826E-01 0.31423338992109E-02 -.95702604423110E+00
 198 0.34754766032698E-01 0.32200250412908E-02 -.95701814162529E+00
 199 0.35613208753706E-01 0.32996408891933E-02 -.95700954364380E+00
 200 0.36492855009922E-01 0.33812294188204E-02 -.95700018502606E+00
 201 0.37394228528667E-01 0.34648398241852E-02 -.95698999417349E+00
 202 0.38317865973326E-01 0.35505225500166E-02 -.95697889252655E+00
 203 0.39264317262867E-01 0.36383293253600E-02 -.95696679388117E+00
 204 0.40234145899259E-01 0.37283131982145E-02 -.95695360363850E+00
 205 0.41227929302971E-01 0.38205285712467E-02 -.95693921798195E+00
 206 0.42246259156755E-01 0.39150312386266E-02 -.95692352297455E+00
 207 0.43289741757926E-01 0.40118784240287E-02 -.95690639356947E+00
 208 0.44358998379347E-01 0.41111288198489E-02 -.95688769252544E+00
 209 0.45454665639317E-01 0.42128426276877E-02 -.95686726921872E+00
 210 0.46577395880608E-01 0.43170816001528E-02 -.95684495834210E+00
 211 0.47727857558859E-01 0.44239090840398E-02 -.95682057848108E+00
 212 0.48906735640563E-01 0.45333900649492E-02 -.95679393055628E+00
 213 0.50114732010885E-01 0.46455912134058E-02 -.95676479612077E+00
 214 0.51352565891554E-01 0.47605809325454E-02 -.95673293549985E+00
 215 0.52620974269075E-01 0.48784294074435E-02 -.95669808576035E+00
 216 0.53920712333521E-01 0.49992086561585E-02 -.95665995849551E+00
 217 0.55252553928159E-01 0.51229925825725E-02 -.95661823741093E+00
 218 0.56617292010185E-01 0.52498570311135E-02 -.95657257569628E+00
 219 0.58015739122836E-01 0.53798798434498E-02 -.95652259316699E+00
 220 0.59448727879170E-01 0.55131409172531E-02 -.95646787315933E+00
 221 0.60917111457786E-01 0.56497222671323E-02 -.95640795916238E+00
 222 0.62421764110793E-01 0.57897080878462E-02 -.95634235116974E+00
 223 0.63963581684330E-01 0.59331848199118E-02 -.95627050173437E+00
 224 0.65543482151933E-01 0.60802412177293E-02 -.95619181170990E+00
 225 0.67162406161085E-01 0.62309684203563E-02 -.95610562566303E+00
 226 0.68821317593264E-01 0.63854600250707E-02 -.95601122694245E+00
 227 0.70521204137818E-01 0.65438121638685E-02 -.95590783239206E+00
 228 0.72263077880022E-01 0.67061235830579E-02 -.95579458669839E+00
 229 0.74047975903659E-01 0.68724957261170E-02 -.95567055636601E+00
 230 0.75876960908479E-01 0.70430328199950E-02 -.95553472331881E+00
 231 0.77751121842918E-01 0.72178419650499E-02 -.95538597813076E+00
 232 0.79671574552438E-01 0.73970332288283E-02 -.95522311289653E+00
 233 0.81639462443884E-01 0.75807197439058E-02 -.95504481376094E+00
 234 0.83655957166248E-01 0.77690178100231E-02 -.95484965313588E+00
 235 0.85722259308254E-01 0.79620470007686E-02 -.95463608164546E+00
 236 0.87839599113168E-01 0.81599302750746E-02 -.95440241985370E+00
 237 0.90009237211263E-01 0.83627940938151E-02 -.95414684984504E+00
 238 0.92232465370381E-01 0.85707685418113E-02 -.95386740674554E+00
 239 0.94510607265030E-01 0.87839874555733E-02 -.95356197029272E+00
 240 0.96845019264476E-01 0.90025885571304E-02 -.95322825658366E+00
 241 0.99237091240308E-01 0.92267135943269E-02 -.95286381015399E+00
 242 0.10168824739394E+00 0.94565084879861E-02 -.95246599656497E+00
 243 0.10419994710457E+00 0.96921234863782E-02 -.95203199570049E+00
 244 0.10677368579806E+00 0.99337133274528E-02 -.95155879599971E+00
 245 0.10941099583727E+00 0.10181437409338E-01 -.95104318987370E+00
 246 0.11211344743445E+00 0.10435459969638E-01 -.95048177057364E+00
 247 0.11488264958608E+00 0.10695950274101E-01 -.94987093079219E+00
 248 0.11772025103086E+00 0.10963082815282E-01 -.94920686328759E+00
 249 0.12062794123132E+00 0.11237037521847E-01 -.94848556381847E+00
 250 0.12360745137973E+00 0.11517999979243E-01 -.94770283666506E+00
 251 0.12666055542881E+00 0.11806161662495E-01 -.94685430298781E+00
 252 0.12978907114790E+00 0.12101720181935E-01 -.94593541223420E+00
 253 0.13299486120526E+00 0.12404879542771E-01 -.94494145674977E+00
 254 0.13627983427703E+00 0.12715850419427E-01 -.94386758967815E+00
 255 0.13964594618367E+00 0.13034850445669E-01 -.94270884614852E+00
 256 0.14309520105441E+00 0.13362104521641E-01 -.94146016764977E+00
 257 0.14662965252045E+00 0.13697845138965E-01 -.94011642938154E+00
 258 0.15025140493770E+00 0.14042312725192E-01 -.93867247025799E+00
 259 0.15396261463967E+00 0.14395756008971E-01 -.93712312512734E+00
 260 0.15776549122127E+00 0.14758432407416E-01 -.93546325866462E+00
 261 0.16166229885443E+00 0.15130608437250E-01 -.93368780030547E+00
 262 0.16565535763614E+00 0.15512560151450E-01 -.93179177952108E+00
 263 0.16974704496975E+00 0.15904573603242E-01 -.92977036069625E+00
 264 0.17393979698050E+00 0.16306945339424E-01 -.92761887686733E+00
 265 0.17823610996592E+00 0.16719982925182E-01 -.92533286160942E+00
 266 0.18263854188208E+00 0.17144005502705E-01 -.92290807842998E+00
 267 0.18714971386656E+00 0.17579344386106E-01 -.92034054712895E+00
 268 0.19177231179907E+00 0.18026343695347E-01 -.91762656671651E+00
 269 0.19650908790051E+00 0.18485361032083E-01 -.91476273463172E+00
 270 0.20136286237165E+00 0.18956768200566E-01 -.91174596216963E+00
 271 0.20633652507223E+00 0.19440951977024E-01 -.90857348619084E+00
 272 0.21143303724151E+00 0.19938314931172E-01 -.90524287734618E+00
 273 0.21665543326138E+00 0.20449276303835E-01 -.90175204519219E+00
 274 0.22200682246293E+00 0.20974272944968E-01 -.89809924069291E+00
 275 0.22749039097777E+00 0.21513760316721E-01 -.89428305669577E+00
 276 0.23310940363492E+00 0.22068213566554E-01 -.89030242703171E+00
 277 0.23886720590470E+00 0.22638128675849E-01 -.88615662492243E+00
 278 0.24476722589055E+00 0.23224023689867E-01 -.88184526138193E+00
 279 0.25081297637004E+00 0.23826440035428E-01 -.87736828427990E+00
 280 0.25700805688638E+00 0.24445943933181E-01 -.87272597869479E+00
 281 0.26335615589148E+00 0.25083127911912E-01 -.86791896912988E+00
 282 0.26986105294200E+00 0.25738612432952E-01 -.86294822410147E+00
 283 0.27652662094966E+00 0.26413047633428E-01 -.85781506353898E+00
 284 0.28335682848712E+00 0.27107115197796E-01 -.85252116936645E+00
 285 0.29035574215075E+00 0.27821530367920E-01 -.84706859956686E+00
 286 0.29752752898188E+00 0.28557044102776E-01 -.84145980596739E+00
 287 0.30487645894773E+00 0.29314445399825E-01 -.83569765592641E+00
 288 0.31240690748374E+00 0.30094563791062E-01 -.82978545805303E+00
 289 0.32012335809859E+00 0.30898272027867E-01 -.82372699204735E+00
 290 0.32803040504362E+00 0.31726488969948E-01 -.81752654271343E+00
 291 0.33613275604820E+00 0.32580182694926E-01 -.81118893816776E+00
 292 0.34443523512259E+00 0.33460373846522E-01 -.80471959224195E+00
 293 0.35294278543012E+00 0.34368139240757E-01 -.79812455105892E+00
 294 0.36166047223024E+00 0.35304615751207E-01 -.79141054374550E+00
 295 0.37059348589433E+00 0.36271004496074E-01 -.78458503723105E+00
 296 0.37974714499592E+00 0.37268575351702E-01 -.77765629506947E+00
 297 0.38912689947732E+00 0.38298671819153E-01 -.77063344021047E+00
 298 0.39873833389441E+00 0.39362716272627E-01 -.76352652163498E+00
 299 0.40858717074160E+00 0.40462215620780E-01 -.75634658475764E+00
 300 0.41867927385892E+00 0.41598767414450E-01 -.74910574548697E+00
 301 0.42902065192323E+00 0.42774066436899E-01 -.74181726782038E+00
 302 0.43961746202573E+00 0.43989911815425E-01 -.73449564483668E+00
 303 0.45047601333777E+00 0.45248214696100E-01 -.72715668293319E+00
 304 0.46160277086721E+00 0.46551006526408E-01 -.71981758913829E+00
 305 0.47300435930763E+00 0.47900447993729E-01 -.71249706131278E+00
 306 0.48468756698253E+00 0.49298838670833E-01 -.70521538103611E+00
 307 0.49665934988700E+00 0.50748627422881E-01 -.69799450895514E+00
 308 0.50892683582921E+00 0.52252423633717E-01 -.69085818235442E+00
 309 0.52149732867419E+00 0.53813009312534E-01 -.68383201468807E+00
 310 0.53437831269244E+00 0.55433352145087E-01 -.67694359679237E+00
 311 0.54757745701595E+00 0.57116619556559E-01 -.67022259947578E+00
 312 0.56110262020424E+00 0.58866193855645E-01 -.66370087715594E+00
 313 0.57496185492329E+00 0.60685688531409E-01 -.65741257218040E+00
 314 0.58916341273989E+00 0.62578965775594E-01 -.65139421942404E+00
 315 0.60371574903457E+00 0.64550155303205E-01 -.64568485069848E+00
 316 0.61862752803572E+00 0.66603674542860E-01 -.64032609842907E+00
 317 0.63390762797820E+00 0.68744250265277E-01 -.63536229794690E+00
 318 0.64956514638926E+00 0.70976941712745E-01 -.63084058759533E+00
 319 0.66560940550508E+00 0.73307165283902E-01 -.62681100565175E+00
 320 0.68204995782105E+00 0.75740720815808E-01 -.62332658280070E+00
 321 0.69889659177923E+00 0.78283819488146E-01 -.62044342854851E+00
 322 0.71615933759618E+00 0.80943113351300E-01 -.61822080952284E+00
 323 0.73384847323481E+00 0.83725726449627E-01 -.61672121703468E+00
 324 0.75197453052371E+00 0.86639287471649E-01 -.61601042057295E+00
 325 0.77054830142764E+00 0.89691963808346E-01 -.61615750303394E+00
 326 0.78958084447290E+00 0.92892496836564E-01 -.61723487243769E+00
 327 0.80908349133138E+00 0.96250238164195E-01 -.61931824363624E+00
 328 0.82906785356727E+00 0.99775186473740E-01 -.62248658205926E+00
 329 0.84954582955038E+00 0.10347802447742E+00 -.62682199986564E+00
 330 0.87052961154028E+00 0.10737015534577E+00 -.63240959297599E+00
 331 0.89203169294532E+00 0.11146373778756E+00 -.63933720536140E+00
 332 0.91406487576107E+00 0.11577171873666E+00 -.64769510468280E+00
 333 0.93664227819237E+00 0.12030786233456E+00 -.65757555094926E+00
 334 0.95977734246372E+00 0.12508677358000E+00 -.66907223734690E+00
 335 0.98348384282257E+00 0.13012391464201E+00 -.68227957985316E+00
 336 0.10077758937403E+01 0.13543561139401E+00 -.69729182978633E+00
 337 0.10326679583157E+01 0.14103904721807E+00 -.71420198116274E+00
 338 0.10581748568861E+01 0.14695224054621E+00 -.73310044278728E+00
 339 0.10843117758512E+01 0.15319400194750E+00 -.75407344356906E+00
 340 0.11110942767147E+01 0.15978386583847E+00 -.77720113885921E+00
 341 0.11385383053495E+01 0.16674199109775E+00 -.80255538594266E+00
 342 0.11666602014917E+01 0.17408902402112E+00 -.83019715854946E+00
 343 0.11954767084685E+01 0.18184591618800E+00 -.86017357385136E+00
 344 0.12250049831677E+01 0.19003368896988E+00 -.89251451146242E+00
 345 0.12552626062519E+01 0.19867313565804E+00 -.92722881317954E+00
 346 0.12862675926263E+01 0.20778445161298E+00 -.96430006541239E+00
 347 0.13180384021642E+01 0.21738678256095E+00 -.10036819843783E+01
 348 0.13505939506977E+01 0.22749768134004E+00 -.10452934481055E+01
 349 0.13839536212799E+01 0.23813246422722E+00 -.10890132499155E+01
 350 0.14181372757255E+01 0.24930345969640E+00 -.11346746858859E+01
 351 0.14531652664359E+01 0.26101914534444E+00 -.11820601339069E+01
 352 0.14890584485169E+01 0.27328317308473E+00 -.12308958337674E+01
 353 0.15258381921953E+01 0.28609328886452E+00 -.12808471349581E+01
 354 0.15635263955425E+01 0.29944016140430E+00 -.13315145395985E+01
 355 0.16021454975124E+01 0.31330614500450E+00 -.13824309297877E+01
 356 0.16417184913010E+01 0.32766401438293E+00 -.14330604294674E+01
 357 0.16822689380361E+01 0.34247572461944E+00 -.14827994086924E+01
 358 0.17238209808056E+01 0.35769126605595E+00 -.15309801912951E+01
 359 0.17663993590315E+01 0.37324770140198E+00 -.15768780725511E+01
 360 0.18100294231996E+01 0.38906848869204E+00 -.16197222854255E+01
 361 0.18547371499526E+01 0.40506320678799E+00 -.16587115596968E+01
 362 0.19005491575564E+01 0.42112780675406E+00 -.16930348762774E+01
 363 0.19474927217481E+01 0.43714550896639E+00 -.17218978992092E+01
 364 0.19955957919752E+01 0.45298844822289E+00 -.17445553348659E+01
 365 0.20448870080370E+01 0.46852013350916E+00 -.17603490885606E+01
 366 0.20953957171355E+01 0.48359873246260E+00 -.17687515395063E+01
 367 0.21471519913488E+01 0.49808111181449E+00 -.17694125273486E+01
 368 0.22001866455351E+01 0.51182746598774E+00 -.17622077425491E+01
 369 0.22545312556798E+01 0.52470625244128E+00 -.17472851481108E+01
 370 0.23102181776951E+01 0.53659903511849E+00 -.17251048259571E+01
 371 0.23672805666842E+01 0.54740473292358E+00 -.16964661908614E+01
 372 0.24257523966813E+01 0.55704270093488E+00 -.16625146533692E+01
 373 0.24856684808793E+01 0.56545406687705E+00 -.16247155683575E+01
 374 0.25470644923570E+01 0.57260084063463E+00 -.15847771785996E+01
 375 0.26099769853182E+01 0.57846255750961E+00 -.15445034173172E+01
 376 0.26744434168556E+01 0.58303084053448E+00 -.15053089463463E+01
 377 0.27405021692519E+01 0.58630395727169E+00 -.14673914393734E+01
 378 0.28081925728325E+01 0.58828469919127E+00 -.14306721181566E+01
 379 0.28775549293814E+01 0.58898103309380E+00 -.13950791103425E+01
 380 0.29486305361371E+01 0.58840594086403E+00 -.13605472421556E+01
 381 0.30214617103797E+01 0.58657737148958E+00 -.13270176879410E+01
 382 0.30960918146261E+01 0.58351822254768E+00 -.12944375211731E+01
 383 0.31725652824474E+01 0.57925627865870E+00 -.12627592069905E+01
 384 0.32509276449238E+01 0.57382412095131E+00 -.12319400696701E+01
 385 0.33312255577534E+01 0.56725900431513E+00 -.12019417611218E+01
 386 0.34135068290300E+01 0.55960270191600E+00 -.11727297494382E+01
 387 0.34978204477070E+01 0.55090131710840E+00 -.11442728403261E+01
 388 0.35842166127654E+01 0.54120506336683E+00 -.11165427391321E+01
 389 0.36727467631007E+01 0.53056801327927E+00 -.10895136571813E+01
 390 0.37634636081492E+01 0.51904781798434E+00 -.10631619631962E+01
 391 0.38564211592705E+01 0.50670539870506E+00 -.10374658784913E+01
 392 0.39516747619045E+01 0.49360461225027E+00 -.10124052132915E+01
 393 0.40492811285236E+01 0.47981189253469E+00 -.98796114072233E+00
 394 0.41492983723981E+01 0.46539587032722E+00 -.96411600463404E+00
 395 0.42517860421963E+01 0.45042697358746E+00 -.94085315732966E+00
 396 0.43568051574386E+01 0.43497701090640E+00 -.91815682336799E+00
 397 0.44644182448273E+01 0.41911874073785E+00 -.89601198584513E+00
 398 0.45746893754745E+01 0.40292542924154E+00 -.87440429186012E+00
 399 0.46876842030488E+01 0.38647040043280E+00 -.85331997420811E+00
 400 0.48034700028641E+01 0.36982658017199E+00 -.83274578669050E+00
 401 0.49221157119348E+01 0.35306603995648E+00 -.81266895076735E+00
 402 0.50436919700196E+01 0.33625954290803E+00 -.79307711159359E+00
 403 0.51682711616791E+01 0.31947609641360E+00 -.77395830176938E+00
 404 0.52959274593725E+01 0.30278251577184E+00 -.75530091139445E+00
 405 0.54267368676190E+01 0.28624300339933E+00 -.73709366324506E+00
 406 0.55607772682492E+01 0.26991874829552E+00 -.71932559209210E+00
 407 0.56981284667750E+01 0.25386755053558E+00 -.70198602735043E+00
 408 0.58388722399043E+01 0.23814347553893E+00 -.68506457839629E+00
 409 0.59830923842300E+01 0.22279654273260E+00 -.66855112201338E+00
 410 0.61308747661204E+01 0.20787245298278E+00 -.65243579153182E+00
 411 0.62823073728436E+01 0.19341235879744E+00 -.63670896731045E+00
 412 0.64374803649529E+01 0.17945268080692E+00 -.62136126828369E+00
 413 0.65964861299672E+01 0.16602497341190E+00 -.60638354435243E+00
 414 0.67594193373774E+01 0.15315584175971E+00 -.59176686944536E+00
 415 0.69263769950106E+01 0.14086691138590E+00 -.57750253511522E+00
 416 0.70974585067874E+01 0.12917485095992E+00 -.56358204456457E+00
 417 0.72727657319050E+01 0.11809144762641E+00 -.54999710701995E+00
 418 0.74524030454831E+01 0.10762373346572E+00 -.53673963239202E+00
 419 0.76364774007065E+01 0.97774160639646E-01 -.52380172617411E+00
 420 0.78250983925039E+01 0.88540821871588E-01 -.51117568454305E+00
 421 0.80183783227988E+01 0.79917712064423E-01 -.49885398963480E+00
 422 0.82164322673719E+01 0.71895026112807E-01 -.48682930497421E+00
 423 0.84193781443760E+01 0.64459487342634E-01 -.47509447104317E+00
 424 0.86273367845421E+01 0.57594700529057E-01 -.46364250097515E+00
 425 0.88404320031203E+01 0.51281523119489E-01 -.45246657636697E+00
 426 0.90587906735974E+01 0.45498448127272E-01 -.44156004320066E+00
 427 0.92825428032352E+01 0.40221992166882E-01 -.43091640786972E+00
 428 0.95118216104751E+01 0.35427082268032E-01 -.42052933330530E+00
 429 0.97467636042539E+01 0.31087435423640E-01 -.41039263519829E+00
 430 0.99875086652789E+01 0.27175925279893E-01 -.40050027831431E+00
 431 0.10234200129311E+02 0.23664930946036E-01 -.39084637289854E+00
 432 0.10486984872505E+02 0.20526663564247E-01 -.38142517116795E+00
 433 0.10746013398856E+02 0.17733467011220E-01 -.37223106388848E+00
 434 0.11011439929808E+02 0.15258089877068E-01 -.36325857703498E+00
 435 0.11283422496074E+02 0.13073926658305E-01 -.35450236853187E+00
 436 0.11562123031727E+02 0.11155226885590E-01 -.34595722507240E+00
 437 0.11847707470611E+02 0.94772716612092E-02 -.33761805901465E+00
 438 0.12140345845135E+02 0.80165177865084E-02 -.32947990535240E+00
 439 0.12440212387510E+02 0.67507102992489E-02 -.32153791875903E+00
 440 0.12747485633481E+02 0.56589648027268E-02 -.31378737070267E+00
 441 0.13062348528628E+02 0.47218214434809E-02 -.30622364663088E+00
 442 0.13384988537285E+02 0.39212727775246E-02 -.29884224322326E+00
 443 0.13715597754156E+02 0.32407680546614E-02 -.29163876571022E+00
 444 0.14054373018684E+02 0.26651966482677E-02 -.28460892525639E+00
 445 0.14401516032246E+02 0.21808534683725E-02 -.27774853640713E+00
 446 0.14757233478242E+02 0.17753892256849E-02 -.27105351459659E+00
 447 0.15121737145155E+02 0.14377483719238E-02 -.26451987371581E+00
 448 0.15495244052640E+02 0.11580974371492E-02 -.25814372373945E+00
 449 0.15877976580740E+02 0.92774632828616E-03 -.25192126840973E+00
 450 0.16270162602284E+02 0.73906495544377E-03 -.24584880297622E+00
 451 0.16672035618561E+02 0.58539732460490E-03 -.23992271199006E+00
 452 0.17083834898339E+02 0.46097498696175E-03 -.23413946715142E+00
 453 0.17505805620328E+02 0.36083147600996E-03 -.22849562520876E+00
 454 0.17938199019150E+02 0.28071910193920E-03 -.22298782590882E+00
 455 0.18381272534923E+02 0.21702921622826E-03 -.21761278999592E+00
 456 0.18835289966536E+02 0.16671681384349E-03 -.21236731725961E+00
 457 0.19300521628709E+02 0.12723011102618E-03 -.20724828462926E+00
 458 0.19777244512938E+02 0.96445527126853E-04 -.20225264431469E+00
 459 0.20265742452408E+02 0.72608311959909E-04 -.19737742199150E+00
 460 0.20766306290983E+02 0.54278897321892E-04 -.19261971503025E+00
 461 0.21279234056370E+02 0.40284913304763E-04 -.18797669076828E+00
 462 0.21804831137562E+02 0.29678696678316E-04 -.18344558482314E+00
 463 0.22343410466660E+02 0.21700029048128E-04 -.17902369944681E+00
 464 0.22895292705186E+02 0.15743775275908E-04 -.17470840191940E+00
 465 0.23460806435005E+02 0.11332045905617E-04 -.17049712298175E+00
 466 0.24040288353949E+02 0.80904788211134E-05 -.16638735530570E+00
 467 0.24634083476292E+02 0.57282229088290E-05 -.16237665200127E+00
 468 0.25242545338156E+02 0.40212065646087E-05 -.15846262515982E+00
 469 0.25866036208009E+02 0.27982875252890E-05 -.15464294443234E+00
 470 0.26504927302346E+02 0.19298968617812E-05 -.15091533564198E+00
 471 0.27159599006714E+02 0.13188200442345E-05 -.14727757943006E+00
 472 0.27830441102180E+02 0.89278731631626E-06 -.14372750993468E+00
 473 0.28517852997404E+02 0.59857741131362E-06 -.14026301350120E+00
 474 0.29222243966440E+02 0.39737328859765E-06 -.13688202742383E+00
 475 0.29944033392411E+02 0.26114190802242E-06 -.13358253871751E+00
 476 0.30683651017203E+02 0.16984188882705E-06 -.13036258291940E+00
 477 0.31441537197328E+02 0.10929275006828E-06 -.12722024291929E+00
 478 0.32218143166102E+02 0.69566681532273E-07 -.12415364781818E+00
 479 0.33013931302305E+02 0.43788163905199E-07 -.12116097181437E+00
 480 0.33829375405472E+02 0.27248134934076E-07 -.11824043311639E+00
 481 0.34664960977987E+02 0.16757814731042E-07 -.11539029288220E+00
 482 0.35521185514143E+02 0.10182895617469E-07 -.11260885418386E+00
 483 0.36398558796343E+02 0.61117832829002E-08 -.10989446099723E+00
 484 0.37297603198612E+02 0.36222080584992E-08 -.10724549721599E+00
 485 0.38218853997618E+02 0.21190937866621E-08 -.10466038568946E+00
 486 0.39162859691359E+02 0.12233683784614E-08 -.10213758728356E+00
 487 0.40130182325736E+02 0.69670648117777E-09 -.99675599964438E-01
 488 0.41121397829182E+02 0.39127256750935E-09 -.97272957904204E-01
 489 0.42137096355562E+02 0.21661742464286E-09 -.94928230608182E-01
 490 0.43177882635545E+02 0.11817762304221E-09 -.92640022063220E-01
 491 0.44244376336643E+02 0.63510311966401E-10 -.90406969906529E-01
 492 0.45337212432158E+02 0.33608979658740E-10 -.88227744614549E-01
 493 0.46457041579232E+02 0.17506487214989E-10 -.86101048711378E-01
 494 0.47604530506239E+02 0.89722472810676E-11 -.84025615996271E-01
 495 0.48780362409743E+02 0.45225483675956E-11 -.82000210789763E-01
 496 0.49985237361264E+02 0.22411004659585E-11 -.80023627197973E-01
 497 0.51219872724087E+02 0.10913068865297E-11 -.78094688394626E-01
 498 0.52485003580372E+02 0.52197067284436E-12 -.76212245920393E-01
 499 0.53781383168807E+02 0.24510930671471E-12 -.74375178999114E-01
 500 0.55109783333077E+02 0.11294924103281E-12 -.72582393870513E-01
 501 0.56470994981404E+02 0.51051258447108E-13 -.70832823138980E-01
 502 0.57865828557444E+02 0.22621038502764E-13 -.69125425138070E-01
 503 0.59295114522813E+02 0.98215610679692E-14 -.67459183310305E-01
 504 0.60759703851527E+02 0.41761221274231E-14 -.65833105601937E-01
 505 0.62260468536660E+02 0.17380612870674E-14 -.64246223872292E-01
 506 0.63798302109515E+02 0.70733050137786E-15 -.62697593317353E-01
 507 0.65374120171620E+02 0.28116723357688E-15 -.61186291907244E-01
 508 0.66988860939859E+02 0.00000000000000E+00 -.59711419837264E-01
 509 0.68643485805074E+02 0.00000000000000E+00 -.58272098992157E-01
 510 0.70338979904459E+02 0.00000000000000E+00 -.56867472423302E-01
 511 0.72076352708099E+02 0.00000000000000E+00 -.55496703838491E-01
 512 0.73856638619989E+02 0.00000000000000E+00 -.54158977104022E-01
 513 0.75680897593903E+02 0.00000000000000E+00 -.52853495758780E-01
 514 0.77550215764472E+02 0.00000000000000E+00 -.51579482540041E-01
 515 0.79465706093855E+02 0.00000000000000E+00 -.50336178920700E-01
