#   567 0.10247000000000E+01 1   2.6489 0.11000000000000E+02
   1 0.79113924050633E-04 0.12629527043564E-08 -.61412906809841E+01
   2 0.81068037974684E-04 0.13261130827670E-08 -.61412907474028E+01
   3 0.83070418512658E-04 0.13924321173864E-08 -.61412908122190E+01
   4 0.85122257849921E-04 0.14620677728958E-08 -.61412908754712E+01
   5 0.87224777618814E-04 0.15351859245342E-08 -.61412909371970E+01
   6 0.89379229625999E-04 0.16119607221480E-08 -.61412909974331E+01
   7 0.91586896597761E-04 0.16925750348537E-08 -.61412910562154E+01
   8 0.93849092943725E-04 0.17772208771962E-08 -.61412911135788E+01
   9 0.96167165539435E-04 0.18660998663662E-08 -.61412911695573E+01
  10 0.98542494528260E-04 0.19594237024497E-08 -.61412912241844E+01
  11 0.10097649414311E-03 0.20574146726748E-08 -.61412912774924E+01
  12 0.10347061354844E-03 0.21603061808756E-08 -.61412913295130E+01
  13 0.10602633770309E-03 0.22683433034348E-08 -.61412913802772E+01
  14 0.10864518824436E-03 0.23817833730291E-08 -.61412914298150E+01
  15 0.11132872439399E-03 0.25008965915674E-08 -.61412914781560E+01
  16 0.11407854388652E-03 0.26259666737828E-08 -.61412915253288E+01
  17 0.11689628392052E-03 0.27572915230099E-08 -.61412915713615E+01
  18 0.11978362213336E-03 0.28951839407581E-08 -.61412916162814E+01
  19 0.12274227760005E-03 0.30399723717714E-08 -.61412916601151E+01
  20 0.12577401185677E-03 0.31920016863474E-08 -.61412917028886E+01
  21 0.12888062994963E-03 0.33516340017813E-08 -.61412917446274E+01
  22 0.13206398150939E-03 0.35192495448896E-08 -.61412917853561E+01
  23 0.13532596185267E-03 0.36952475576696E-08 -.61412918250990E+01
  24 0.13866851311043E-03 0.38800472482500E-08 -.61412918638796E+01
  25 0.14209362538426E-03 0.40740887893992E-08 -.61412919017209E+01
  26 0.14560333793125E-03 0.42778343669692E-08 -.61412919386452E+01
  27 0.14919974037815E-03 0.44917692807720E-08 -.61412919746745E+01
  28 0.15288497396549E-03 0.47164031005110E-08 -.61412920098301E+01
  29 0.15666123282244E-03 0.49522708795208E-08 -.61412920441328E+01
  30 0.16053076527316E-03 0.51999344292061E-08 -.61412920776028E+01
  31 0.16449587517540E-03 0.54599836572154E-08 -.61412921102599E+01
  32 0.16855892329223E-03 0.57330379725369E-08 -.61412921421235E+01
  33 0.17272232869755E-03 0.60197477608638E-08 -.61412921732124E+01
  34 0.17698857021638E-03 0.63207959337422E-08 -.61412922035448E+01
  35 0.18136018790073E-03 0.66368995551921E-08 -.61412922331386E+01
  36 0.18583978454188E-03 0.69688115496765E-08 -.61412922620114E+01
  37 0.19043002722006E-03 0.73173224954855E-08 -.61412922901800E+01
  38 0.19513364889239E-03 0.76832625078078E-08 -.61412923176611E+01
  39 0.19995345002004E-03 0.80675032159757E-08 -.61412923444708E+01
  40 0.20489230023553E-03 0.84709598395909E-08 -.61412923706249E+01
  41 0.20995314005135E-03 0.88945933684786E-08 -.61412923961386E+01
  42 0.21513898261062E-03 0.93394128516614E-08 -.61412924210269E+01
  43 0.22045291548110E-03 0.98064778008040E-08 -.61412924453044E+01
  44 0.22589810249348E-03 0.10296900713856E-07 -.61412924689852E+01
  45 0.23147778562507E-03 0.10811849724900E-07 -.61412924920831E+01
  46 0.23719528693001E-03 0.11352551386522E-07 -.61412925146117E+01
  47 0.24305401051718E-03 0.11920293591326E-07 -.61412925365839E+01
  48 0.24905744457696E-03 0.12516428639556E-07 -.61412925580126E+01
  49 0.25520916345801E-03 0.13142376460124E-07 -.61412925789101E+01
  50 0.26151282979542E-03 0.13799627992734E-07 -.61412925992885E+01
  51 0.26797219669137E-03 0.14489748739135E-07 -.61412926191596E+01
  52 0.27459110994964E-03 0.15214382491973E-07 -.61412926385347E+01
  53 0.28137351036540E-03 0.15975255250138E-07 -.61412926574250E+01
  54 0.28832343607143E-03 0.16774179329894E-07 -.61412926758413E+01
  55 0.29544502494239E-03 0.17613057681630E-07 -.61412926937941E+01
  56 0.30274251705847E-03 0.18493888422477E-07 -.61412927112936E+01
  57 0.31022025722981E-03 0.19418769595609E-07 -.61412927283496E+01
  58 0.31788269758339E-03 0.20389904167554E-07 -.61412927449718E+01
  59 0.32573440021370E-03 0.21409605275424E-07 -.61412927611695E+01
  60 0.33378003989898E-03 0.22480301736555E-07 -.61412927769517E+01
  61 0.34202440688448E-03 0.23604543833693E-07 -.61412927923272E+01
  62 0.35047240973453E-03 0.24785009389486E-07 -.61412928073045E+01
  63 0.35912907825497E-03 0.26024510144772E-07 -.61412928218917E+01
  64 0.36799956648787E-03 0.27325998455844E-07 -.61412928360970E+01
  65 0.37708915578012E-03 0.28692574326643E-07 -.61412928499279E+01
  66 0.38640325792789E-03 0.30127492792630E-07 -.61412928633918E+01
  67 0.39594741839871E-03 0.31634171673939E-07 -.61412928764960E+01
  68 0.40572731963315E-03 0.33216199716247E-07 -.61412928892473E+01
  69 0.41574878442809E-03 0.34877345138788E-07 -.61412929016524E+01
  70 0.42601777940347E-03 0.36621564609840E-07 -.61412929137177E+01
  71 0.43654041855473E-03 0.38453012671090E-07 -.61412929254493E+01
  72 0.44732296689303E-03 0.40376051633302E-07 -.61412929368532E+01
  73 0.45837184417529E-03 0.42395261966875E-07 -.61412929479350E+01
  74 0.46969362872642E-03 0.44515453212033E-07 -.61412929587001E+01
  75 0.48129506135596E-03 0.46741675434633E-07 -.61412929691536E+01
  76 0.49318304937146E-03 0.49079231254883E-07 -.61412929793005E+01
  77 0.50536467069093E-03 0.51533688477619E-07 -.61412929891454E+01
  78 0.51784717805700E-03 0.54110893354214E-07 -.61412929986927E+01
  79 0.53063800335501E-03 0.56816984507731E-07 -.61412930079466E+01
  80 0.54374476203787E-03 0.59658407554467E-07 -.61412930169110E+01
  81 0.55717525766021E-03 0.62641930456725E-07 -.61412930255895E+01
  82 0.57093748652442E-03 0.65774659643378E-07 -.61412930339855E+01
  83 0.58503964244157E-03 0.69064056936628E-07 -.61412930421021E+01
  84 0.59949012160988E-03 0.72517957325277E-07 -.61412930499424E+01
  85 0.61429752761364E-03 0.76144587626834E-07 -.61412930575088E+01
  86 0.62947067654570E-03 0.79952586082930E-07 -.61412930648037E+01
  87 0.64501860225638E-03 0.83951022934690E-07 -.61412930718292E+01
  88 0.66095056173211E-03 0.88149422027094E-07 -.61412930785871E+01
  89 0.67727604060689E-03 0.92557783493767E-07 -.61412930850790E+01
  90 0.69400475880988E-03 0.97186607576249E-07 -.61412930913060E+01
  91 0.71114667635249E-03 0.10204691963446E-06 -.61412930972692E+01
  92 0.72871199925839E-03 0.10715029640797E-06 -.61412931029692E+01
  93 0.74671118564007E-03 0.11250889359055E-06 -.61412931084063E+01
  94 0.76515495192538E-03 0.11813547478378E-06 -.61412931135807E+01
  95 0.78405427923794E-03 0.12404344189863E-06 -.61412931184920E+01
  96 0.80342041993512E-03 0.13024686707738E-06 -.61412931231397E+01
  97 0.82326490430751E-03 0.13676052621206E-06 -.61412931275228E+01
  98 0.84359954744391E-03 0.14359993413902E-06 -.61412931316400E+01
  99 0.86443645626577E-03 0.15078138159373E-06 -.61412931354899E+01
 100 0.88578803673554E-03 0.15832197401360E-06 -.61412931390702E+01
 101 0.90766700124291E-03 0.16623967228138E-06 -.61412931423788E+01
 102 0.93008637617361E-03 0.17455333550615E-06 -.61412931454128E+01
 103 0.95305950966509E-03 0.18328276594378E-06 -.61412931481691E+01
 104 0.97660007955382E-03 0.19244875616390E-06 -.61412931506442E+01
 105 0.10007221015188E-02 0.20207313857566E-06 -.61412931528340E+01
 106 0.10254399374263E-02 0.21217883743036E-06 -.61412931547340E+01
 107 0.10507683038807E-02 0.22278992342469E-06 -.61412931563395E+01
 108 0.10767222809866E-02 0.23393167103469E-06 -.61412931576450E+01
 109 0.11033173213270E-02 0.24563061871709E-06 -.61412931586445E+01
 110 0.11305692591637E-02 0.25791463212119E-06 -.61412931593318E+01
 111 0.11584943198651E-02 0.27081297046215E-06 -.61412931596999E+01
 112 0.11871091295658E-02 0.28435635621351E-06 -.61412931597412E+01
 113 0.12164307250660E-02 0.29857704828512E-06 -.61412931594477E+01
 114 0.12464765639752E-02 0.31350891886076E-06 -.61412931588106E+01
 115 0.12772645351053E-02 0.32918753407833E-06 -.61412931578207E+01
 116 0.13088129691225E-02 0.34565023874500E-06 -.61412931564678E+01
 117 0.13411406494598E-02 0.36293624528900E-06 -.61412931547414E+01
 118 0.13742668235014E-02 0.38108672715982E-06 -.61412931526300E+01
 119 0.14082112140419E-02 0.40014491689954E-06 -.61412931501214E+01
 120 0.14429940310288E-02 0.42015620911868E-06 -.61412931472027E+01
 121 0.14786359835952E-02 0.44116826862194E-06 -.61412931438599E+01
 122 0.15151582923900E-02 0.46323114394139E-06 -.61412931400785E+01
 123 0.15525827022120E-02 0.48639738654749E-06 -.61412931358428E+01
 124 0.15909314949566E-02 0.51072217602193E-06 -.61412931311364E+01
 125 0.16302275028821E-02 0.53626345149049E-06 -.61412931259417E+01
 126 0.16704941222032E-02 0.56308204962889E-06 -.61412931202401E+01
 127 0.17117553270217E-02 0.59124184957044E-06 -.61412931140119E+01
 128 0.17540356835991E-02 0.62080992506059E-06 -.61412931072363E+01
 129 0.17973603649840E-02 0.65185670422090E-06 -.61412930998914E+01
 130 0.18417551659991E-02 0.68445613730288E-06 -.61412930919537E+01
 131 0.18872465185993E-02 0.71868587283136E-06 -.61412930833986E+01
 132 0.19338615076087E-02 0.75462744255695E-06 -.61412930742002E+01
 133 0.19816278868466E-02 0.79236645565812E-06 -.61412930643310E+01
 134 0.20305740956517E-02 0.83199280265551E-06 -.61412930537618E+01
 135 0.20807292758143E-02 0.87360086952420E-06 -.61412930424622E+01
 136 0.21321232889269E-02 0.91728976251397E-06 -.61412930303997E+01
 137 0.21847867341634E-02 0.96316354421300E-06 -.61412930175401E+01
 138 0.22387509664973E-02 0.10113314814175E-05 -.61412930038476E+01
 139 0.22940481153698E-02 0.10619083053974E-05 -.61412929892841E+01
 140 0.23507111038194E-02 0.11150144851785E-05 -.61412929738095E+01
 141 0.24087736680837E-02 0.11707765144914E-05 -.61412929573815E+01
 142 0.24682703776854E-02 0.12293272130719E-05 -.61412929399556E+01
 143 0.25292366560142E-02 0.12908060430288E-05 -.61412929214849E+01
 144 0.25917088014178E-02 0.13553594410345E-05 -.61412929019196E+01
 145 0.26557240088128E-02 0.14231411671288E-05 -.61412928812076E+01
 146 0.27213203918305E-02 0.14943126709667E-05 -.61412928592938E+01
 147 0.27885370055087E-02 0.15690434763832E-05 -.61412928361201E+01
 148 0.28574138695447E-02 0.16475115851906E-05 -.61412928116252E+01
 149 0.29279919921225E-02 0.17299039011705E-05 -.61412927857446E+01
 150 0.30003133943279E-02 0.18164166752706E-05 -.61412927584101E+01
 151 0.30744211351678E-02 0.19072559730665E-05 -.61412927295501E+01
 152 0.31503593372065E-02 0.20026381656023E-05 -.61412926990887E+01
 153 0.32281732128355E-02 0.21027904447795E-05 -.61412926669461E+01
 154 0.33079090911925E-02 0.22079513645210E-05 -.61412926330381E+01
 155 0.33896144457450E-02 0.23183714090012E-05 -.61412925972759E+01
 156 0.34733379225549E-02 0.24343135892932E-05 -.61412925595658E+01
 157 0.35591293692420E-02 0.25560540698574E-05 -.61412925198089E+01
 158 0.36470398646622E-02 0.26838828263616E-05 -.61412924779010E+01
 159 0.37371217493194E-02 0.28181043364008E-05 -.61412924337319E+01
 160 0.38294286565276E-02 0.29590383047624E-05 -.61412923871856E+01
 161 0.39240155443438E-02 0.31070204249641E-05 -.61412923381394E+01
 162 0.40209387282891E-02 0.32624031788782E-05 -.61412922864638E+01
 163 0.41202559148779E-02 0.34255566763490E-05 -.61412922320221E+01
 164 0.42220262359753E-02 0.35968695368021E-05 -.61412921746700E+01
 165 0.43263102840039E-02 0.37767498149461E-05 -.61412921142548E+01
 166 0.44331701480188E-02 0.39656259727733E-05 -.61412920506153E+01
 167 0.45426694506749E-02 0.41639479001731E-05 -.61412919835814E+01
 168 0.46548733861066E-02 0.43721879865922E-05 -.61412919129727E+01
 169 0.47698487587434E-02 0.45908422462926E-05 -.61412918385990E+01
 170 0.48876640230844E-02 0.48204314998899E-05 -.61412917602588E+01
 171 0.50083893244545E-02 0.50615026149860E-05 -.61412916777390E+01
 172 0.51320965407686E-02 0.53146298088528E-05 -.61412915908141E+01
 173 0.52588593253255E-02 0.55804160162710E-05 -.61412914992453E+01
 174 0.53887531506611E-02 0.58594943257821E-05 -.61412914027799E+01
 175 0.55218553534824E-02 0.61525294877766E-05 -.61412913011500E+01
 176 0.56582451807134E-02 0.64602194980116E-05 -.61412911940719E+01
 177 0.57980038366771E-02 0.67832972603316E-05 -.61412910812448E+01
 178 0.59412145314430E-02 0.71225323325532E-05 -.61412909623497E+01
 179 0.60879625303696E-02 0.74787327596754E-05 -.61412908370482E+01
 180 0.62383352048697E-02 0.78527469987833E-05 -.61412907049814E+01
 181 0.63924220844300E-02 0.82454659402326E-05 -.61412905657679E+01
 182 0.65503149099155E-02 0.86578250299307E-05 -.61412904190029E+01
 183 0.67121076881904E-02 0.90908064977735E-05 -.61412902642564E+01
 184 0.68778967480887E-02 0.95454416975478E-05 -.61412901010709E+01
 185 0.70477807977665E-02 0.10022813563875E-04 -.61412899289604E+01
 186 0.72218609834713E-02 0.10524059192056E-04 -.61412897474075E+01
 187 0.74002409497630E-02 0.11050372546957E-04 -.61412895558614E+01
 188 0.75830269012222E-02 0.11603007307406E-04 -.61412893537359E+01
 189 0.77703276656824E-02 0.12183279852869E-04 -.61412891404061E+01
 190 0.79622547590247E-02 0.12792572399526E-04 -.61412889152062E+01
 191 0.81589224515726E-02 0.13432336293231E-04 -.61412886774256E+01
 192 0.83604478361265E-02 0.14104095467194E-04 -.61412884263067E+01
 193 0.85669508976788E-02 0.14809450072638E-04 -.61412881610402E+01
 194 0.87785545848515E-02 0.15550080291082E-04 -.61412878807617E+01
 195 0.89953848830973E-02 0.16327750337336E-04 -.61412875845475E+01
 196 0.92175708897098E-02 0.17144312662756E-04 -.61412872714097E+01
 197 0.94452448906856E-02 0.18001712368787E-04 -.61412869402914E+01
 198 0.96785424394856E-02 0.18901991841301E-04 -.61412865900610E+01
 199 0.99176024377408E-02 0.19847295616799E-04 -.61412862195064E+01
 200 0.10162567217953E-01 0.20839875492075E-04 -.61412858273287E+01
 201 0.10413582628236E-01 0.21882095889518E-04 -.61412854121347E+01
 202 0.10670798119154E-01 0.22976439490871E-04 -.61412849724296E+01
 203 0.10934366832697E-01 0.24125513152861E-04 -.61412845066085E+01
 204 0.11204445693465E-01 0.25332054118825E-04 -.61412840129472E+01
 205 0.11481195502093E-01 0.26598936541147E-04 -.61412834895924E+01
 206 0.11764781030995E-01 0.27929178330066E-04 -.61412829345508E+01
 207 0.12055371122460E-01 0.29325948345194E-04 -.61412823456773E+01
 208 0.12353138789185E-01 0.30792573946908E-04 -.61412817206618E+01
 209 0.12658261317278E-01 0.32332548925631E-04 -.61412810570154E+01
 210 0.12970920371815E-01 0.33949541827930E-04 -.61412803520550E+01
 211 0.13291302104999E-01 0.35647404699302E-04 -.61412796028860E+01
 212 0.13619597266992E-01 0.37430182264518E-04 -.61412788063843E+01
 213 0.13956001319487E-01 0.39302121567434E-04 -.61412779591759E+01
 214 0.14300714552078E-01 0.41267682093300E-04 -.61412770576150E+01
 215 0.14653942201515E-01 0.43331546397720E-04 -.61412760977596E+01
 216 0.15015894573892E-01 0.45498631267659E-04 -.61412750753453E+01
 217 0.15386787169867E-01 0.47774099441148E-04 -.61412739857561E+01
 218 0.15766840812963E-01 0.50163371913683E-04 -.61412728239933E+01
 219 0.16156281781043E-01 0.52672140860726E-04 -.61412715846398E+01
 220 0.16555341941035E-01 0.55306383207171E-04 -.61412702618229E+01
 221 0.16964258886978E-01 0.58072374876228E-04 -.61412688491723E+01
 222 0.17383276081487E-01 0.60976705751753E-04 -.61412673397741E+01
 223 0.17812643000699E-01 0.64026295389823E-04 -.61412657261213E+01
 224 0.18252615282817E-01 0.67228409517104E-04 -.61412640000581E+01
 225 0.18703454880302E-01 0.70590677355480E-04 -.61412621527201E+01
 226 0.19165430215846E-01 0.74121109814374E-04 -.61412601744682E+01
 227 0.19638816342177E-01 0.77828118594305E-04 -.61412580548154E+01
 228 0.20123895105829E-01 0.81720536247373E-04 -.61412557823479E+01
 229 0.20620955314943E-01 0.85807637242713E-04 -.61412533446371E+01
 230 0.21130292911222E-01 0.90099160087336E-04 -.61412507281441E+01
 231 0.21652211146129E-01 0.94605330555349E-04 -.61412479181136E+01
 232 0.22187020761439E-01 0.99336886081181E-04 -.61412448984592E+01
 233 0.22735040174246E-01 0.10430510137528E-03 -.61412416516354E+01
 234 0.23296595666550E-01 0.10952181532370E-03 -.61412381584987E+01
 235 0.23872021579514E-01 0.11499945923596E-03 -.61412343981542E+01
 236 0.24461660512528E-01 0.12075108650918E-03 -.61412303477871E+01
 237 0.25065863527187E-01 0.12679040377928E-03 -.61412259824778E+01
 238 0.25684990356309E-01 0.13313180363446E-03 -.61412212749993E+01
 239 0.26319409618109E-01 0.13979039896906E-03 -.61412161955934E+01
 240 0.26969499035677E-01 0.14678205906072E-03 -.61412107117260E+01
 241 0.27635645661858E-01 0.15412344745719E-03 -.61412047878176E+01
 242 0.28318246109706E-01 0.16183206176414E-03 -.61411983849474E+01
 243 0.29017706788616E-01 0.16992627542950E-03 -.61411914605287E+01
 244 0.29734444146294E-01 0.17842538162491E-03 -.61411839679510E+01
 245 0.30468884916708E-01 0.18734963933001E-03 -.61411758561886E+01
 246 0.31221466374151E-01 0.19672032173046E-03 -.61411670693688E+01
 247 0.31992636593592E-01 0.20655976704637E-03 -.61411575462995E+01
 248 0.32782854717454E-01 0.21689143191381E-03 -.61411472199481E+01
 249 0.33592591228975E-01 0.22773994744805E-03 -.61411360168717E+01
 250 0.34422328232331E-01 0.23913117812403E-03 -.61411238565892E+01
 251 0.35272559739669E-01 0.25109228361627E-03 -.61411106508932E+01
 252 0.36143791965239E-01 0.26365178374777E-03 -.61410963030941E+01
 253 0.37036543626780E-01 0.27683962670499E-03 -.61410807071904E+01
 254 0.37951346254362E-01 0.29068726068421E-03 -.61410637469588E+01
 255 0.38888744506845E-01 0.30522770914284E-03 -.61410452949548E+01
 256 0.39849296496164E-01 0.32049564983816E-03 -.61410252114175E+01
 257 0.40833574119619E-01 0.33652749784556E-03 -.61410033430683E+01
 258 0.41842163400373E-01 0.35336149275778E-03 -.61409795217944E+01
 259 0.42875664836363E-01 0.37103779027753E-03 -.61409535632054E+01
 260 0.43934693757821E-01 0.38959855842623E-03 -.61409252650535E+01
 261 0.45019880693639E-01 0.40908807860367E-03 -.61408944055031E+01
 262 0.46131871746772E-01 0.42955285174504E-03 -.61408607412375E+01
 263 0.47271328978917E-01 0.45104170983478E-03 -.61408240053886E+01
 264 0.48438930804696E-01 0.47360593305000E-03 -.61407839052735E+01
 265 0.49635372395572E-01 0.49729937282054E-03 -.61407401199231E+01
 266 0.50861366093743E-01 0.52217858110735E-03 -.61406922973843E+01
 267 0.52117641836259E-01 0.54830294621699E-03 -.61406400517785E+01
 268 0.53404947589614E-01 0.57573483548614E-03 -.61405829600966E+01
 269 0.54724049795078E-01 0.60453974518788E-03 -.61405205587111E+01
 270 0.56075733825016E-01 0.63478645802961E-03 -.61404523395844E+01
 271 0.57460804450494E-01 0.66654720863214E-03 -.61403777461519E+01
 272 0.58880086320421E-01 0.69989785739962E-03 -.61402961688587E+01
 273 0.60334424452535E-01 0.73491807321206E-03 -.61402069403270E+01
 274 0.61824684736513E-01 0.77169152539437E-03 -.61401093301350E+01
 275 0.63351754449505E-01 0.81030608544054E-03 -.61400025391841E+01
 276 0.64916542784408E-01 0.85085403899654E-03 -.61398856936367E+01
 277 0.66519981391183E-01 0.89343230863245E-03 -.61397578384065E+01
 278 0.68163024931545E-01 0.93814268796283E-03 -.61396179301868E+01
 279 0.69846651647354E-01 0.98509208770399E-03 -.61394648300062E+01
 280 0.71571863943044E-01 0.10343927942887E-02 -.61392972953058E+01
 281 0.73339688982437E-01 0.10861627416923E-02 -.61391139715381E+01
 282 0.75151179300303E-01 0.11405257971589E-02 -.61389133832966E+01
 283 0.77007413429020E-01 0.11976120615555E-02 -.61386939249940E+01
 284 0.78909496540717E-01 0.12575581851190E-02 -.61384538511185E+01
 285 0.80858561105273E-01 0.13205076994044E-02 -.61381912661120E+01
 286 0.82855767564573E-01 0.13866113662880E-02 -.61379041139304E+01
 287 0.84902305023418E-01 0.14560275449230E-02 -.61375901673646E+01
 288 0.86999391957497E-01 0.15289225775981E-02 -.61372470172210E+01
 289 0.89148276938847E-01 0.16054711955004E-02 -.61368720614875E+01
 290 0.91350239379236E-01 0.16858569454415E-02 -.61364624946323E+01
 291 0.93606590291903E-01 0.17702726386619E-02 -.61360152972167E+01
 292 0.95918673072113E-01 0.18589208228964E-02 -.61355272260271E+01
 293 0.98287864296995E-01 0.19520142789457E-02 -.61349948049669E+01
 294 0.10071557454513E+00 0.20497765430728E-02 -.61344143169760E+01
 295 0.10320324923640E+00 0.21524424566176E-02 -.61337817972752E+01
 296 0.10575236949253E+00 0.22602587443038E-02 -.61330930282571E+01
 297 0.10836445301900E+00 0.23734846227952E-02 -.61323435363657E+01
 298 0.11104105500857E+00 0.24923924411537E-02 -.61315285913158E+01
 299 0.11378376906728E+00 0.26172683549424E-02 -.61306432080077E+01
 300 0.11659422816324E+00 0.27484130358244E-02 -.61296821514768E+01
 301 0.11947410559887E+00 0.28861424186160E-02 -.61286399451931E+01
 302 0.12242511600717E+00 0.30307884878683E-02 -.61275108829786E+01
 303 0.12544901637254E+00 0.31827001061789E-02 -.61262890447452E+01
 304 0.12854760707695E+00 0.33422438865660E-02 -.61249683161723E+01
 305 0.13172273297175E+00 0.35098051113796E-02 -.61235424123384E+01
 306 0.13497628447615E+00 0.36857887003779E-02 -.61220049051995E+01
 307 0.13831019870271E+00 0.38706202307565E-02 -.61203492546740E+01
 308 0.14172646061067E+00 0.40647470120946E-02 -.61185688429485E+01
 309 0.14522710418775E+00 0.42686392193649E-02 -.61166570114813E+01
 310 0.14881421366119E+00 0.44827910873555E-02 -.61146071000396E+01
 311 0.15248992473862E+00 0.47077221700639E-02 -.61124124869950E+01
 312 0.15625642587966E+00 0.49439786688508E-02 -.61100666300063E+01
 313 0.16011595959889E+00 0.51921348333884E-02 -.61075631061653E+01
 314 0.16407082380098E+00 0.54527944396991E-02 -.61048956506646E+01
 315 0.16812337314887E+00 0.57265923498637E-02 -.61020581930782E+01
 316 0.17227602046564E+00 0.60141961582817E-02 -.60990448904184E+01
 317 0.17653123817114E+00 0.63163079296914E-02 -.60958501562559E+01
 318 0.18089155975397E+00 0.66336660345104E-02 -.60924686853411E+01
 319 0.18535958127990E+00 0.69670470874336E-02 -.60888954733506E+01
 320 0.18993796293751E+00 0.73172679956311E-02 -.60851258315829E+01
 321 0.19462943062206E+00 0.76851881233307E-02 -.60811553966286E+01
 322 0.19943677755843E+00 0.80717115800377E-02 -.60769801352402E+01
 323 0.20436286596412E+00 0.84777896401571E-02 -.60725963448000E+01
 324 0.20941062875344E+00 0.89044233023328E-02 -.60680006499373E+01
 325 0.21458307128365E+00 0.93526659974105E-02 -.60631899959573E+01
 326 0.21988327314435E+00 0.98236264545746E-02 -.60581616398254E+01
 327 0.22531438999102E+00 0.10318471735900E-01 -.60529131394876E+01
 328 0.23087965542380E+00 0.10838430450310E-01 -.60474423423136E+01
 329 0.23658238291276E+00 0.11384796158741E-01 -.60417473734209E+01
 330 0.24242596777071E+00 0.11958930983185E-01 -.60358266245865E+01
 331 0.24841388917465E+00 0.12562269433244E-01 -.60296787443777E+01
 332 0.25454971223726E+00 0.13196322464829E-01 -.60233026300504E+01
 333 0.26083709012952E+00 0.13862681786779E-01 -.60166974216663E+01
 334 0.26727976625572E+00 0.14563024432335E-01 -.60098624987878E+01
 335 0.27388157648224E+00 0.15299117613748E-01 -.60027974800116E+01
 336 0.28064645142135E+00 0.16072823879664E-01 -.59955022255150E+01
 337 0.28757841877145E+00 0.16886106596485E-01 -.59879768427045E+01
 338 0.29468160571511E+00 0.17741035776517E-01 -.59802216949817E+01
 339 0.30196024137627E+00 0.18639794277519E-01 -.59722374135736E+01
 340 0.30941865933827E+00 0.19584684400185E-01 -.59640249123162E+01
 341 0.31706130022392E+00 0.20578134912143E-01 -.59555854052263E+01
 342 0.32489271433945E+00 0.21622708529334E-01 -.59469204266496E+01
 343 0.33291756438364E+00 0.22721109888004E-01 -.59380318537320E+01
 344 0.34114062822391E+00 0.23876194043165E-01 -.59289219309199E+01
 345 0.34956680174104E+00 0.25090975532176E-01 -.59195932961604E+01
 346 0.35820110174405E+00 0.26368638045059E-01 -.59100490084335E+01
 347 0.36704866895712E+00 0.27712544746410E-01 -.59002925762175E+01
 348 0.37611477108037E+00 0.29126249297154E-01 -.58903279864470E+01
 349 0.38540480592605E+00 0.30613507628052E-01 -.58801597334923E+01
 350 0.39492430463242E+00 0.32178290520736E-01 -.58697928476510E+01
 351 0.40467893495684E+00 0.33824797056095E-01 -.58592329226049E+01
 352 0.41467450465028E+00 0.35557468994165E-01 -.58484861412658E+01
 353 0.42491696491514E+00 0.37381006154087E-01 -.58375592993966E+01
 354 0.43541241394854E+00 0.39300382867366E-01 -.58264598263737E+01
 355 0.44616710057307E+00 0.41320865582367E-01 -.58151958024319E+01
 356 0.45718742795723E+00 0.43448031702775E-01 -.58037759717265E+01
 357 0.46847995742777E+00 0.45687789747517E-01 -.57922097505512E+01
 358 0.48005141237624E+00 0.48046400924247E-01 -.57805072300709E+01
 359 0.49190868226193E+00 0.50530502212869E-01 -.57686791729742E+01
 360 0.50405882671380E+00 0.53147131059437E-01 -.57567370035180E+01
 361 0.51650907973363E+00 0.55903751784018E-01 -.57446927905435E+01
 362 0.52926685400305E+00 0.58808283808308E-01 -.57325592231806E+01
 363 0.54233974529693E+00 0.61869131809730E-01 -.57203495791443E+01
 364 0.55573553700576E+00 0.65095217907799E-01 -.57080776857561E+01
 365 0.56946220476980E+00 0.68496015985305E-01 -.56957578741129E+01
 366 0.58352792122762E+00 0.72081588240528E-01 -.56834049271621E+01
 367 0.59794106088194E+00 0.75862624056394E-01 -.56710340228421E+01
 368 0.61271020508572E+00 0.79850481257233E-01 -.56586606738978E+01
 369 0.62784414715134E+00 0.84057229802198E-01 -.56463006664812E+01
 370 0.64335189758598E+00 0.88495697934897E-01 -.56339514510038E+01
 371 0.65924268945635E+00 0.93179520769541E-01 -.56216192264117E+01
 372 0.67552598388592E+00 0.98123191242400E-01 -.56093484224717E+01
 373 0.69221147568791E+00 0.10334211329104E+00 -.55971557262776E+01
 374 0.70930909913740E+00 0.10885265703909E+00 -.55850578941250E+01
 375 0.72682903388609E+00 0.11467221565740E+00 -.55730717561534E+01
 376 0.74478171102308E+00 0.12081926343840E+00 -.55612142483074E+01
 377 0.76317781928535E+00 0.12731341445399E+00 -.55495024765226E+01
 378 0.78202831142170E+00 0.13417548096148E+00 -.55379538174689E+01
 379 0.80134441071381E+00 0.14142753046971E+00 -.55265860591541E+01
 380 0.82113761765844E+00 0.14909294006930E+00 -.55154175830586E+01
 381 0.84141971681461E+00 0.15719644625742E+00 -.55044675871643E+01
 382 0.86220278381993E+00 0.16576418803711E+00 -.54937563461239E+01
 383 0.88349919258028E+00 0.17482374053072E+00 -.54833055008286E+01
 384 0.90532162263701E+00 0.18440413570456E+00 -.54731383646883E+01
 385 0.92768306671615E+00 0.19453586604051E+00 -.54632802280363E+01
 386 0.95059683846404E+00 0.20525086609739E+00 -.54537586352330E+01
 387 0.97407658037410E+00 0.21658246586441E+00 -.54446036013855E+01
 388 0.99813627190934E+00 0.22856530860898E+00 -.54358477273117E+01
 389 0.10227902378255E+01 0.24123522455171E+00 -.54275261627775E+01
 390 0.10480531566998E+01 0.25462905015864E+00 -.54196763595233E+01
 391 0.10739400696703E+01 0.26878438113026E+00 -.54123375477498E+01
 392 0.11004663893911E+01 0.28373924530583E+00 -.54055498632078E+01
 393 0.11276479092091E+01 0.29953167972864E+00 -.53993530476584E+01
 394 0.11555008125666E+01 0.31619919409471E+00 -.53937846441455E+01
 395 0.11840416826369E+01 0.33377810083221E+00 -.53888776112622E+01
 396 0.12132875121981E+01 0.35230269027419E+00 -.53846572884537E+01
 397 0.12432557137494E+01 0.37180422799126E+00 -.53811376584571E+01
 398 0.12739641298790E+01 0.39230975061289E+00 -.53783168742624E+01
 399 0.13054310438870E+01 0.41384063673494E+00 -.53761720474301E+01
 400 0.13376751906710E+01 0.43641093123027E+00 -.53746533329883E+01
 401 0.13707157678806E+01 0.46002540498845E+00 -.53736773939927E+01
 402 0.14045724473472E+01 0.48467733844552E+00 -.53731203863672E+01
 403 0.14392653867967E+01 0.51034602693824E+00 -.53728106716243E+01
 404 0.14748152418506E+01 0.53699401967966E+00 -.53725215407132E+01
 405 0.15112431783243E+01 0.56456412272277E+00 -.53719213752850E+01
 406 0.15485708848289E+01 0.59297622023401E+00 -.53706794402497E+01
 407 0.15868205856842E+01 0.62212399801392E+00 -.53683856111060E+01
 408 0.16260150541506E+01 0.65187168824395E+00 -.53645358825727E+01
 409 0.16661776259881E+01 0.68205099389352E+00 -.53585508068772E+01
 410 0.17073322133500E+01 0.71245839300017E+00 -.53497789861958E+01
 411 0.17495033190197E+01 0.74285306366464E+00 -.53375048689675E+01
 412 0.17927160509995E+01 0.77295570497697E+00 -.53209616721614E+01
 413 0.18369961374592E+01 0.80244855036637E+00 -.52993502097948E+01
 414 0.18823699420545E+01 0.83097686963204E+00 -.52718642982760E+01
 415 0.19288644796232E+01 0.85815222474241E+00 -.52377232051145E+01
 416 0.19765074322699E+01 0.88355767307329E+00 -.51962112748743E+01
 417 0.20253271658470E+01 0.90675499263898E+00 -.51467243629911E+01
 418 0.20753527468434E+01 0.92729383385606E+00 -.50888219871131E+01
 419 0.21266139596904E+01 0.94472248540053E+00 -.50222831185810E+01
 420 0.21791413244948E+01 0.95859969184874E+00 -.49471622367441E+01
 421 0.22329661152098E+01 0.96850670482218E+00 -.48638406086985E+01
 422 0.22881203782555E+01 0.97405852828065E+00 -.47730656761606E+01
 423 0.23446369515984E+01 0.97491318734547E+00 -.46759688286886E+01
 424 0.24025494843029E+01 0.97077787499573E+00 -.45740485363198E+01
 425 0.24618924565651E+01 0.96141108543144E+00 -.44691015003211E+01
 426 0.25227012002423E+01 0.94662040025216E+00 -.43630787268715E+01
 427 0.25850119198883E+01 0.92625651818681E+00 -.42578357557783E+01
 428 0.26488617143095E+01 0.90020545154670E+00 -.41547360449874E+01
 429 0.27142885986530E+01 0.86838238217492E+00 -.40542038651721E+01
 430 0.27813315270397E+01 0.00000000000000E+00 -.39561711604663E+01
 431 0.28500304157576E+01 0.00000000000000E+00 -.38605638711587E+01
 432 0.29204261670268E+01 0.00000000000000E+00 -.37673119460359E+01
 433 0.29925606933524E+01 0.00000000000000E+00 -.36763489446830E+01
 434 0.30664769424782E+01 0.00000000000000E+00 -.35876116791812E+01
 435 0.31422189229574E+01 0.00000000000000E+00 -.35010398933540E+01
 436 0.32198317303544E+01 0.00000000000000E+00 -.34165759773675E+01
 437 0.32993615740942E+01 0.00000000000000E+00 -.33341647152344E+01
 438 0.33808558049743E+01 0.00000000000000E+00 -.32537530626050E+01
 439 0.34643629433572E+01 0.00000000000000E+00 -.31752899521439E+01
 440 0.35499327080581E+01 0.00000000000000E+00 -.30987261237805E+01
 441 0.36376160459471E+01 0.00000000000000E+00 -.30240139771796E+01
 442 0.37274651622820E+01 0.00000000000000E+00 -.29511074438794E+01
 443 0.38195335517904E+01 0.00000000000000E+00 -.28799618766915E+01
 444 0.39138760305196E+01 0.00000000000000E+00 -.28105339541250E+01
 445 0.40105487684734E+01 0.00000000000000E+00 -.27427815977892E+01
 446 0.41096093230547E+01 0.00000000000000E+00 -.26766639009209E+01
 447 0.42111166733342E+01 0.00000000000000E+00 -.26121410663831E+01
 448 0.43151312551655E+01 0.00000000000000E+00 -.25491743526745E+01
 449 0.44217149971681E+01 0.00000000000000E+00 -.24877260266697E+01
 450 0.45309313575982E+01 0.00000000000000E+00 -.24277593219879E+01
 451 0.46428453621308E+01 0.00000000000000E+00 -.23692384020403E+01
 452 0.47575236425755E+01 0.00000000000000E+00 -.23121283269542E+01
 453 0.48750344765471E+01 0.00000000000000E+00 -.22563950236971E+01
 454 0.49954478281178E+01 0.00000000000000E+00 -.22020052588363E+01
 455 0.51188353894723E+01 0.00000000000000E+00 -.21489266134723E+01
 456 0.52452706235923E+01 0.00000000000000E+00 -.20971274599602E+01
 457 0.53748288079950E+01 0.00000000000000E+00 -.20465769401149E+01
 458 0.55075870795525E+01 0.00000000000000E+00 -.19972449446471E+01
 459 0.56436244804174E+01 0.00000000000000E+00 -.19491020936340E+01
 460 0.57830220050837E+01 0.00000000000000E+00 -.19021197178652E+01
 461 0.59258626486093E+01 0.00000000000000E+00 -.18562698409411E+01
 462 0.60722314560300E+01 0.00000000000000E+00 -.18115251620246E+01
 463 0.62222155729939E+01 0.00000000000000E+00 -.17678590391718E+01
 464 0.63759042976468E+01 0.00000000000000E+00 -.17252454731818E+01
 465 0.65333891337987E+01 0.00000000000000E+00 -.16836590919193E+01
 466 0.66947638454035E+01 0.00000000000000E+00 -.16430751350739E+01
 467 0.68601245123850E+01 0.00000000000000E+00 -.16034694393283E+01
 468 0.70295695878409E+01 0.00000000000000E+00 -.15648184239124E+01
 469 0.72031999566606E+01 0.00000000000000E+00 -.15270990765243E+01
 470 0.73811189955901E+01 0.00000000000000E+00 -.14902889396042E+01
 471 0.75634326347812E+01 0.00000000000000E+00 -.14543660969472E+01
 472 0.77502494208603E+01 0.00000000000000E+00 -.14193091606449E+01
 473 0.79416805815555E+01 0.00000000000000E+00 -.13850972583453E+01
 474 0.81378400919199E+01 0.00000000000000E+00 -.13517100208211E+01
 475 0.83388447421904E+01 0.00000000000000E+00 -.13191275698408E+01
 476 0.85448142073225E+01 0.00000000000000E+00 -.12873305063318E+01
 477 0.87558711182433E+01 0.00000000000000E+00 -.12562998988293E+01
 478 0.89721411348639E+01 0.00000000000000E+00 -.12260172722052E+01
 479 0.91937530208951E+01 0.00000000000000E+00 -.11964645966672E+01
 480 0.94208387205112E+01 0.00000000000000E+00 -.11676242770245E+01
 481 0.96535334369078E+01 0.00000000000000E+00 -.11394791422118E+01
 482 0.98919757127994E+01 0.00000000000000E+00 -.11120124350656E+01
 483 0.10136307512906E+02 0.00000000000000E+00 -.10852078023476E+01
 484 0.10386674308474E+02 0.00000000000000E+00 -.10590492850079E+01
 485 0.10643225163894E+02 0.00000000000000E+00 -.10335213086835E+01
 486 0.10906112825442E+02 0.00000000000000E+00 -.10086086744251E+01
 487 0.11175493812230E+02 0.00000000000000E+00 -.98429654964882E+00
 488 0.11451528509392E+02 0.00000000000000E+00 -.96057045930401E+00
 489 0.11734381263574E+02 0.00000000000000E+00 -.93741627725579E+00
 490 0.12024220480785E+02 0.00000000000000E+00 -.91482021787430E+00
 491 0.12321218726660E+02 0.00000000000000E+00 -.89276882782697E+00
 492 0.12625552829209E+02 0.00000000000000E+00 -.87124897806868E+00
 493 0.12937403984090E+02 0.00000000000000E+00 -.85024785602486E+00
 494 0.13256957862497E+02 0.00000000000000E+00 -.82975295796317E+00
 495 0.13584404721701E+02 0.00000000000000E+00 -.80975208154891E+00
 496 0.13919939518327E+02 0.00000000000000E+00 -.79023331857999E+00
 497 0.14263762024429E+02 0.00000000000000E+00 -.77118504789693E+00
 498 0.14616076946433E+02 0.00000000000000E+00 -.75259592846388E+00
 499 0.14977094047010E+02 0.00000000000000E+00 -.73445489261626E+00
 500 0.15347028269971E+02 0.00000000000000E+00 -.71675113947131E+00
 501 0.15726099868239E+02 0.00000000000000E+00 -.69947412849743E+00
 502 0.16114534534985E+02 0.00000000000000E+00 -.68261357323844E+00
 503 0.16512563537999E+02 0.00000000000000E+00 -.66615943518926E+00
 504 0.16920423857387E+02 0.00000000000000E+00 -.65010191781913E+00
 505 0.17338358326665E+02 0.00000000000000E+00 -.63443146073888E+00
 506 0.17766615777333E+02 0.00000000000000E+00 -.61913873400886E+00
 507 0.18205451187033E+02 0.00000000000000E+00 -.60421463258404E+00
 508 0.18655125831353E+02 0.00000000000000E+00 -.58965027089298E+00
 509 0.19115907439388E+02 0.00000000000000E+00 -.57543697754755E+00
 510 0.19588070353140E+02 0.00000000000000E+00 -.56156629018011E+00
 511 0.20071895690863E+02 0.00000000000000E+00 -.54802995040510E+00
 512 0.20567671514427E+02 0.00000000000000E+00 -.53481989890222E+00
 513 0.21075693000834E+02 0.00000000000000E+00 -.52192827061795E+00
 514 0.21596262617954E+02 0.00000000000000E+00 -.50934739008290E+00
 515 0.22129690304618E+02 0.00000000000000E+00 -.49706976684191E+00
 516 0.22676293655142E+02 0.00000000000000E+00 -.48508809099435E+00
 517 0.23236398108424E+02 0.00000000000000E+00 -.47339522884195E+00
 518 0.23810337141702E+02 0.00000000000000E+00 -.46198421864151E+00
 519 0.24398452469102E+02 0.00000000000000E+00 -.45084826645995E+00
 520 0.25001094245089E+02 0.00000000000000E+00 -.43998074212935E+00
 521 0.25618621272942E+02 0.00000000000000E+00 -.42937517529946E+00
 522 0.26251401218384E+02 0.00000000000000E+00 -.41902525158530E+00
 523 0.26899810828478E+02 0.00000000000000E+00 -.40892480880775E+00
 524 0.27564236155942E+02 0.00000000000000E+00 -.39906783332463E+00
 525 0.28245072788993E+02 0.00000000000000E+00 -.38944845645031E+00
 526 0.28942726086881E+02 0.00000000000000E+00 -.38006095096156E+00
 527 0.29657611421227E+02 0.00000000000000E+00 -.37089972768767E+00
 528 0.30390154423332E+02 0.00000000000000E+00 -.36195933218276E+00
 529 0.31140791237588E+02 0.00000000000000E+00 -.35323444147824E+00
 530 0.31909968781156E+02 0.00000000000000E+00 -.34471986091368E+00
 531 0.32698145010051E+02 0.00000000000000E+00 -.33641052104389E+00
 532 0.33505789191799E+02 0.00000000000000E+00 -.32830147462076E+00
 533 0.34333382184837E+02 0.00000000000000E+00 -.32038789364766E+00
 534 0.35181416724802E+02 0.00000000000000E+00 -.31266506650499E+00
 535 0.36050397717905E+02 0.00000000000000E+00 -.30512839514491E+00
 536 0.36940842541537E+02 0.00000000000000E+00 -.29777339235377E+00
 537 0.37853281352313E+02 0.00000000000000E+00 -.29059567908048E+00
 538 0.38788257401715E+02 0.00000000000000E+00 -.28359098182930E+00
 539 0.39746327359537E+02 0.00000000000000E+00 -.27675513011545E+00
 540 0.40728061645318E+02 0.00000000000000E+00 -.27008405398209E+00
 541 0.41734044767957E+02 0.00000000000000E+00 -.26357378157714E+00
 542 0.42764875673726E+02 0.00000000000000E+00 -.25722043678846E+00
 543 0.43821168102867E+02 0.00000000000000E+00 -.25102023693614E+00
 544 0.44903550955008E+02 0.00000000000000E+00 -.24496949052029E+00
 545 0.46012668663596E+02 0.00000000000000E+00 -.23906459502321E+00
 546 0.47149181579587E+02 0.00000000000000E+00 -.23330203476453E+00
 547 0.48313766364603E+02 0.00000000000000E+00 -.22767837880797E+00
 548 0.49507116393809E+02 0.00000000000000E+00 -.22219027891868E+00
 549 0.50729942168736E+02 0.00000000000000E+00 -.21683446756971E+00
 550 0.51982971740304E+02 0.00000000000000E+00 -.21160775599659E+00
 551 0.53266951142289E+02 0.00000000000000E+00 -.20650703229881E+00
 552 0.54582644835504E+02 0.00000000000000E+00 -.20152925958701E+00
 553 0.55930836162941E+02 0.00000000000000E+00 -.19667147417489E+00
 554 0.57312327816165E+02 0.00000000000000E+00 -.19193078381467E+00
 555 0.58727942313225E+02 0.00000000000000E+00 -.18730436597509E+00
 556 0.60178522488361E+02 0.00000000000000E+00 -.18278946616091E+00
 557 0.61664931993824E+02 0.00000000000000E+00 -.17838339627297E+00
 558 0.63188055814071E+02 0.00000000000000E+00 -.17408353300768E+00
 559 0.64748800792679E+02 0.00000000000000E+00 -.16988731629519E+00
 560 0.66348096172258E+02 0.00000000000000E+00 -.16579224777514E+00
 561 0.67986894147713E+02 0.00000000000000E+00 -.16179588930921E+00
 562 0.69666170433161E+02 0.00000000000000E+00 -.15789586152943E+00
 563 0.71386924842860E+02 0.00000000000000E+00 -.15408984242161E+00
 564 0.73150181886479E+02 0.00000000000000E+00 -.15037556594283E+00
 565 0.74956991379075E+02 0.00000000000000E+00 -.14675082067222E+00
 566 0.76808429066138E+02 0.00000000000000E+00 -.14321344849441E+00
 567 0.78705597264072E+02 0.00000000000000E+00 -.13976134331454E+00
