#   531 0.10247000000000E+01 0   1.1492 0.50000000000000E+01
   1 0.18939393939394E-03 0.56966132521920E-04 -.37162723194801E-01
   2 0.19407196969697E-03 0.58373195995211E-04 -.37162488264499E-01
   3 0.19886554734848E-03 0.59815013936293E-04 -.37162244593257E-01
   4 0.20377752636799E-03 0.61292444780519E-04 -.37161991873962E-01
   5 0.20881083126928E-03 0.62806368183975E-04 -.37161730077321E-01
   6 0.21396845880163E-03 0.64357685506614E-04 -.37161458626936E-01
   7 0.21925347973403E-03 0.65947320377153E-04 -.37161177207333E-01
   8 0.22466904068346E-03 0.67576219240141E-04 -.37160885411372E-01
   9 0.23021836598835E-03 0.69245351917024E-04 -.37160582840515E-01
  10 0.23590475962826E-03 0.70955712183894E-04 -.37160269152035E-01
  11 0.24173160719108E-03 0.72708318363183E-04 -.37159943868134E-01
  12 0.24770237788870E-03 0.74504213929957E-04 -.37159606589230E-01
  13 0.25382062662255E-03 0.76344468133195E-04 -.37159256874088E-01
  14 0.26008999610012E-03 0.78230176632408E-04 -.37158894242065E-01
  15 0.26651421900380E-03 0.80162462149990E-04 -.37158518237025E-01
  16 0.27309712021319E-03 0.82142475139670E-04 -.37158128341165E-01
  17 0.27984261908246E-03 0.84171394471494E-04 -.37157724057997E-01
  18 0.28675473177379E-03 0.86250428133705E-04 -.37157304830198E-01
  19 0.29383757364860E-03 0.88380813951979E-04 -.37156870137253E-01
  20 0.30109536171773E-03 0.90563820326416E-04 -.37156419378370E-01
  21 0.30853241715215E-03 0.92800746986736E-04 -.37155951967675E-01
  22 0.31615316785581E-03 0.95092925766134E-04 -.37155467294308E-01
  23 0.32396215110185E-03 0.97441721394248E-04 -.37154964721752E-01
  24 0.33196401623407E-03 0.99848532309709E-04 -.37154443570578E-01
  25 0.34016352743505E-03 0.10231479149277E-03 -.37153903168164E-01
  26 0.34856556656269E-03 0.10484196731850E-03 -.37153342812383E-01
  27 0.35717513605679E-03 0.10743156443104E-03 -.37152761740103E-01
  28 0.36599736191739E-03 0.11008512463949E-03 -.37152159205188E-01
  29 0.37503749675675E-03 0.11280422783587E-03 -.37151534413458E-01
  30 0.38430092292664E-03 0.11559049293580E-03 -.37150886537960E-01
  31 0.39379315572293E-03 0.11844557884243E-03 -.37150214718055E-01
  32 0.40351984666929E-03 0.12137118543409E-03 -.37149518099283E-01
  33 0.41348678688202E-03 0.12436905457649E-03 -.37148795747685E-01
  34 0.42369991051801E-03 0.12744097115973E-03 -.37148046718603E-01
  35 0.43416529830780E-03 0.13058876416112E-03 -.37147270027099E-01
  36 0.44488918117600E-03 0.13381430773413E-03 -.37146464646913E-01
  37 0.45587794395105E-03 0.13711952232424E-03 -.37145629545499E-01
  38 0.46713812916664E-03 0.14050637581244E-03 -.37144763607928E-01
  39 0.47867644095706E-03 0.14397688468690E-03 -.37143865697494E-01
  40 0.49049974904870E-03 0.14753311524360E-03 -.37142934662819E-01
  41 0.50261509285020E-03 0.15117718481663E-03 -.37141969266983E-01
  42 0.51502968564360E-03 0.15491126303889E-03 -.37140968243662E-01
  43 0.52775091887900E-03 0.15873757313391E-03 -.37139930303544E-01
  44 0.54078636657531E-03 0.16265839323958E-03 -.37138854068268E-01
  45 0.55414378982972E-03 0.16667605776461E-03 -.37137738152086E-01
  46 0.56783114143851E-03 0.17079295877847E-03 -.37136581086653E-01
  47 0.58185657063204E-03 0.17501154743569E-03 -.37135381369181E-01
  48 0.59622842792666E-03 0.17933433543531E-03 -.37134137439033E-01
  49 0.61095527009644E-03 0.18376389651643E-03 -.37132847666107E-01
  50 0.62604586526783E-03 0.18830286799064E-03 -.37131510375581E-01
  51 0.64150919813994E-03 0.19295395231242E-03 -.37130123834486E-01
  52 0.65735447533400E-03 0.19771991868819E-03 -.37128686231291E-01
  53 0.67359113087475E-03 0.20260360472524E-03 -.37127195706818E-01
  54 0.69022883180735E-03 0.20760791812129E-03 -.37125650324638E-01
  55 0.70727748395300E-03 0.21273583839591E-03 -.37124048068355E-01
  56 0.72474723780663E-03 0.21799041866457E-03 -.37122386876675E-01
  57 0.74264849458046E-03 0.22337478745666E-03 -.37120664591618E-01
  58 0.76099191239660E-03 0.22889215057833E-03 -.37118878978307E-01
  59 0.77978841263279E-03 0.23454579302138E-03 -.37117027741442E-01
  60 0.79904918642482E-03 0.24033908091933E-03 -.37115108476944E-01
  61 0.81878570132951E-03 0.24627546355181E-03 -.37113118716865E-01
  62 0.83900970815235E-03 0.25235847539843E-03 -.37111055882312E-01
  63 0.85973324794372E-03 0.25859173824351E-03 -.37108917325205E-01
  64 0.88096865916793E-03 0.26497896333262E-03 -.37106700288718E-01
  65 0.90272858504937E-03 0.27152395358263E-03 -.37104401921066E-01
  66 0.92502598110009E-03 0.27823060584618E-03 -.37102019262857E-01
  67 0.94787412283327E-03 0.28510291323224E-03 -.37099549264331E-01
  68 0.97128661366725E-03 0.29214496748388E-03 -.37096988748448E-01
  69 0.99527739302483E-03 0.29936096141491E-03 -.37094334444360E-01
  70 0.10198607446325E-02 0.30675519140668E-03 -.37091582945353E-01
  71 0.10450513050250E-02 0.31433205996655E-03 -.37088730734650E-01
  72 0.10708640722591E-02 0.32209607834965E-03 -.37085774170764E-01
  73 0.10973144148439E-02 0.33005186924537E-03 -.37082709478776E-01
  74 0.11244180808905E-02 0.33820416953025E-03 -.37079532761246E-01
  75 0.11521912074885E-02 0.34655783308896E-03 -.37076239968331E-01
  76 0.11806503303135E-02 0.35511783370489E-03 -.37072826912688E-01
  77 0.12098123934722E-02 0.36388926802230E-03 -.37069289262922E-01
  78 0.12396947595910E-02 0.37287735858158E-03 -.37065622536607E-01
  79 0.12703152201529E-02 0.38208745692959E-03 -.37061822079954E-01
  80 0.13016920060907E-02 0.39152504680685E-03 -.37057883099441E-01
  81 0.13338437986411E-02 0.40119574741350E-03 -.37053800609460E-01
  82 0.13667897404675E-02 0.41110531675605E-03 -.37049569469885E-01
  83 0.14005494470571E-02 0.42125965507680E-03 -.37045184342492E-01
  84 0.14351430183994E-02 0.43166480836801E-03 -.37040639724262E-01
  85 0.14705910509539E-02 0.44232697197305E-03 -.37035929899800E-01
  86 0.15069146499124E-02 0.45325249427648E-03 -.37031048967583E-01
  87 0.15441354417653E-02 0.46444788048541E-03 -.37025990821661E-01
  88 0.15822755871769E-02 0.47591979650436E-03 -.37020749137325E-01
  89 0.16213577941801E-02 0.48767507290586E-03 -.37015317383709E-01
  90 0.16614053316964E-02 0.49972070899934E-03 -.37009688786339E-01
  91 0.17024420433893E-02 0.51206387700055E-03 -.37003856356927E-01
  92 0.17444923618610E-02 0.52471192630415E-03 -.36997812857035E-01
  93 0.17875813231990E-02 0.53767238786189E-03 -.36991550804095E-01
  94 0.18317345818820E-02 0.55095297866920E-03 -.36985062456104E-01
  95 0.18769784260545E-02 0.56456160636261E-03 -.36978339807408E-01
  96 0.19233397931780E-02 0.57850637393100E-03 -.36971374587931E-01
  97 0.19708462860695E-02 0.59279558454337E-03 -.36964158234609E-01
  98 0.20195261893354E-02 0.60743774649602E-03 -.36956681909705E-01
  99 0.20694084862120E-02 0.62244157828219E-03 -.36948936460579E-01
 100 0.21205228758214E-02 0.63781601378710E-03 -.36940912443506E-01
 101 0.21728997908542E-02 0.65357020761154E-03 -.36932600082867E-01
 102 0.22265704156883E-02 0.66971354052727E-03 -.36923989283855E-01
 103 0.22815667049558E-02 0.68625562506744E-03 -.36915069618034E-01
 104 0.23379214025682E-02 0.70320631125530E-03 -.36905830302222E-01
 105 0.23956680612117E-02 0.72057569247485E-03 -.36896260198898E-01
 106 0.24548410623236E-02 0.73837411148683E-03 -.36886347805512E-01
 107 0.25154756365630E-02 0.75661216659358E-03 -.36876081238516E-01
 108 0.25776078847861E-02 0.77530071795671E-03 -.36865448223263E-01
 109 0.26412747995403E-02 0.79445089407115E-03 -.36854436084438E-01
 110 0.27065142870890E-02 0.81407409839964E-03 -.36843031736592E-01
 111 0.27733651899801E-02 0.83418201617156E-03 -.36831221666549E-01
 112 0.28418673101726E-02 0.85478662135028E-03 -.36818991923998E-01
 113 0.29120614327338E-02 0.87590018377307E-03 -.36806328114874E-01
 114 0.29839893501224E-02 0.89753527646819E-03 -.36793215378360E-01
 115 0.30576938870704E-02 0.91970478315318E-03 -.36779638381857E-01
 116 0.31332189260810E-02 0.94242190591921E-03 -.36765581307986E-01
 117 0.32106094335552E-02 0.96570017310603E-03 -.36751027834448E-01
 118 0.32899114865640E-02 0.98955344737213E-03 -.36735961132215E-01
 119 0.33711723002822E-02 0.10139959339653E-02 -.36720363839886E-01
 120 0.34544402560991E-02 0.10390421891985E-02 -.36704218061562E-01
 121 0.35397649304248E-02 0.10647071291356E-02 -.36687505343985E-01
 122 0.36271971242063E-02 0.10910060384938E-02 -.36670206665642E-01
 123 0.37167888931742E-02 0.11179545797660E-02 -.36652302427977E-01
 124 0.38085935788356E-02 0.11455688025708E-02 -.36633772433439E-01
 125 0.39026658402328E-02 0.11738651532339E-02 -.36614595874066E-01
 126 0.39990616864866E-02 0.12028604846087E-02 -.36594751322736E-01
 127 0.40978385101428E-02 0.12325720661403E-02 -.36574216708662E-01
 128 0.41990551213433E-02 0.12630175941800E-02 -.36552969312457E-01
 129 0.43027717828405E-02 0.12942152025567E-02 -.36530985748993E-01
 130 0.44090502458766E-02 0.13261834734114E-02 -.36508241948988E-01
 131 0.45179537869498E-02 0.13589414483011E-02 -.36484713154108E-01
 132 0.46295472454875E-02 0.13925086395798E-02 -.36460373893185E-01
 133 0.47438970624510E-02 0.14269050420627E-02 -.36435197974587E-01
 134 0.48610713198935E-02 0.14621511449819E-02 -.36409158474314E-01
 135 0.49811397814949E-02 0.14982679442393E-02 -.36382227717142E-01
 136 0.51041739340978E-02 0.15352769549663E-02 -.36354377267600E-01
 137 0.52302470302701E-02 0.15732002243963E-02 -.36325577916525E-01
 138 0.53594341319177E-02 0.16120603450598E-02 -.36295799671531E-01
 139 0.54918121549761E-02 0.16518804683078E-02 -.36265011740435E-01
 140 0.56274599152040E-02 0.16926843181752E-02 -.36233182526377E-01
 141 0.57664581751095E-02 0.17344962055896E-02 -.36200279614227E-01
 142 0.59088896920347E-02 0.17773410429372E-02 -.36166269763430E-01
 143 0.60548392674280E-02 0.18212443589928E-02 -.36131118895494E-01
 144 0.62043937973335E-02 0.18662323142248E-02 -.36094792094088E-01
 145 0.63576423241276E-02 0.19123317164838E-02 -.36057253590774E-01
 146 0.65146760895336E-02 0.19595700370860E-02 -.36018466764552E-01
 147 0.66755885889450E-02 0.20079754273001E-02 -.35978394136952E-01
 148 0.68404756270920E-02 0.20575767352493E-02 -.35936997371115E-01
 149 0.70094353750811E-02 0.21084035232393E-02 -.35894237267781E-01
 150 0.71825684288457E-02 0.21604860855223E-02 -.35850073769338E-01
 151 0.73599778690381E-02 0.22138554665102E-02 -.35804465961141E-01
 152 0.75417693224034E-02 0.22685434794467E-02 -.35757372078788E-01
 153 0.77280510246667E-02 0.23245827255524E-02 -.35708749511558E-01
 154 0.79189338849760E-02 0.23820066136541E-02 -.35658554817362E-01
 155 0.81145315519349E-02 0.24408493803119E-02 -.35606743729185E-01
 156 0.83149604812677E-02 0.25011461104565E-02 -.35553271176776E-01
 157 0.85203400051550E-02 0.25629327585517E-02 -.35498091301342E-01
 158 0.87307924032824E-02 0.26262461702945E-02 -.35441157477674E-01
 159 0.89464429756434E-02 0.26911241048689E-02 -.35382422342006E-01
 160 0.91674201171418E-02 0.27576052577671E-02 -.35321837819186E-01
 161 0.93938553940352E-02 0.28257292841941E-02 -.35259355157601E-01
 162 0.96258836222679E-02 0.28955368230719E-02 -.35194924969477E-01
 163 0.98636429477379E-02 0.29670695216588E-02 -.35128497271410E-01
 164 0.10107274928547E-01 0.30403700608016E-02 -.35060021534623E-01
 165 0.10356924619282E-01 0.31154821808378E-02 -.34989446739798E-01
 166 0.10612740657378E-01 0.31924507081659E-02 -.34916721437745E-01
 167 0.10874875351616E-01 0.32713215825022E-02 -.34841793815773E-01
 168 0.11143484772801E-01 0.33521418848442E-02 -.34764611772816E-01
 169 0.11418728846689E-01 0.34349598661593E-02 -.34685123000937E-01
 170 0.11700771449202E-01 0.35198249768210E-02 -.34603275075463E-01
 171 0.11989780503997E-01 0.36067878968118E-02 -.34519015553049E-01
 172 0.12285928082446E-01 0.36959005667173E-02 -.34432292080961E-01
 173 0.12589390506082E-01 0.37872162195326E-02 -.34343052511431E-01
 174 0.12900348451583E-01 0.38807894133050E-02 -.34251245033847E-01
 175 0.13218987058337E-01 0.39766760646384E-02 -.34156818310737E-01
 176 0.13545496038678E-01 0.40749334830838E-02 -.34059721630198E-01
 177 0.13880069790833E-01 0.41756204064427E-02 -.33959905069957E-01
 178 0.14222907514667E-01 0.42787970370111E-02 -.33857319674550E-01
 179 0.14574213330279E-01 0.43845250787918E-02 -.33751917646261E-01
 180 0.14934196399537E-01 0.44928677757052E-02 -.33643652553826E-01
 181 0.15303071050605E-01 0.46038899508290E-02 -.33532479554284E-01
 182 0.15681056905555E-01 0.47176580466986E-02 -.33418355633883E-01
 183 0.16068379011122E-01 0.48342401667014E-02 -.33301239866717E-01
 184 0.16465267972697E-01 0.49537061175998E-02 -.33181093693591E-01
 185 0.16871960091623E-01 0.50761274532184E-02 -.33057881219423E-01
 186 0.17288697505886E-01 0.52015775193334E-02 -.32931569536040E-01
 187 0.17715728334281E-01 0.53301314998024E-02 -.32802129062981E-01
 188 0.18153306824138E-01 0.54618664639766E-02 -.32669533918284E-01
 189 0.18601693502694E-01 0.55968614154366E-02 -.32533762310499E-01
 190 0.19061155332211E-01 0.57351973420964E-02 -.32394796960916E-01
 191 0.19531965868916E-01 0.58769572677234E-02 -.32252625553233E-01
 192 0.20014405425879E-01 0.60222263049202E-02 -.32107241214995E-01
 193 0.20508761239898E-01 0.61710917096214E-02 -.31958643028569E-01
 194 0.21015327642523E-01 0.63236429371572E-02 -.31806836579396E-01
 195 0.21534406235294E-01 0.64799716999392E-02 -.31651834537560E-01
 196 0.22066306069305E-01 0.66401720268269E-02 -.31493657277930E-01
 197 0.22611343829217E-01 0.68043403242366E-02 -.31332333539288E-01
 198 0.23169844021799E-01 0.69725754390550E-02 -.31167901126657E-01
 199 0.23742139169137E-01 0.71449787234263E-02 -.31000407654197E-01
 200 0.24328570006615E-01 0.73216541014826E-02 -.30829911338728E-01
 201 0.24929485685778E-01 0.75027081380920E-02 -.30656481836271E-01
 202 0.25545243982217E-01 0.76882501097016E-02 -.30480201134176E-01
 203 0.26176211508578E-01 0.78783920773591E-02 -.30301164492404E-01
 204 0.26822763932840E-01 0.80732489619971E-02 -.30119481443128E-01
 205 0.27485286201981E-01 0.82729386220737E-02 -.29935276847472E-01
 206 0.28164172771170E-01 0.84775819336627E-02 -.29748692013562E-01
 207 0.28859827838618E-01 0.86873028730963E-02 -.29559885877701E-01
 208 0.29572665586231E-01 0.89022286022668E-02 -.29369036254600E-01
 209 0.30303110426211E-01 0.91224895566990E-02 -.29176341155291E-01
 210 0.31051597253739E-01 0.93482195365135E-02 -.28982020178634E-01
 211 0.31818571705906E-01 0.95795558004062E-02 -.28786315981525E-01
 212 0.32604490427042E-01 0.98166391627774E-02 -.28589495825792E-01
 213 0.33409821340590E-01 0.10059614094151E-01 -.28391853211902E-01
 214 0.34235043927702E-01 0.10308628825032E-01 -.28193709598340E-01
 215 0.35080649512717E-01 0.10563835453363E-01 -.27995416214245E-01
 216 0.35947141555681E-01 0.10825390055748E-01 -.27797355967138E-01
 217 0.36835035952106E-01 0.11093452802609E-01 -.27599945452419E-01
 218 0.37744861340123E-01 0.11368188077484E-01 -.27403637068126E-01
 219 0.38677159415224E-01 0.11649764600650E-01 -.27208921240559E-01
 220 0.39632485252780E-01 0.11938355557290E-01 -.27016328767167E-01
 221 0.40611407638524E-01 0.12234138730427E-01 -.26826433281250E-01
 222 0.41614509407195E-01 0.12537296638869E-01 -.26639853846032E-01
 223 0.42642387789553E-01 0.12848016680411E-01 -.26457257683234E-01
 224 0.43695654767955E-01 0.13166491280577E-01 -.26279363044628E-01
 225 0.44774937440724E-01 0.13492918047181E-01 -.26106942231691E-01
 226 0.45880878395509E-01 0.13827499931015E-01 -.25940824772020E-01
 227 0.47014136091879E-01 0.14170445393000E-01 -.25781900758517E-01
 228 0.48175385253348E-01 0.14521968578130E-01 -.25631124357217E-01
 229 0.49365317269106E-01 0.14882289496604E-01 -.25489517492173E-01
 230 0.50584640605653E-01 0.15251634212518E-01 -.25358173709375E-01
 231 0.51834081228612E-01 0.15630235040559E-01 -.25238262225963E-01
 232 0.53114383034959E-01 0.16018330751134E-01 -.25131032165499E-01
 233 0.54426308295922E-01 0.16416166784424E-01 -.25037816980290E-01
 234 0.55770638110832E-01 0.16823995473880E-01 -.24960039058378E-01
 235 0.57148172872169E-01 0.17242076279687E-01 -.24899214510484E-01
 236 0.58559732742112E-01 0.17670676032808E-01 -.24856958130514E-01
 237 0.60006158140842E-01 0.18110069190206E-01 -.24834988520069E-01
 238 0.61488310246921E-01 0.18560538101931E-01 -.24835133365240E-01
 239 0.63007071510020E-01 0.19022373290765E-01 -.24859334854979E-01
 240 0.64563346176317E-01 0.19495873745203E-01 -.24909655228654E-01
 241 0.66158060826872E-01 0.19981347226567E-01 -.24988282441887E-01
 242 0.67792164929296E-01 0.20479110591134E-01 -.25097535944379E-01
 243 0.69466631403049E-01 0.20989490128201E-01 -.25239872567250E-01
 244 0.71182457198705E-01 0.21512821915080E-01 -.25417892523405E-01
 245 0.72940663891513E-01 0.22049452190087E-01 -.25634345532458E-01
 246 0.74742298289633E-01 0.22599737744659E-01 -.25892137088654E-01
 247 0.76588433057387E-01 0.23164046335816E-01 -.26194334899080E-01
 248 0.78480167353905E-01 0.23742757120267E-01 -.26544175526500E-01
 249 0.80418627487546E-01 0.24336261111544E-01 -.26945071276058E-01
 250 0.82404967586488E-01 0.24944961661665E-01 -.27400617369703E-01
 251 0.84440370285875E-01 0.25569274968897E-01 -.27914599454223E-01
 252 0.86526047431936E-01 0.26209630613338E-01 -.28491001487714E-01
 253 0.88663240803505E-01 0.26866472122131E-01 -.29134014046106E-01
 254 0.90853222851351E-01 0.27540257566250E-01 -.29848043086982E-01
 255 0.93097297455779E-01 0.28231460190959E-01 -.30637719201047E-01
 256 0.95396800702937E-01 0.28940569082145E-01 -.31507907373057E-01
 257 0.97753101680300E-01 0.29668089870937E-01 -.32463717264324E-01
 258 0.10016760329180E+00 0.30414545479133E-01 -.33510514018992E-01
 259 0.10264174309311E+00 0.31180476908170E-01 -.34653929583250E-01
 260 0.10517699414751E+00 0.31966444074555E-01 -.35899874515121E-01
 261 0.10777486590295E+00 0.32773026694849E-01 -.37254550247622E-01
 262 0.11043690509076E+00 0.33600825223555E-01 -.38724461753023E-01
 263 0.11316469664650E+00 0.34450461847439E-01 -.40316430539423E-01
 264 0.11595986465367E+00 0.35322581540100E-01 -.42037607892179E-01
 265 0.11882407331061E+00 0.36217853180829E-01 -.43895488253869E-01
 266 0.12175902792138E+00 0.37136970742088E-01 -.45897922615102E-01
 267 0.12476647591104E+00 0.38080654550231E-01 -.48053131767164E-01
 268 0.12784820786605E+00 0.39049652624393E-01 -.50369719245543E-01
 269 0.13100605860034E+00 0.40044742098793E-01 -.52856683771650E-01
 270 0.13424190824777E+00 0.41066730734081E-01 -.55523430980668E-01
 271 0.13755768338149E+00 0.42116458523661E-01 -.58379784205704E-01
 272 0.14095535816101E+00 0.43194799401404E-01 -.61435994076242E-01
 273 0.14443695550758E+00 0.44302663057473E-01 -.64702746682514E-01
 274 0.14800454830862E+00 0.45440996869528E-01 -.68191170060012E-01
 275 0.15166026065185E+00 0.46610787956938E-01 -.71912838761578E-01
 276 0.15540626908995E+00 0.47813065366199E-01 -.75879776312762E-01
 277 0.15924480393647E+00 0.49048902396218E-01 -.80104455390619E-01
 278 0.16317815059370E+00 0.50319419072687E-01 -.84599795630869E-01
 279 0.16720865091336E+00 0.51625784781339E-01 -.89379159056279E-01
 280 0.17133870459092E+00 0.52969221070474E-01 -.94456343231540E-01
 281 0.17557077059432E+00 0.54351004633770E-01 -.99845572389442E-01
 282 0.17990736862800E+00 0.55772470485069E-01 -.10556148693771E+00
 283 0.18435108063311E+00 0.57235015337489E-01 -.11161913194309E+00
 284 0.18890455232475E+00 0.58740101199955E-01 -.11803394539141E+00
 285 0.19357049476717E+00 0.60289259204968E-01 -.12482174722732E+00
 286 0.19835168598792E+00 0.61884093682207E-01 -.13199873036347E+00
 287 0.20325097263182E+00 0.63526286493336E-01 -.13958145498937E+00
 288 0.20827127165582E+00 0.65217601644203E-01 -.14758684756278E+00
 289 0.21341557206572E+00 0.66959890191393E-01 -.15603220578364E+00
 290 0.21868693669575E+00 0.68755095460941E-01 -.16493521057034E+00
 291 0.22408850403213E+00 0.70605258597753E-01 -.17431394551999E+00
 292 0.22962349008173E+00 0.72512524465073E-01 -.18418692348316E+00
 293 0.23529519028674E+00 0.74479147914033E-01 -.19457311869136E+00
 294 0.24110698148683E+00 0.76507500443997E-01 -.20549200136759E+00
 295 0.24706232392955E+00 0.78600077274984E-01 -.21696357002561E+00
 296 0.25316476333061E+00 0.80759504853994E-01 -.22900837504316E+00
 297 0.25941793298488E+00 0.82988548817495E-01 -.24164752557515E+00
 298 0.26582555592960E+00 0.85290122432678E-01 -.25490267163663E+00
 299 0.27239144716107E+00 0.87667295540411E-01 -.26879595379611E+00
 300 0.27911951590594E+00 0.90123304023024E-01 -.28334991553350E+00
 301 0.28601376794882E+00 0.92661559820261E-01 -.29858737755649E+00
 302 0.29307830801716E+00 0.95285661516769E-01 -.31453127926044E+00
 303 0.30031734222518E+00 0.97999405524515E-01 -.33120449888998E+00
 304 0.30773518057814E+00 0.10080679788319E+00 -.34862966991073E+00
 305 0.31533623953842E+00 0.10371206670105E+00 -.36682901517883E+00
 306 0.32312504465502E+00 0.10671967525751E+00 -.38582422175723E+00
 307 0.33110623325800E+00 0.10983433578667E+00 -.40563637730462E+00
 308 0.33928455721947E+00 0.11306102395822E+00 -.42628598424922E+00
 309 0.34766488578279E+00 0.11640499406744E+00 -.44779306146717E+00
 310 0.35625220846163E+00 0.11987179494006E+00 -.47017733619271E+00
 311 0.36505163801063E+00 0.12346728654965E+00 -.49345852255008E+00
 312 0.37406841346949E+00 0.12719765733430E+00 -.51765667816379E+00
 313 0.38330790328219E+00 0.13106944218580E+00 -.54279262702378E+00
 314 0.39277560849326E+00 0.13508954106720E+00 -.56888843498769E+00
 315 0.40247716602304E+00 0.13926523819326E+00 -.59596792357835E+00
 316 0.41241835202381E+00 0.14360422168149E+00 -.62405720760499E+00
 317 0.42260508531880E+00 0.14811460354937E+00 -.65318524218715E+00
 318 0.43304343092617E+00 0.15280493989352E+00 -.68338436470918E+00
 319 0.44373960367005E+00 0.15768425103910E+00 -.71469081693432E+00
 320 0.45469997188070E+00 0.16276204139036E+00 -.74714523192735E+00
 321 0.46593106118615E+00 0.16804831864480E+00 -.78079306961812E+00
 322 0.47743955839745E+00 0.17355361195250E+00 -.81568498386971E+00
 323 0.48923231548987E+00 0.17928898850600E+00 -.85187710289810E+00
 324 0.50131635368247E+00 0.18526606793420E+00 -.88943120392654E+00
 325 0.51369886761843E+00 0.19149703374254E+00 -.92841476214181E+00
 326 0.52638722964860E+00 0.19799464089003E+00 -.96890085343252E+00
 327 0.53938899422092E+00 0.20477221841916E+00 -.10109678901010E+01
 328 0.55271190237818E+00 0.21184366585504E+00 -.10546991688085E+01
 329 0.56636388636692E+00 0.21922344186374E+00 -.11001822104865E+01
 330 0.58035307436018E+00 0.22692654340533E+00 -.11475078728669E+01
 331 0.59468779529688E+00 0.23496847333314E+00 -.11967692176823E+01
 332 0.60937658384071E+00 0.24336519407814E+00 -.12480601164940E+01
 333 0.62442818546158E+00 0.25213306471615E+00 -.13014735815367E+01
 334 0.63985156164248E+00 0.26128875835025E+00 -.13570998109468E+01
 335 0.65565589521505E+00 0.27084915635427E+00 -.14150239412549E+01
 336 0.67185059582686E+00 0.28083121562611E+00 -.14753235040945E+01
 337 0.68844530554378E+00 0.29125180460077E+00 -.15380655886668E+01
 338 0.70544990459071E+00 0.30212750339098E+00 -.16033037166100E+01
 339 0.72287451723411E+00 0.31347436307848E+00 -.16710744414970E+01
 340 0.74072951780979E+00 0.32530761890046E+00 -.17413936912048E+01
 341 0.75902553689969E+00 0.33764135190075E+00 -.18142528778119E+01
 342 0.77777346766111E+00 0.35048809358961E+00 -.18896148064545E+01
 343 0.79698447231234E+00 0.36385836833686E+00 -.19674094218208E+01
 344 0.81666998877846E+00 0.37776016867964E+00 -.20475294378581E+01
 345 0.83684173750128E+00 0.39219835953951E+00 -.21298259050043E+01
 346 0.85751172841757E+00 0.40717400860898E+00 -.22141037779352E+01
 347 0.87869226810948E+00 0.42268364198987E+00 -.23001175553143E+01
 348 0.90039596713178E+00 0.43871842666241E+00 -.23875670754790E+01
 349 0.92263574751994E+00 0.45526328465362E+00 -.24760935656629E+01
 350 0.94542485048368E+00 0.47229594797556E+00 -.25652760603242E+01
 351 0.96877684429063E+00 0.48978596862000E+00 -.26546283280683E+01
 352 0.99270563234461E+00 0.50769370420007E+00 -.27435964787082E+01
 353 0.10172254614635E+01 0.52596930723694E+00 -.28315574647854E+01
 354 0.10423509303617E+01 0.54455175453411E+00 -.29178187477681E+01
 355 0.10680969983416E+01 0.56336796236930E+00 -.30016194695841E+01
 356 0.10944789942006E+01 0.58233204300125E+00 -.30821335543970E+01
 357 0.11215126253574E+01 0.60134476764672E+00 -.31584752590204E+01
 358 0.11492139872037E+01 0.62029330977087E+00 -.32297077829079E+01
 359 0.11775995726877E+01 0.63905134907612E+00 -.32948556235273E+01
 360 0.12066862821330E+01 0.65747961947068E+00 -.33529213890000E+01
 361 0.12364914333017E+01 0.67542698176378E+00 -.34029077562901E+01
 362 0.12670327717043E+01 0.69273208248700E+00 -.34438952148419E+01
 363 0.12983284811654E+01 0.70922563536015E+00 -.34749344745250E+01
 364 0.13303971946502E+01 0.72473340110537E+00 -.34952030910185E+01
 365 0.13632580053580E+01 0.73907987058137E+00 -.35040363632149E+01
 366 0.13969304780904E+01 0.75209246298568E+00 -.35009602973141E+01
 367 0.14314346608992E+01 0.76360617830927E+00 -.34857384835849E+01
 368 0.14667910970234E+01 0.77346849316540E+00 -.34584154740544E+01
 369 0.15030208371199E+01 0.78154423733138E+00 -.34193519978732E+01
 370 0.15401454517967E+01 0.78772014217068E+00 -.33692466590862E+01
 371 0.15781870444561E+01 0.79190872409287E+00 -.33091385608759E+01
 372 0.16171682644542E+01 0.79405117373934E+00 -.32403858625640E+01
 373 0.16571123205862E+01 0.79411897018922E+00 -.31646168635104E+01
 374 0.16980429949047E+01 0.79211403241923E+00 -.30836529822720E+01
 375 0.17399846568788E+01 0.78806735292343E+00 -.29994068982167E+01
 376 0.17829622779037E+01 0.78203621718696E+00 -.29137637376412E+01
 377 0.18270014461680E+01 0.77410027523229E+00 -.28284576932246E+01
 378 0.18721283818883E+01 0.76435686938995E+00 -.27449596872982E+01
 379 0.19183699529209E+01 0.75291610703117E+00 -.26643923492730E+01
 380 0.19657536907581E+01 0.73989617648009E+00 -.25874857375677E+01
 381 0.20143078069198E+01 0.72541933134529E+00 -.25145808027060E+01
 382 0.20640612097507E+01 0.70960882484487E+00 -.24456786578984E+01
 383 0.21150435216316E+01 0.69258689168176E+00 -.23805245169678E+01
 384 0.21672850966159E+01 0.67447369258539E+00 -.23187084083911E+01
 385 0.22208170385023E+01 0.65538699726527E+00 -.22597626989951E+01
 386 0.22756712193533E+01 0.63544231318517E+00 -.22032397660600E+01
 387 0.23318802984713E+01 0.61475317586698E+00 -.21487605847890E+01
 388 0.23894777418436E+01 0.59343138412924E+00 -.20960337801428E+01
 389 0.24484978420671E+01 0.57158705406867E+00 -.20448517585121E+01
 390 0.25089757387662E+01 0.54932849061881E+00 -.19950738661908E+01
 391 0.25709474395137E+01 0.52676183655663E+00 -.19466059502395E+01
 392 0.26344498412697E+01 0.50399064101586E+00 -.18993825524732E+01
 393 0.26995207523490E+01 0.48111536243062E+00 -.18533543096806E+01
 394 0.27661989149320E+01 0.45823286199151E+00 -.18084804006444E+01
 395 0.28345240281309E+01 0.43543591810953E+00 -.17647246233533E+01
 396 0.29045367716257E+01 0.41281277902325E+00 -.17220535816524E+01
 397 0.29762788298849E+01 0.39044676215848E+00 -.16804358945324E+01
 398 0.30497929169830E+01 0.36841590425866E+00 -.16398418286945E+01
 399 0.31251228020325E+01 0.34679266407846E+00 -.16002430874917E+01
 400 0.32023133352427E+01 0.32564367834473E+00 -.15616126580559E+01
 401 0.32814104746232E+01 0.30502957106331E+00 -.15239246857285E+01
 402 0.33624613133464E+01 0.28500481579259E+00 -.14871543665103E+01
 403 0.34455141077860E+01 0.26561765011391E+00 -.14512778539806E+01
 404 0.35306183062484E+01 0.24691004117403E+00 -.14162721785235E+01
 405 0.36178245784127E+01 0.22891770084369E+00 -.13821151771370E+01
 406 0.37071848454995E+01 0.21167014872454E+00 -.13487854323492E+01
 407 0.37987523111833E+01 0.19519082093968E+00 -.13162622189694E+01
 408 0.38925814932695E+01 0.17949722235746E+00 -.12845254575733E+01
 409 0.39887282561533E+01 0.16460111962283E+00 -.12535556737728E+01
 410 0.40872498440803E+01 0.15050877210373E+00 -.12233339624552E+01
 411 0.41882049152291E+01 0.13722119760256E+00 -.11938419562851E+01
 412 0.42916535766352E+01 0.12473446943689E+00 -.11650617978641E+01
 413 0.43976574199781E+01 0.11304004126190E+00 -.11369761150270E+01
 414 0.45062795582516E+01 0.10212509579450E+00 -.11095679988257E+01
 415 0.46175846633404E+01 0.91972913410845E-01 -.10828209838164E+01
 416 0.47316390045249E+01 0.82563256430869E-01 -.10567190303178E+01
 417 0.48485104879367E+01 0.73872764782562E-01 -.10312465083584E+01
 418 0.49682686969887E+01 0.65875358661295E-01 -.10063881830681E+01
 419 0.50909849338043E+01 0.58542643771712E-01 -.98212920130654E+00
 420 0.52167322616693E+01 0.51844314767365E-01 -.95845507935008E+00
 421 0.53455855485325E+01 0.45748552590743E-01 -.93535169148537E+00
 422 0.54776215115813E+01 0.40222411566615E-01 -.91280525938107E+00
 423 0.56129187629173E+01 0.35232192316170E-01 -.89080234212776E+00
 424 0.57515578563614E+01 0.30743796837539E-01 -.86932982685386E+00
 425 0.58936213354135E+01 0.26723062437337E-01 -.84837491983946E+00
 426 0.60391937823982E+01 0.23136071593016E-01 -.82792513806292E+00
 427 0.61883618688235E+01 0.19949435270174E-01 -.80796830112558E+00
 428 0.63412144069834E+01 0.17130547703677E-01 -.78849252350916E+00
 429 0.64978424028359E+01 0.14647811166112E-01 -.76948620712820E+00
 430 0.66583391101859E+01 0.12470829779826E-01 -.75093803414650E+00
 431 0.68228000862075E+01 0.10570571966975E-01 -.73283696003190E+00
 432 0.69913232483369E+01 0.89195016625248E-02 -.71517220682827E+00
 433 0.71640089325708E+01 0.74916789249428E-02 -.69793325662750E+00
 434 0.73409599532053E+01 0.62628310560731E-02 -.68110984522712E+00
 435 0.75222816640494E+01 0.52103957740258E-02 -.66469195596185E+00
 436 0.77080820211515E+01 0.43135383610785E-02 -.64866981369930E+00
 437 0.78984716470739E+01 0.35531450247167E-02 -.63303387899155E+00
 438 0.80935638967566E+01 0.29117949583172E-02 -.61777484237583E+00
 439 0.82934749250065E+01 0.23737137652805E-02 -.60288361881822E+00
 440 0.84983237556542E+01 0.19247110157234E-02 -.58835134229535E+00
 441 0.87082323524188E+01 0.15521047396175E-02 -.57416936050941E+00
 442 0.89233256915236E+01 0.12446356281926E-02 -.56032922973245E+00
 443 0.91437318361042E+01 0.99237362217952E-03 -.54682270977624E+00
 444 0.93695820124560E+01 0.78661941838814E-03 -.53364175908421E+00
 445 0.96010106881636E+01 0.61980323378175E-03 -.52077852994222E+00
 446 0.98381556521613E+01 0.48538293810745E-03 -.50822536380514E+00
 447 0.10081158096770E+02 0.37774341214102E-03 -.49597478673633E+00
 448 0.10330162701760E+02 0.29209871861952E-03 -.48401950495711E+00
 449 0.10585317720493E+02 0.22439839647668E-03 -.47235240050371E+00
 450 0.10846775068190E+02 0.17123891486807E-03 -.46096652698886E+00
 451 0.11114690412374E+02 0.12978105947148E-03 -.44985510546570E+00
 452 0.11389223265559E+02 0.97673776260956E-04 -.43901152039131E+00
 453 0.11670537080219E+02 0.72984772624237E-04 -.42842931568768E+00
 454 0.11958799346100E+02 0.54137976161427E-04 -.41810219089759E+00
 455 0.12254181689949E+02 0.39857780210611E-04 -.40802399743320E+00
 456 0.12556859977691E+02 0.29119863216178E-04 -.39818873491513E+00
 457 0.12867014419140E+02 0.21108256409517E-04 -.38859054759978E+00
 458 0.13184829675292E+02 0.15178249797222E-04 -.37922372089281E+00
 459 0.13510494968272E+02 0.10824668190382E-04 -.37008267794674E+00
 460 0.13844204193988E+02 0.76550143588427E-05 -.36116197634052E+00
 461 0.14186156037580E+02 0.53669623167497E-05 -.35245630483924E+00
 462 0.14536554091708E+02 0.37296869567247E-05 -.34396048023196E+00
 463 0.14895606977773E+02 0.25685333988391E-05 -.33566944424572E+00
 464 0.15263528470124E+02 0.17525572412592E-05 -.32757826053405E+00
 465 0.15640537623336E+02 0.11845023341040E-05 -.31968211173807E+00
 466 0.16026858902633E+02 0.79282298968917E-06 -.31197629661836E+00
 467 0.16422722317528E+02 0.52540029693582E-06 -.30445622725615E+00
 468 0.16828363558771E+02 0.34464542801321E-06 -.29711742632175E+00
 469 0.17244024138672E+02 0.22372491891221E-06 -.28995552440907E+00
 470 0.17669951534898E+02 0.14368267215562E-06 -.28296625743421E+00
 471 0.18106399337809E+02 0.91270031034396E-07 -.27614546409683E+00
 472 0.18553627401453E+02 0.57328193170760E-07 -.26948908340270E+00
 473 0.19011901998269E+02 0.35596221454163E-07 -.26299315224599E+00
 474 0.19481495977627E+02 0.21842947338798E-07 -.25665380304975E+00
 475 0.19962688928274E+02 0.13242288910215E-07 -.25046726146336E+00
 476 0.20455767344802E+02 0.79291885937849E-08 -.24442984411536E+00
 477 0.20961024798219E+02 0.46878553490728E-08 -.23853795642056E+00
 478 0.21478762110735E+02 0.27356575847647E-08 -.23278809043989E+00
 479 0.22009287534870E+02 0.15752517973015E-08 -.22717682279190E+00
 480 0.22552916936981E+02 0.89473369539315E-09 -.22170081261456E+00
 481 0.23109973985325E+02 0.50112275770202E-09 -.21635679957616E+00
 482 0.23680790342762E+02 0.27666100145873E-09 -.21114160193424E+00
 483 0.24265705864229E+02 0.15050401872874E-09 -.20605211464115E+00
 484 0.24865068799075E+02 0.80646067396364E-10 -.20108530749544E+00
 485 0.25479235998412E+02 0.42548817187912E-10 -.19623822333768E+00
 486 0.26108573127573E+02 0.22094834474996E-10 -.19150797628979E+00
 487 0.26753454883824E+02 0.11288029003952E-10 -.18689175003688E+00
 488 0.27414265219454E+02 0.56713958588628E-11 -.18238679615038E+00
 489 0.28091397570375E+02 0.28010557673407E-11 -.17799043245169E+00
 490 0.28785255090363E+02 0.13593269138824E-11 -.17370004141524E+00
 491 0.29496250891095E+02 0.64789051155641E-12 -.16951306861003E+00
 492 0.30224808288105E+02 0.30314804453218E-12 -.16542702117874E+00
 493 0.30971361052821E+02 0.13918012955425E-12 -.16143946635351E+00
 494 0.31736353670826E+02 0.62669801324085E-13 -.15754803000753E+00
 495 0.32520241606495E+02 0.27661352019875E-13 -.15375039524144E+00
 496 0.33323491574176E+02 0.11962030731024E-13 -.15004430100392E+00
 497 0.34146581816058E+02 0.50637515715144E-14 -.14642754074548E+00
 498 0.34990002386915E+02 0.20964081708171E-14 -.14289796110470E+00
 499 0.35854255445871E+02 0.00000000000000E+00 -.13945346062614E+00
 500 0.36739855555384E+02 0.00000000000000E+00 -.13609198850917E+00
 501 0.37647329987602E+02 0.00000000000000E+00 -.13281154338695E+00
 502 0.38577219038296E+02 0.00000000000000E+00 -.12961017213482E+00
 503 0.39530076348542E+02 0.00000000000000E+00 -.12648596870746E+00
 504 0.40506469234351E+02 0.00000000000000E+00 -.12343707300406E+00
 505 0.41506979024440E+02 0.00000000000000E+00 -.12046166976083E+00
 506 0.42532201406343E+02 0.00000000000000E+00 -.11755798747023E+00
 507 0.43582746781080E+02 0.00000000000000E+00 -.11472429732621E+00
 508 0.44659240626573E+02 0.00000000000000E+00 -.11195891219495E+00
 509 0.45762323870049E+02 0.00000000000000E+00 -.10926018561034E+00
 510 0.46892653269639E+02 0.00000000000000E+00 -.10662651079369E+00
 511 0.48050901805399E+02 0.00000000000000E+00 -.10405631969717E+00
 512 0.49237759079993E+02 0.00000000000000E+00 -.10154808207004E+00
 513 0.50453931729268E+02 0.00000000000000E+00 -.99100304547712E-01
 514 0.51700143842981E+02 0.00000000000000E+00 -.96711529762577E-01
 515 0.52977137395903E+02 0.00000000000000E+00 -.94380335476312E-01
 516 0.54285672689582E+02 0.00000000000000E+00 -.92105333733104E-01
 517 0.55626528805014E+02 0.00000000000000E+00 -.89885170033282E-01
 518 0.57000504066498E+02 0.00000000000000E+00 -.87718522526869E-01
 519 0.58408416516941E+02 0.00000000000000E+00 -.85604101226572E-01
 520 0.59851104404909E+02 0.00000000000000E+00 -.83540647239750E-01
 521 0.61329426683711E+02 0.00000000000000E+00 -.81526932018884E-01
 522 0.62844263522798E+02 0.00000000000000E+00 -.79561756630120E-01
 523 0.64396516831811E+02 0.00000000000000E+00 -.77643951039446E-01
 524 0.65987110797557E+02 0.00000000000000E+00 -.75772373416069E-01
 525 0.67616992434257E+02 0.00000000000000E+00 -.73945909452590E-01
 526 0.69287132147383E+02 0.00000000000000E+00 -.72163471701561E-01
 527 0.70998524311423E+02 0.00000000000000E+00 -.70423998928039E-01
 528 0.72752187861915E+02 0.00000000000000E+00 -.68726455477739E-01
 529 0.74549166902105E+02 0.00000000000000E+00 -.67069830660426E-01
 530 0.76390531324587E+02 0.00000000000000E+00 -.65453138148166E-01
 531 0.78277377448304E+02 0.00000000000000E+00 -.63875415388081E-01
