  1.041666666666700E-003 -3.384736703340194E-005
  1.067395833333300E-003 -3.554017909645175E-005
  1.093760510416700E-003 -3.731765798736828E-005
  1.120776395024000E-003 -3.918403872095164E-005
  1.148459571981000E-003 -4.114376818083960E-005
  1.176826523409000E-003 -4.320151488184488E-005
  1.205894138537200E-003 -4.536218181158366E-005
  1.235679723759100E-003 -4.763091708427810E-005
  1.266201012935900E-003 -5.001312639421313E-005
  1.297476177955400E-003 -5.251448588036809E-005
  1.329523839550900E-003 -5.514095566054190E-005
  1.362363078387800E-003 -5.789879404336286E-005
  1.396013446424000E-003 -6.079457245197998E-005
  1.430494978550700E-003 -6.383519109502064E-005
  1.465828204520900E-003 -6.702789542240137E-005
  1.502034161172500E-003 -7.038029340521581E-005
  1.539134404953500E-003 -7.390037368113597E-005
  1.577151024755900E-003 -7.759652460859724E-005
  1.616106655067300E-003 -8.147755427539519E-005
  1.656024489447500E-003 -8.555271150969438E-005
  1.696928294336800E-003 -8.983170794343653E-005
  1.738842423207000E-003 -9.432474118124786E-005
  1.781791831060200E-003 -9.904251913002393E-005
  1.825802089287400E-003 -1.039962855477495E-004
  1.870899400892800E-003 -1.091978468724204E-004
  1.917110616094800E-003 -1.146596003954735E-004
  1.964463248312300E-003 -1.203945638472759E-004
  2.012985490545700E-003 -1.264164064653493E-004
  2.062706232162100E-003 -1.327394816199957E-004
  2.113655076096500E-003 -1.393788610754416E-004
  2.165862356476100E-003 -1.463503709685529E-004
  2.219359156681100E-003 -1.536706295915264E-004
  2.274177327851100E-003 -1.613570870692823E-004
  2.330349507849000E-003 -1.694280670263947E-004
  2.387909140692900E-003 -1.779028103439108E-004
  2.446890496468000E-003 -1.868015211111673E-004
  2.507328691730800E-003 -1.961454148823433E-004
  2.569259710416500E-003 -2.059567693545407E-004
  2.632720425263800E-003 -2.162589775887006E-004
  2.697748619767800E-003 -2.270766039008356E-004
  2.764383010676100E-003 -2.384354425591732E-004
  2.832663271039800E-003 -2.503625794273224E-004
  2.902630053834500E-003 -2.628864567020037E-004
  2.974325016164200E-003 -2.760369409018211E-004
  3.047790844063500E-003 -2.898453942699315E-004
  3.123071277911800E-003 -3.043447497634906E-004
  3.200211138476200E-003 -3.195695898097917E-004
  3.279256353596600E-003 -3.355562290195287E-004
  3.360253985530400E-003 -3.523428010570166E-004
  3.443252258973000E-003 -3.699693498761442E-004
  3.528300589769700E-003 -3.884779255434431E-004
  3.615449614337000E-003 -4.079126848786224E-004
  3.704751219811100E-003 -4.283199971574360E-004
  3.796258574940400E-003 -4.497485551311478E-004
  3.890026161741500E-003 -4.722494916316969E-004
  3.986109807936500E-003 -4.958765020458772E-004
  4.084566720192500E-003 -5.206859729540411E-004
  4.185455518181300E-003 -5.467371172457779E-004
  4.288836269480300E-003 -5.740921160412116E-004
  4.394770525336500E-003 -6.028162677613626E-004
  4.503321357312300E-003 -6.329781447106764E-004
  4.614553394837900E-003 -6.646497575525716E-004
  4.728532863690400E-003 -6.979067280774012E-004
  4.845327625423600E-003 -7.328284706853604E-004
  4.965007217771600E-003 -7.694983830259447E-004
  5.087642896050500E-003 -8.080040462586018E-004
  5.213307675583000E-003 -8.484374354250692E-004
  5.342076375169900E-003 -8.908951404475548E-004
  5.474025661636600E-003 -9.354785982929031E-004
  5.609234095479000E-003 -9.822943368721815E-004
  5.747782177637300E-003 -1.031454231275231E-003
  5.889752397424900E-003 -1.083075772966061E-003
  6.035229281641300E-003 -1.137282352606519E-003
  6.184299444897900E-003 -1.194203557197520E-003
  6.337051641186900E-003 -1.253975482277578E-003
  6.493576816724200E-003 -1.316741059943749E-003
  6.653968164097300E-003 -1.382650403507795E-003
  6.818321177750500E-003 -1.451861169642603E-003
  6.986733710840900E-003 -1.524538938913550E-003
  7.159306033498700E-003 -1.600857615640323E-003
  7.336140892526100E-003 -1.680999848087013E-003
  7.517343572571500E-003 -1.765157470022035E-003
  7.703021958814000E-003 -1.853531964753200E-003
  7.893286601196699E-003 -1.946334952799564E-003
  8.088250780246300E-003 -2.043788704416119E-003
  8.288030574518299E-003 -2.146126678263127E-003
  8.492744929708900E-003 -2.253594087572307E-003
  8.702515729472801E-003 -2.366448495236885E-003
  8.917467867990700E-003 -2.484960439328888E-003
  9.137729324330100E-003 -2.609414090627794E-003
  9.363431238641100E-003 -2.740107943827009E-003
  9.594707990235500E-003 -2.877355544179552E-003
  9.831697277594300E-003 -3.021486251431809E-003
  1.007454020035100E-002 -3.172846043004276E-003
  1.032338134330000E-002 -3.331798358473101E-003
  1.057836886247900E-002 -3.498724987526858E-003
  1.083965457338200E-002 -3.674027003689779E-003
  1.110739404134500E-002 -3.858125746217832E-003
  1.138174667416600E-002 -4.051463852733448E-003
  1.166287581701800E-002 -4.254506345264863E-003
  1.195094884969800E-002 -4.467741772545226E-003
  1.224613728628600E-002 -4.691683411553895E-003
  1.254861687725700E-002 -4.926870531469832E-003
  1.285856771412500E-002 -5.173869723366048E-003
  1.317617433666400E-002 -5.433276299176792E-003
  1.350162584278000E-002 -5.705715763658819E-003
  1.383511600109600E-002 -5.991845363273674E-003
  1.417684336632400E-002 -6.292355716161566E-003
  1.452701139747200E-002 -6.607972527590137E-003
  1.488582857898900E-002 -6.939458395520724E-003
  1.525350854489000E-002 -7.287614711219239E-003
  1.563027020594900E-002 -7.653283660083290E-003
  1.601633788003600E-002 -8.037350328214735E-003
  1.641194142567300E-002 -8.440744920514319E-003
  1.681731637888700E-002 -8.864445096487475E-003
  1.723270409344600E-002 -9.309478430273374E-003
  1.765835188455400E-002 -9.776925001771580E-003
  1.809451317610200E-002 -1.026792012622492E-002
  1.854144765155200E-002 -1.078365722996692E-002
  1.899942140854500E-002 -1.132539088055143E-002
  1.946870711733600E-002 -1.189443997999127E-002
  1.994958418313500E-002 -1.249219113030028E-002
  2.044233891245800E-002 -1.312010218114066E-002
  2.094726468359600E-002 -1.377970596998255E-002
  2.146466212128000E-002 -1.447261426574944E-002
  2.199483927567600E-002 -1.520052192767788E-002
  2.253811180578500E-002 -1.596521129180042E-002
  2.309480316738800E-002 -1.676855679824664E-002
  2.366524480562300E-002 -1.761252987334315E-002
  2.424977635232200E-002 -1.849920408142256E-002
  2.484874582822400E-002 -1.943076056214375E-002
  2.546250985018100E-002 -2.040949377013975E-002
  2.609143384348000E-002 -2.143781753483467E-002
  2.673589225941400E-002 -2.251827145947867E-002
  2.739626879822200E-002 -2.365352767956782E-002
  2.807295663753800E-002 -2.484639800215866E-002
  2.876635866648500E-002 -2.609984144894429E-002
  2.947688772554700E-002 -2.741697222739570E-002
  3.020496685236800E-002 -2.880106815588268E-002
  3.095102953362200E-002 -3.025557957028818E-002
  3.171551996310200E-002 -3.178413874140924E-002
  3.249889330619100E-002 -3.339056983435783E-002
  3.330161597085400E-002 -3.507889944307787E-002
  3.412416588533400E-002 -3.685336773535056E-002
  3.496703278270200E-002 -3.871844024572665E-002
  3.583071849243500E-002 -4.067882035639614E-002
  3.671573723919800E-002 -4.273946250839585E-002
  3.762261594900600E-002 -4.490558618829441E-002
  3.855189456294600E-002 -4.718269073827363E-002
  3.950412635865100E-002 -4.957657104054742E-002
  4.047987827971000E-002 -5.209333413011658E-002
  4.147973127321900E-002 -5.473941679324375E-002
  4.250428063566700E-002 -5.752160421228834E-002
  4.355413636736800E-002 -6.044704972140383E-002
  4.462992353564200E-002 -6.352329574101209E-002
  4.573228264697200E-002 -6.675829596303766E-002
  4.686187002835300E-002 -7.016043886287410E-002
  4.801935821805300E-002 -7.373857261791486E-002
  4.920543636603900E-002 -7.750203151694053E-002
  5.042081064428000E-002 -8.146066394842909E-002
  5.166620466719400E-002 -8.562486206055382E-002
  5.294235992247300E-002 -9.000559318914030E-002
  5.425003621255800E-002 -9.461443315442598E-002
  5.559001210700900E-002 -9.946360153062536E-002
  5.696308540605200E-002 -0.104565998996412     
  5.837007361558100E-002 -0.109935246876743     
  5.981181443388600E-002 -0.115585728989430     
  6.128916625040300E-002 -0.121532635911320     
  6.280300865678801E-002 -0.127792011779302     
  6.435424297061100E-002 -0.134380803741487     
  6.594379277198500E-002 -0.141316914170962     
  6.757260445345301E-002 -0.148619255751300     
  6.924164778345300E-002 -0.156307809536013     
  7.095191648370400E-002 -0.164403686075335     
  7.270442882085200E-002 -0.172929189691280     
  7.450022821272700E-002 -0.181907885964519     
  7.634038384958100E-002 -0.191364672476237     
  7.822599133066600E-002 -0.201325852819087     
  8.015817331653299E-002 -0.211819213858633     
  8.213808019745200E-002 -0.222874106182636     
  8.416689077832901E-002 -0.234521527623779     
  8.624581298055400E-002 -0.246794209677795     
  8.837608456117300E-002 -0.259726706560744     
  9.055897384983400E-002 -0.273355486557169     
  9.279578050392499E-002 -0.287719025198833     
  9.508783628237200E-002 -0.302857899680578     
  9.743650583854700E-002 -0.318814883762749     
  9.984318753275900E-002 -0.335635042222245     
  0.102309314264820      -0.353365823693796     
  0.104836354327160      -0.372057150485700     
  0.107425812279040      -0.391761503649243     
  0.110079229842330      -0.412534001228046     
  0.112798186819440      -0.434432467201660     
  0.115584302033880      -0.457517488158116     
  0.118439234294110      -0.481852454177254     
  0.121364683381180      -0.507503579767408     
  0.124362391060690      -0.534539899962790     
  0.127434142119890      -0.563033235848026     
  0.130581765430250      -0.593058122814386     
  0.133807135036380      -0.624691693758583     
  0.137112171271780      -0.658013508198504     
  0.140498841902190      -0.693105316884780     
  0.143969163297180      -0.730050749923788     
  0.147525201630620      -0.768934914687145     
  0.151169074110890      -0.809843887855825     
  0.154902950241430      -0.852864083834762     
  0.158729053112400      -0.898081479476918     
  0.162649660724270      -0.945580672587304     
  0.166667107344160      -0.995443749068631     
  0.170783784895560       -1.04774893084978     
  0.175002144382480       -1.10256897398163     
  0.179324697348730       -1.15996928356612     
  0.183754017373240       -1.22000570964226     
  0.188292741602360       -1.28272198593463     
  0.192943572319940       -1.34814677170701     
  0.197709278556240       -1.41629025612889     
  0.202592697736580       -1.48714028491899     
  0.207596737370680       -1.56065797101979     
  0.212724376783730       -1.63677275524327     
  0.217978668890290       -1.71537688987249     
  0.223362742011880       -1.79631932892962     
  0.228879801739580       -1.87939902415167     
  0.234533132842540       -1.96435764676867     
  0.240326101223750       -2.05087178316707     
  0.246262155923980       -2.13854468877881     
  0.252344831175300       -2.22689773049423     
  0.258577748505330       -2.31536170491113     
  0.264964618893410       -2.40326828909143     
  0.271509244980080       -2.48984196312547     
  0.278215523331090       -2.57419284010451     
  0.285087446757370       -2.65531094856196     
  0.292129106692270       -2.73206263328164     
  0.299344695627570       -2.80318986889723     
  0.306738509609570       -2.86731341084303     
  0.314314950796930       -2.92294083058221     
  0.322078530081610       -2.96848058342161     
  0.330033869774630       -3.00226331954837     
  0.338185706358060       -3.02257164906021     
  0.346538893305110       -3.02767948089927     
  0.355098403969740       -3.01590184008726     
  0.363869334547800       -2.98565569004981     
  0.372856907111130       -2.93553170977866     
  0.382066472716770       -2.86437616314212     
  0.391503514592880       -2.77138093186233     
  0.401173651403320       -2.65617845876208     
  0.411082640592980       -2.51893680203169     
  0.421236381815630       -2.36044831629958     
  0.431640920446480       -2.18220380153860     
  0.442302451181500       -1.98644252254860     
  0.453227321725690       -1.77616760805334     
  0.464422036572310       -1.55511636836825     
  0.475893260875650       -1.32767643979287     
  0.487647824419280       -1.09874175875608     
  0.499692725682430      -0.873507444408599     
  0.512035136006790      -0.657209715102433     
  0.524682403866160      -0.454825559099715     
  0.537642059241650      -0.270756060741516     
  0.550921818104920      -0.108525500159515     
  0.564529587012110       2.946644164073029E-002
  0.578473467811310       0.142102044188602     
  0.592761762466250       0.229582193765492     
  0.607402977999160       0.293326788088514     
  0.622405831555740       0.335744555123057     
  0.637779255595170       0.359901878595696     
  0.653532403208370       0.369141231925399     
  0.669674653567620       0.366711700833089     
  0.686215617510740       0.355472396454363     
  0.703165143263250       0.337713714569918     
  0.720533322301860       0.315115113163352     
  0.738330495362710       0.288828079401397     
  0.756567258598170       0.259646692121305     
  0.775254469885550       0.228211991660816     
  0.794403255291720       0.195194242273280     
  0.814025015697420       0.161409579849895     
  0.834131433585150       0.127850448009882     
  0.854734479994700       9.563480727098990E-002
  0.875846421650570       6.589886507983164E-002
  0.897479828265340       3.966687707587048E-002
  0.919647580023490       1.772963140644235E-002
  0.942362875250080       5.547759405856894E-004
  0.965639238268750      -1.175792792097628E-002
  0.989490527453990      -1.947216596926136E-002
   1.01393094348210      -2.316432425356240E-002
   1.03897503778610      -2.363541746253114E-002
   1.06463772121940      -2.179996848415628E-002
   1.09093427293350      -1.856981819858052E-002
   1.11788034947500      -1.475166468441323E-002
   1.14549199410700      -1.097416275051792E-002
   1.17378564636150      -7.653845031156538E-003
   1.20277815182660      -5.000420454135035E-003
   1.23248677217670      -3.053529176583341E-003
   1.26292919544950      -1.737237154304394E-003
   1.29412354657710      -9.170344675477706E-004
   1.32608839817760      -4.469339081118958E-004
   1.35884278161250      -1.999699619733142E-004
   1.39240619831840      -8.161275868273390E-005
   1.42679863141680      -3.016486434479582E-005
   1.46204055761280      -1.001684655991619E-005
   1.49815295938590      -2.962264740499892E-006
   1.53515733748270      -7.726363122695071E-007
   1.57307572371850      -1.758619023275931E-007
   1.61193069409440      -3.452732550243986E-008
   1.65174538223850        0.00000000000000     
   1.69254349317980        0.00000000000000     
   1.73434931746130        0.00000000000000     
   1.77718774560260        0.00000000000000     
   1.82108428291900        0.00000000000000     
   1.86606506470710        0.00000000000000     
   1.91215687180540        0.00000000000000     
   1.95938714653900        0.00000000000000     
   2.00778400905850        0.00000000000000     
   2.05737627408220        0.00000000000000     
   2.10819346805200        0.00000000000000     
   2.16026584671290        0.00000000000000     
   2.21362441312670        0.00000000000000     
   2.26830093613100        0.00000000000000     
   2.32432796925340        0.00000000000000     
   2.38173887009400        0.00000000000000     
   2.44056782018530        0.00000000000000     
   2.50084984534390        0.00000000000000     
   2.56262083652390        0.00000000000000     
   2.62591757118600        0.00000000000000     
   2.69077773519430        0.00000000000000     
   2.75723994525360        0.00000000000000     
   2.82534377190140        0.00000000000000     
   2.89512976306730        0.00000000000000     
   2.96663946821510        0.00000000000000     
   3.03991546308000        0.00000000000000     
   3.11500137501810        0.00000000000000     
   3.19194190898100        0.00000000000000     
   3.27078287413280        0.00000000000000     
   3.35157121112390        0.00000000000000     
   3.43435502003870        0.00000000000000     
   3.51918358903360        0.00000000000000     
   3.60610742368280        0.00000000000000     
   3.69517827704770        0.00000000000000     
   3.78644918049080        0.00000000000000     
   3.87997447524890        0.00000000000000     
   3.97580984478760        0.00000000000000     
   4.07401234795380        0.00000000000000     
   4.17464045294830        0.00000000000000     
   4.27775407213610        0.00000000000000     
   4.38341459771790        0.00000000000000     
   4.49168493828150        0.00000000000000     
   4.60262955625710        0.00000000000000     
   4.71631450629660        0.00000000000000     
   4.83280747460210        0.00000000000000     
   4.95217781922480        0.00000000000000     
   5.07449661135970        0.00000000000000     
   5.19983667766030        0.00000000000000     
   5.32827264359850        0.00000000000000     
   5.45988097789530        0.00000000000000     
   5.59474003804940        0.00000000000000     
   5.73293011698920        0.00000000000000     
   5.87453349087880        0.00000000000000     
   6.01963446810350        0.00000000000000     
   6.16831943946570        0.00000000000000     
   6.32067692962050        0.00000000000000     
   6.47679764978210        0.00000000000000     
   6.63677455173170        0.00000000000000     
   6.80070288315950        0.00000000000000     
   6.96868024437350        0.00000000000000     
   7.14080664640960        0.00000000000000     
   7.31718457057590        0.00000000000000     
   7.49791902946910        0.00000000000000     
   7.68311762949700        0.00000000000000     
   7.87289063494560        0.00000000000000     
   8.06735103362870        0.00000000000000     
   8.26661460415930        0.00000000000000     
   8.47079998488210        0.00000000000000     
   8.68002874450870        0.00000000000000     
   8.89442545449800        0.00000000000000     
   9.11411776322410        0.00000000000000     
   9.33923647197580        0.00000000000000     
   9.56991561283360        0.00000000000000     
   9.80629252847050        0.00000000000000     
   10.0485079539240        0.00000000000000     
   10.2967061003860        0.00000000000000     
   10.5510347410650        0.00000000000000     
   10.8116452991700        0.00000000000000     
   11.0786929380590        0.00000000000000     
   11.3523366536290        0.00000000000000     
   11.6327393689740        0.00000000000000     
   11.9200680313870        0.00000000000000     
   12.2144937117630        0.00000000000000     
   12.5161917064430        0.00000000000000     
   12.8253416415920        0.00000000000000     
   13.1421275801400        0.00000000000000     
   13.4667381313690        0.00000000000000     
   13.7993665632140        0.00000000000000     
   14.1402109173250        0.00000000000000     
   14.4894741269830        0.00000000000000     
   14.8473641379200        0.00000000000000     
   15.2140940321260        0.00000000000000     
   15.5898821547200        0.00000000000000     
   15.9749522439410        0.00000000000000     
   16.3695335643670        0.00000000000000     
   16.7738610434070        0.00000000000000     
   17.1881754111790        0.00000000000000     
   17.6127233438350        0.00000000000000     
   18.0477576104280        0.00000000000000     
   18.4935372234050        0.00000000000000     
   18.9503275928230        0.00000000000000     
   19.4184006843660        0.00000000000000     
   19.8980351812700        0.00000000000000     
   20.3895166502470        0.00000000000000     
   20.8931377115080        0.00000000000000     
   21.4091982129830        0.00000000000000     
   21.9380054088430        0.00000000000000     
   22.4798741424420        0.00000000000000     
   23.0351270337600        0.00000000000000     
   23.6040946714940        0.00000000000000     
   24.1871158098800        0.00000000000000     
   24.7845375703840        0.00000000000000     
   25.3967156483720        0.00000000000000     
   26.0240145248870        0.00000000000000     
   26.6668076836520        0.00000000000000     
   27.3254778334380        0.00000000000000     
   28.0004171359240        0.00000000000000     
   28.6920274391810        0.00000000000000     
   29.4007205169290        0.00000000000000     
   30.1269183136970        0.00000000000000     
   30.8710531960450        0.00000000000000     
   31.6335682099880        0.00000000000000     
   32.4149173447740        0.00000000000000     
   33.2155658031900        0.00000000000000     
   34.0359902785290        0.00000000000000     
   34.8766792384090        0.00000000000000     
   35.7381332155980        0.00000000000000     
   36.6208651060230        0.00000000000000     
   37.5254004741420        0.00000000000000     
   38.4522778658530        0.00000000000000     
   39.4020491291390        0.00000000000000     
   40.3752797426290        0.00000000000000     
   41.3725491522720        0.00000000000000     
   42.3944511163330        0.00000000000000     
   43.4415940589070        0.00000000000000     
   44.5146014321620        0.00000000000000     
   45.6141120875360        0.00000000000000     
   46.7407806560980        0.00000000000000     
   47.8952779383040        0.00000000000000     
   49.0782913033800        0.00000000000000     
   50.2905250985730        0.00000000000000     
   51.5327010685080        0.00000000000000     
   52.8055587849000        0.00000000000000     
   54.1098560868870        0.00000000000000     
   55.4463695322330        0.00000000000000     
   56.8158948596800        0.00000000000000     
   58.2192474627140        0.00000000000000     
   59.6572628750430        0.00000000000000     
   61.1307972680560        0.00000000000000     
   62.6407279605770        0.00000000000000     
   64.1879539412030        0.00000000000000     
   65.7733964035510        0.00000000000000     
   67.3979992947190        0.00000000000000     
   69.0627298772980        0.00000000000000     
   70.7685793052680        0.00000000000000     
   72.5165632141080        0.00000000000000     
   74.3077223254960        0.00000000000000     
   76.1431230669360        0.00000000000000     
   78.0238582066890        0.00000000000000     
