#   567 0.10247000000000E+01 1   2.6489 0.11000000000000E+02
   1 0.79113924050633E-04 0.17807820463070E-08 -.64237817813810E+01
   2 0.81068037974684E-04 0.18698391167132E-08 -.64237818205084E+01
   3 0.83070418512658E-04 0.19633499392255E-08 -.64237818586913E+01
   4 0.85122257849921E-04 0.20615372463877E-08 -.64237818959525E+01
   5 0.87224777618814E-04 0.21646349247431E-08 -.64237819323142E+01
   6 0.89379229625999E-04 0.22728885281489E-08 -.64237819677978E+01
   7 0.91586896597761E-04 0.23865559047726E-08 -.64237820024245E+01
   8 0.93849092943725E-04 0.25059077979686E-08 -.64237820362150E+01
   9 0.96167165539435E-04 0.26312284909645E-08 -.64237820691892E+01
  10 0.98542494528260E-04 0.27628164840196E-08 -.64237821013667E+01
  11 0.10097649414311E-03 0.29009852054203E-08 -.64237821327667E+01
  12 0.10347061354844E-03 0.30460637580323E-08 -.64237821634078E+01
  13 0.10602633770309E-03 0.31983977031876E-08 -.64237821933082E+01
  14 0.10864518824436E-03 0.33583498837740E-08 -.64237822224857E+01
  15 0.11132872439399E-03 0.35263012884877E-08 -.64237822509575E+01
  16 0.11407854388652E-03 0.37026519593065E-08 -.64237822787406E+01
  17 0.11689628392052E-03 0.38878219443467E-08 -.64237823058514E+01
  18 0.11978362213336E-03 0.40822522983718E-08 -.64237823323061E+01
  19 0.12274227760005E-03 0.42864061333370E-08 -.64237823581202E+01
  20 0.12577401185677E-03 0.45007697214715E-08 -.64237823833091E+01
  21 0.12888062994963E-03 0.47258536535262E-08 -.64237824078878E+01
  22 0.13206398150939E-03 0.49621940549452E-08 -.64237824318707E+01
  23 0.13532596185267E-03 0.52103538628583E-08 -.64237824552721E+01
  24 0.13866851311043E-03 0.54709241669363E-08 -.64237824781058E+01
  25 0.14209362538426E-03 0.57445256173019E-08 -.64237825003853E+01
  26 0.14560333793125E-03 0.60318099028510E-08 -.64237825221239E+01
  27 0.14919974037815E-03 0.63334613035048E-08 -.64237825433342E+01
  28 0.15288497396549E-03 0.66501983200903E-08 -.64237825640289E+01
  29 0.15666123282244E-03 0.69827753857308E-08 -.64237825842202E+01
  30 0.16053076527316E-03 0.73319846628238E-08 -.64237826039199E+01
  31 0.16449587517540E-03 0.76986579298857E-08 -.64237826231397E+01
  32 0.16855892329223E-03 0.80836685627577E-08 -.64237826418909E+01
  33 0.17272232869755E-03 0.84879336148920E-08 -.64237826601845E+01
  34 0.17698857021638E-03 0.89124160016738E-08 -.64237826780312E+01
  35 0.18136018790073E-03 0.93581267939804E-08 -.64237826954417E+01
  36 0.18583978454188E-03 0.98261276264430E-08 -.64237827124259E+01
  37 0.19043002722006E-03 0.10317533226144E-07 -.64237827289940E+01
  38 0.19513364889239E-03 0.10833514067776E-07 -.64237827451556E+01
  39 0.19995345002004E-03 0.11375299161587E-07 -.64237827609201E+01
  40 0.20489230023553E-03 0.11944178980745E-07 -.64237827762967E+01
  41 0.20995314005135E-03 0.12541508535109E-07 -.64237827912945E+01
  42 0.21513898261062E-03 0.13168710598714E-07 -.64237828059220E+01
  43 0.22045291548110E-03 0.13827279098663E-07 -.64237828201879E+01
  44 0.22589810249348E-03 0.14518782673501E-07 -.64237828341003E+01
  45 0.23147778562507E-03 0.15244868409537E-07 -.64237828476673E+01
  46 0.23719528693001E-03 0.16007265764030E-07 -.64237828608967E+01
  47 0.24305401051718E-03 0.16807790684568E-07 -.64237828737962E+01
  48 0.24905744457696E-03 0.17648349934451E-07 -.64237828863731E+01
  49 0.25520916345801E-03 0.18530945634402E-07 -.64237828986346E+01
  50 0.26151282979542E-03 0.19457680031397E-07 -.64237829105878E+01
  51 0.26797219669137E-03 0.20430760505990E-07 -.64237829222393E+01
  52 0.27459110994964E-03 0.21452504830052E-07 -.64237829335959E+01
  53 0.28137351036540E-03 0.22525346687454E-07 -.64237829446639E+01
  54 0.28832343607143E-03 0.23651841470835E-07 -.64237829554495E+01
  55 0.29544502494239E-03 0.24834672368273E-07 -.64237829659588E+01
  56 0.30274251705847E-03 0.26076656754343E-07 -.64237829761975E+01
  57 0.31022025722981E-03 0.27380752900803E-07 -.64237829861714E+01
  58 0.31788269758339E-03 0.28750067022870E-07 -.64237829958860E+01
  59 0.32573440021370E-03 0.30187860677891E-07 -.64237830053465E+01
  60 0.33378003989898E-03 0.31697558534018E-07 -.64237830145580E+01
  61 0.34202440688448E-03 0.33282756527394E-07 -.64237830235256E+01
  62 0.35047240973453E-03 0.34947230427283E-07 -.64237830322540E+01
  63 0.35912907825497E-03 0.36694944829544E-07 -.64237830407478E+01
  64 0.36799956648787E-03 0.38530062599864E-07 -.64237830490114E+01
  65 0.37708915578012E-03 0.40456954789259E-07 -.64237830570492E+01
  66 0.38640325792789E-03 0.42480211045434E-07 -.64237830648653E+01
  67 0.39594741839871E-03 0.44604650544834E-07 -.64237830724636E+01
  68 0.40572731963315E-03 0.46835333471393E-07 -.64237830798478E+01
  69 0.41574878442809E-03 0.49177573069347E-07 -.64237830870216E+01
  70 0.42601777940347E-03 0.51636948298803E-07 -.64237830939884E+01
  71 0.43654041855473E-03 0.54219317124218E-07 -.64237831007516E+01
  72 0.44732296689303E-03 0.56930830467434E-07 -.64237831073142E+01
  73 0.45837184417529E-03 0.59777946858507E-07 -.64237831136792E+01
  74 0.46969362872642E-03 0.62767447819225E-07 -.64237831198493E+01
  75 0.48129506135596E-03 0.65906454015957E-07 -.64237831258273E+01
  76 0.49318304937146E-03 0.69202442220311E-07 -.64237831316155E+01
  77 0.50536467069093E-03 0.72663263117989E-07 -.64237831372163E+01
  78 0.51784717805700E-03 0.76297160008273E-07 -.64237831426318E+01
  79 0.53063800335501E-03 0.80112788438668E-07 -.64237831478639E+01
  80 0.54374476203787E-03 0.84119236821481E-07 -.64237831529143E+01
  81 0.55717525766021E-03 0.88326048081433E-07 -.64237831577848E+01
  82 0.57093748652442E-03 0.92743242385873E-07 -.64237831624766E+01
  83 0.58503964244157E-03 0.97381341011730E-07 -.64237831669911E+01
  84 0.59949012160988E-03 0.10225139140606E-06 -.64237831713293E+01
  85 0.61429752761364E-03 0.10736499349986E-06 -.64237831754921E+01
  86 0.62947067654570E-03 0.11273432733786E-06 -.64237831794801E+01
  87 0.64501860225638E-03 0.11837218209007E-06 -.64237831832938E+01
  88 0.66095056173211E-03 0.12429198651419E-06 -.64237831869336E+01
  89 0.67727604060689E-03 0.13050784094146E-06 -.64237831903994E+01
  90 0.69400475880988E-03 0.13703455086215E-06 -.64237831936912E+01
  91 0.71114667635249E-03 0.14388766219060E-06 -.64237831968086E+01
  92 0.72871199925839E-03 0.15108349829394E-06 -.64237831997511E+01
  93 0.74671118564007E-03 0.15863919887257E-06 -.64237832025179E+01
  94 0.76515495192538E-03 0.16657276078509E-06 -.64237832051079E+01
  95 0.78405427923794E-03 0.17490308091486E-06 -.64237832075198E+01
  96 0.80342041993512E-03 0.18365000118036E-06 -.64237832097523E+01
  97 0.82326490430751E-03 0.19283435579646E-06 -.64237832118035E+01
  98 0.84359954744391E-03 0.20247802089934E-06 -.64237832136713E+01
  99 0.86443645626577E-03 0.21260396665303E-06 -.64237832153535E+01
 100 0.88578803673554E-03 0.22323631196190E-06 -.64237832168475E+01
 101 0.90766700124291E-03 0.23440038191929E-06 -.64237832181504E+01
 102 0.93008637617361E-03 0.24612276812915E-06 -.64237832192591E+01
 103 0.95305950966509E-03 0.25843139204439E-06 -.64237832201699E+01
 104 0.97660007955382E-03 0.27135557147279E-06 -.64237832208791E+01
 105 0.10007221015188E-02 0.28492609040886E-06 -.64237832213826E+01
 106 0.10254399374263E-02 0.29917527235803E-06 -.64237832216757E+01
 107 0.10507683038807E-02 0.31413705732775E-06 -.64237832217537E+01
 108 0.10767222809866E-02 0.32984708266896E-06 -.64237832216111E+01
 109 0.11033173213270E-02 0.34634276796049E-06 -.64237832212423E+01
 110 0.11305692591637E-02 0.36366340413841E-06 -.64237832206412E+01
 111 0.11584943198651E-02 0.38185024708294E-06 -.64237832198013E+01
 112 0.11871091295658E-02 0.40094661588547E-06 -.64237832187155E+01
 113 0.12164307250660E-02 0.42099799603008E-06 -.64237832173764E+01
 114 0.12464765639752E-02 0.44205214773508E-06 -.64237832157759E+01
 115 0.12772645351053E-02 0.46415921971278E-06 -.64237832139056E+01
 116 0.13088129691225E-02 0.48737186861838E-06 -.64237832117563E+01
 117 0.13411406494598E-02 0.51174538447257E-06 -.64237832093186E+01
 118 0.13742668235014E-02 0.53733782235646E-06 -.64237832065820E+01
 119 0.14082112140419E-02 0.56421014069266E-06 -.64237832035357E+01
 120 0.14429940310288E-02 0.59242634644175E-06 -.64237832001683E+01
 121 0.14786359835952E-02 0.62205364756019E-06 -.64237831964674E+01
 122 0.15151582923900E-02 0.65316261308248E-06 -.64237831924202E+01
 123 0.15525827022120E-02 0.68582734120927E-06 -.64237831880129E+01
 124 0.15909314949566E-02 0.72012563580141E-06 -.64237831832310E+01
 125 0.16302275028821E-02 0.75613919170062E-06 -.64237831780592E+01
 126 0.16704941222032E-02 0.79395378931806E-06 -.64237831724811E+01
 127 0.17117553270217E-02 0.83365949895428E-06 -.64237831664797E+01
 128 0.17540356835991E-02 0.87535089533729E-06 -.64237831600367E+01
 129 0.17973603649840E-02 0.91912728288972E-06 -.64237831531330E+01
 130 0.18417551659991E-02 0.96509293226164E-06 -.64237831457483E+01
 131 0.18872465185993E-02 0.10133573286925E-05 -.64237831378613E+01
 132 0.19338615076087E-02 0.10640354327934E-05 -.64237831294493E+01
 133 0.19816278868466E-02 0.11172479543720E-05 -.64237831204885E+01
 134 0.20305740956517E-02 0.11731216399502E-05 -.64237831109538E+01
 135 0.20807292758143E-02 0.12317895746617E-05 -.64237831008184E+01
 136 0.21321232889269E-02 0.12933914992473E-05 -.64237830900544E+01
 137 0.21847867341634E-02 0.13580741429028E-05 -.64237830786321E+01
 138 0.22387509664973E-02 0.14259915727734E-05 -.64237830665204E+01
 139 0.22940481153698E-02 0.14973055609259E-05 -.64237830536862E+01
 140 0.23507111038194E-02 0.15721859696731E-05 -.64237830400948E+01
 141 0.24087736680837E-02 0.16508111561697E-05 -.64237830257094E+01
 142 0.24682703776854E-02 0.17333683972403E-05 -.64237830104912E+01
 143 0.25292366560142E-02 0.18200543354546E-05 -.64237829943994E+01
 144 0.25917088014178E-02 0.19110754475105E-05 -.64237829773908E+01
 145 0.26557240088128E-02 0.20066485360413E-05 -.64237829594199E+01
 146 0.27213203918305E-02 0.21070012460181E-05 -.64237829404385E+01
 147 0.27885370055087E-02 0.22123726069782E-05 -.64237829203959E+01
 148 0.28574138695447E-02 0.23230136023702E-05 -.64237828992385E+01
 149 0.29279919921225E-02 0.24391877673723E-05 -.64237828769096E+01
 150 0.30003133943279E-02 0.25611718166081E-05 -.64237828533496E+01
 151 0.30744211351678E-02 0.26892563032543E-05 -.64237828284951E+01
 152 0.31503593372065E-02 0.28237463111111E-05 -.64237828022797E+01
 153 0.32281732128355E-02 0.29649621812833E-05 -.64237827746326E+01
 154 0.33079090911925E-02 0.31132402752029E-05 -.64237827454795E+01
 155 0.33896144457450E-02 0.32689337758112E-05 -.64237827147416E+01
 156 0.34733379225549E-02 0.34324135288084E-05 -.64237826823357E+01
 157 0.35591293692420E-02 0.36040689259744E-05 -.64237826481737E+01
 158 0.36470398646622E-02 0.37843088326653E-05 -.64237826121624E+01
 159 0.37371217493194E-02 0.39735625616944E-05 -.64237825742034E+01
 160 0.38294286565276E-02 0.41722808959180E-05 -.64237825341923E+01
 161 0.39240155443438E-02 0.43809371619610E-05 -.64237824920187E+01
 162 0.40209387282891E-02 0.46000283576409E-05 -.64237824475657E+01
 163 0.41202559148779E-02 0.48300763357743E-05 -.64237824007095E+01
 164 0.42220262359753E-02 0.50716290471876E-05 -.64237823513187E+01
 165 0.43263102840039E-02 0.53252618458911E-05 -.64237822992542E+01
 166 0.44331701480188E-02 0.55915788595256E-05 -.64237822443685E+01
 167 0.45426694506749E-02 0.58712144283476E-05 -.64237821865052E+01
 168 0.46548733861066E-02 0.61648346161785E-05 -.64237821254981E+01
 169 0.47698487587434E-02 0.64731387969181E-05 -.64237820611709E+01
 170 0.48876640230844E-02 0.67968613204016E-05 -.64237819933365E+01
 171 0.50083893244545E-02 0.71367732615678E-05 -.64237819217959E+01
 172 0.51320965407686E-02 0.74936842571053E-05 -.64237818463377E+01
 173 0.52588593253255E-02 0.78684444339519E-05 -.64237817667370E+01
 174 0.53887531506611E-02 0.82619464342397E-05 -.64237816827548E+01
 175 0.55218553534824E-02 0.86751275415120E-05 -.64237815941365E+01
 176 0.56582451807134E-02 0.91089719132740E-05 -.64237815006111E+01
 177 0.57980038366771E-02 0.95645129251970E-05 -.64237814018898E+01
 178 0.59412145314430E-02 0.10042835632560E-04 -.64237812976648E+01
 179 0.60879625303696E-02 0.10545079354793E-04 -.64237811876081E+01
 180 0.62383352048697E-02 0.11072440389273E-04 -.64237810713693E+01
 181 0.63924220844300E-02 0.11626174860851E-04 -.64237809485749E+01
 182 0.65503149099155E-02 0.12207601713878E-04 -.64237808188255E+01
 183 0.67121076881904E-02 0.12818105853876E-04 -.64237806816947E+01
 184 0.68778967480887E-02 0.13459141446326E-04 -.64237805367262E+01
 185 0.70477807977665E-02 0.14132235380442E-04 -.64237803834322E+01
 186 0.72218609834713E-02 0.14838990906162E-04 -.64237802212903E+01
 187 0.74002409497630E-02 0.15581091453053E-04 -.64237800497412E+01
 188 0.75830269012222E-02 0.16360304640190E-04 -.64237798681855E+01
 189 0.77703276656824E-02 0.17178486486591E-04 -.64237796759805E+01
 190 0.79622547590247E-02 0.18037585832224E-04 -.64237794724365E+01
 191 0.81589224515726E-02 0.18939648980121E-04 -.64237792568135E+01
 192 0.83604478361265E-02 0.19886824570655E-04 -.64237790283164E+01
 193 0.85669508976788E-02 0.20881368699599E-04 -.64237787860906E+01
 194 0.87785545848515E-02 0.21925650292154E-04 -.64237785292174E+01
 195 0.89953848830973E-02 0.23022156745749E-04 -.64237782567080E+01
 196 0.92175708897098E-02 0.24173499855060E-04 -.64237779674979E+01
 197 0.94452448906856E-02 0.25382422033359E-04 -.64237776604403E+01
 198 0.96785424394856E-02 0.26651802845018E-04 -.64237773342991E+01
 199 0.99176024377408E-02 0.27984665864732E-04 -.64237769877412E+01
 200 0.10162567217953E-01 0.29384185879796E-04 -.64237766193277E+01
 201 0.10413582628236E-01 0.30853696452609E-04 -.64237762275051E+01
 202 0.10670798119154E-01 0.32396697861405E-04 -.64237758105947E+01
 203 0.10934366832697E-01 0.34016865438147E-04 -.64237753667821E+01
 204 0.11204445693465E-01 0.35718058323440E-04 -.64237748941044E+01
 205 0.11481195502093E-01 0.37504328659319E-04 -.64237743904374E+01
 206 0.11764781030995E-01 0.39379931241836E-04 -.64237738534809E+01
 207 0.12055371122460E-01 0.41349333656414E-04 -.64237732807427E+01
 208 0.12353138789185E-01 0.43417226920144E-04 -.64237726695212E+01
 209 0.12658261317278E-01 0.45588536656374E-04 -.64237720168862E+01
 210 0.12970920371815E-01 0.47868434828211E-04 -.64237713196578E+01
 211 0.13291302104999E-01 0.50262352058904E-04 -.64237705743837E+01
 212 0.13619597266992E-01 0.52775990568469E-04 -.64237697773137E+01
 213 0.13956001319487E-01 0.55415337757368E-04 -.64237689243719E+01
 214 0.14300714552078E-01 0.58186680469631E-04 -.64237680111268E+01
 215 0.14653942201515E-01 0.61096619969397E-04 -.64237670327572E+01
 216 0.15015894573892E-01 0.64152087666577E-04 -.64237659840163E+01
 217 0.15386787169867E-01 0.67360361629105E-04 -.64237648591909E+01
 218 0.15766840812963E-01 0.70729083921137E-04 -.64237636520580E+01
 219 0.16156281781043E-01 0.74266278808522E-04 -.64237623558355E+01
 220 0.16555341941035E-01 0.77980371874930E-04 -.64237609631296E+01
 221 0.16964258886978E-01 0.81880210094205E-04 -.64237594658761E+01
 222 0.17383276081487E-01 0.85975082906788E-04 -.64237578552764E+01
 223 0.17812643000699E-01 0.90274744350439E-04 -.64237561217264E+01
 224 0.18252615282817E-01 0.94789436298029E-04 -.64237542547396E+01
 225 0.18703454880302E-01 0.99529912857778E-04 -.64237522428617E+01
 226 0.19165430215846E-01 0.10450746599412E-03 -.64237500735767E+01
 227 0.19638816342177E-01 0.10973395243029E-03 -.64237477332044E+01
 228 0.20123895105829E-01 0.11522182189670E-03 -.64237452067872E+01
 229 0.20620955314943E-01 0.12098414679258E-03 -.64237424779654E+01
 230 0.21130292911222E-01 0.12703465333151E-03 -.64237395288411E+01
 231 0.21652211146129E-01 0.13338775424510E-03 -.64237363398276E+01
 232 0.22187020761439E-01 0.14005858312292E-03 -.64237328894844E+01
 233 0.22735040174246E-01 0.14706303047039E-03 -.64237291543354E+01
 234 0.23296595666550E-01 0.15441778157087E-03 -.64237251086694E+01
 235 0.23872021579514E-01 0.16214035624194E-03 -.64237207243207E+01
 236 0.24461660512528E-01 0.17024915058103E-03 -.64237159704276E+01
 237 0.25065863527187E-01 0.17876348079972E-03 -.64237108131673E+01
 238 0.25684990356309E-01 0.18770362925137E-03 -.64237052154640E+01
 239 0.26319409618109E-01 0.19709089276198E-03 -.64236991366684E+01
 240 0.26969499035677E-01 0.20694763337943E-03 -.64236925322055E+01
 241 0.27635645661858E-01 0.21729733166231E-03 -.64236853531866E+01
 242 0.28318246109706E-01 0.22816464263546E-03 -.64236775459840E+01
 243 0.29017706788616E-01 0.23957545454576E-03 -.64236690517629E+01
 244 0.29734444146294E-01 0.25155695055848E-03 -.64236598059669E+01
 245 0.30468884916708E-01 0.26413767354127E-03 -.64236497377533E+01
 246 0.31221466374151E-01 0.27734759409072E-03 -.64236387693725E+01
 247 0.31992636593592E-01 0.29121818196369E-03 -.64236268154856E+01
 248 0.32782854717454E-01 0.30578248108409E-03 -.64236137824164E+01
 249 0.33592591228975E-01 0.32107518830413E-03 -.64235995673288E+01
 250 0.34422328232331E-01 0.33713273610833E-03 -.64235840573251E+01
 251 0.35272559739669E-01 0.35399337945768E-03 -.64235671284553E+01
 252 0.36143791965239E-01 0.37169728698154E-03 -.64235486446310E+01
 253 0.37036543626780E-01 0.39028663673512E-03 -.64235284564344E+01
 254 0.37951346254362E-01 0.40980571675142E-03 -.64235063998123E+01
 255 0.38888744506845E-01 0.43030103062803E-03 -.64234822946453E+01
 256 0.39849296496164E-01 0.45182140840105E-03 -.64234559431804E+01
 257 0.40833574119619E-01 0.47441812297143E-03 -.64234271283158E+01
 258 0.41842163400373E-01 0.49814501236209E-03 -.64233956117232E+01
 259 0.42875664836363E-01 0.52305860809825E-03 -.64233611317965E+01
 260 0.43934693757821E-01 0.54921827001816E-03 -.64233234014087E+01
 261 0.45019880693639E-01 0.57668632783688E-03 -.64232821054644E+01
 262 0.46131871746772E-01 0.60552822980186E-03 -.64232368982293E+01
 263 0.47271328978917E-01 0.63581269879642E-03 -.64231874004200E+01
 264 0.48438930804696E-01 0.66761189626476E-03 -.64231331960364E+01
 265 0.49635372395572E-01 0.70100159435141E-03 -.64230738289164E+01
 266 0.50861366093743E-01 0.73606135666741E-03 -.64230087989956E+01
 267 0.52117641836259E-01 0.77287472811668E-03 -.64229375582503E+01
 268 0.53404947589614E-01 0.81152943423756E-03 -.64228595063056E+01
 269 0.54724049795078E-01 0.85211759053775E-03 -.64227739856885E+01
 270 0.56075733825016E-01 0.89473592232490E-03 -.64226802767077E+01
 271 0.57460804450494E-01 0.93948599556037E-03 -.64225775919425E+01
 272 0.58880086320421E-01 0.98647445929065E-03 -.64224650703258E+01
 273 0.60334424452535E-01 0.10358133002386E-02 -.64223417708077E+01
 274 0.61824684736513E-01 0.10876201101662E-02 -.64222066655918E+01
 275 0.63351754449505E-01 0.11420183666523E-02 -.64220586329387E+01
 276 0.64916542784408E-01 0.11991377279594E-02 -.64218964495394E+01
 277 0.66519981391183E-01 0.12591143427002E-02 -.64217187824663E+01
 278 0.68163024931545E-01 0.13220911750490E-02 -.64215241807222E+01
 279 0.69846651647354E-01 0.13882183462813E-02 -.64213110664146E+01
 280 0.71571863943044E-01 0.14576534934650E-02 -.64210777255987E+01
 281 0.73339688982437E-01 0.15305621461677E-02 -.64208222988458E+01
 282 0.75151179300303E-01 0.16071181220900E-02 -.64205427716129E+01
 283 0.77007413429020E-01 0.16875039425792E-02 -.64202369645078E+01
 284 0.78909496540717E-01 0.17719112690285E-02 -.64199025235653E+01
 285 0.80858561105273E-01 0.18605413612151E-02 -.64195369106777E+01
 286 0.82855767564573E-01 0.19536055586891E-02 -.64191373943432E+01
 287 0.84902305023418E-01 0.20513257863753E-02 -.64187010409285E+01
 288 0.86999391957497E-01 0.21539350856174E-02 -.64182247066636E+01
 289 0.89148276938847E-01 0.22616781719489E-02 -.64177050306168E+01
 290 0.91350239379236E-01 0.23748120209482E-02 -.64171384289223E+01
 291 0.93606590291903E-01 0.24936064835988E-02 -.64165210905488E+01
 292 0.95918673072113E-01 0.26183449326539E-02 -.64158489749184E+01
 293 0.98287864296995E-01 0.27493249415779E-02 -.64151178116859E+01
 294 0.10071557454513E+00 0.28868589977205E-02 -.64143231029875E+01
 295 0.10320324923640E+00 0.30312752514634E-02 -.64134601284509E+01
 296 0.10575236949253E+00 0.31829183031712E-02 -.64125239532251E+01
 297 0.10836445301900E+00 0.33421500298697E-02 -.64115094392423E+01
 298 0.11104105500857E+00 0.35093504536793E-02 -.64104112598540E+01
 299 0.11378376906728E+00 0.36849186541315E-02 -.64092239179037E+01
 300 0.11659422816324E+00 0.38692737266107E-02 -.64079417671913E+01
 301 0.11947410559887E+00 0.40628557892795E-02 -.64065590371748E+01
 302 0.12242511600717E+00 0.42661270409672E-02 -.64050698606239E+01
 303 0.12544901637254E+00 0.44795728726342E-02 -.64034683038144E+01
 304 0.12854760707695E+00 0.47037030351591E-02 -.64017483987238E+01
 305 0.13172273297175E+00 0.49390528663413E-02 -.63999041765724E+01
 306 0.13497628447615E+00 0.51861845801629E-02 -.63979297019605E+01
 307 0.13831019870271E+00 0.54456886215166E-02 -.63958191067820E+01
 308 0.14172646061067E+00 0.57181850897741E-02 -.63935666230613E+01
 309 0.14522710418775E+00 0.60043252347487E-02 -.63911666138689E+01
 310 0.14881421366119E+00 0.63047930287965E-02 -.63886136015140E+01
 311 0.15248992473862E+00 0.66203068189978E-02 -.63859022923050E+01
 312 0.15625642587966E+00 0.69516210635745E-02 -.63830275972906E+01
 313 0.16011595959889E+00 0.72995281569184E-02 -.63799846485492E+01
 314 0.16407082380098E+00 0.76648603478438E-02 -.63767688107672E+01
 315 0.16812337314887E+00 0.80484917559260E-02 -.63733756880325E+01
 316 0.17227602046564E+00 0.84513404910497E-02 -.63698011259470E+01
 317 0.17653123817114E+00 0.88743708815702E-02 -.63660412093314E+01
 318 0.18089155975397E+00 0.93185958167862E-02 -.63620922559436E+01
 319 0.18535958127990E+00 0.97850792097321E-02 -.63579508067456E+01
 320 0.18993796293751E+00 0.10274938586630E-01 -.63536136133418E+01
 321 0.19462943062206E+00 0.10789347809688E-01 -.63490776232598E+01
 322 0.19943677755843E+00 0.11329539940309E-01 -.63443399637637E+01
 323 0.20436286596412E+00 0.11896810250148E-01 -.63393979248741E+01
 324 0.20941062875344E+00 0.12492519387901E-01 -.63342489422334E+01
 325 0.21458307128365E+00 0.13118096710108E-01 -.63288905803952E+01
 326 0.21988327314435E+00 0.13775043784764E-01 -.63233205170449E+01
 327 0.22531438999102E+00 0.14464938076991E-01 -.63175365285774E+01
 328 0.23087965542380E+00 0.15189436826555E-01 -.63115364773743E+01
 329 0.23658238291276E+00 0.15950281127588E-01 -.63053183010399E+01
 330 0.24242596777071E+00 0.16749300221445E-01 -.62988800037749E+01
 331 0.24841388917465E+00 0.17588416014244E-01 -.62922196499960E+01
 332 0.25454971223726E+00 0.18469647831328E-01 -.62853353602420E+01
 333 0.26083709012952E+00 0.19395117421567E-01 -.62782253093490E+01
 334 0.26727976625572E+00 0.20367054225177E-01 -.62708877268324E+01
 335 0.27388157648224E+00 0.21387800919509E-01 -.62633208993640E+01
 336 0.28064645142135E+00 0.22459819258121E-01 -.62555231752034E+01
 337 0.28757841877145E+00 0.23585696219320E-01 -.62474929704072E+01
 338 0.29468160571511E+00 0.24768150481297E-01 -.62392287766158E+01
 339 0.30196024137627E+00 0.26010039241985E-01 -.62307291701932E+01
 340 0.30941865933827E+00 0.27314365402826E-01 -.62219928224699E+01
 341 0.31706130022392E+00 0.28684285136719E-01 -.62130185108227E+01
 342 0.32489271433945E+00 0.30123115861625E-01 -.62038051302974E+01
 343 0.33291756438364E+00 0.31634344642517E-01 -.61943517054620E+01
 344 0.34114062822391E+00 0.33221637045670E-01 -.61846574021497E+01
 345 0.34956680174104E+00 0.34888846470634E-01 -.61747215387290E+01
 346 0.35820110174405E+00 0.36640023986666E-01 -.61645435965055E+01
 347 0.36704866895712E+00 0.38479428701858E-01 -.61541232288354E+01
 348 0.37611477108037E+00 0.40411538694727E-01 -.61434602684975E+01
 349 0.38540480592605E+00 0.42441062539623E-01 -.61325547328395E+01
 350 0.39492430463242E+00 0.44572951458875E-01 -.61214068261891E+01
 351 0.40467893495684E+00 0.46812412136261E-01 -.61100169389884E+01
 352 0.41467450465028E+00 0.49164920227972E-01 -.60983856430909E+01
 353 0.42491696491514E+00 0.51636234608838E-01 -.60865136826460E+01
 354 0.43541241394854E+00 0.54232412393095E-01 -.60744019599883E+01
 355 0.44616710057307E+00 0.56959824770391E-01 -.60620515159591E+01
 356 0.45718742795723E+00 0.59825173698932E-01 -.60494635041151E+01
 357 0.46847995742777E+00 0.62835509498670E-01 -.60366391583259E+01
 358 0.48005141237624E+00 0.65998249388051E-01 -.60235797533427E+01
 359 0.49190868226193E+00 0.69321197007998E-01 -.60102865580312E+01
 360 0.50405882671380E+00 0.72812562976348E-01 -.59967607811169E+01
 361 0.51650907973363E+00 0.76480986514655E-01 -.59830035094929E+01
 362 0.52926685400305E+00 0.80335558186937E-01 -.59690156394054E+01
 363 0.54233974529693E+00 0.84385843786225E-01 -.59547978011504E+01
 364 0.55573553700576E+00 0.88641909399312E-01 -.59403502783245E+01
 365 0.56946220476980E+00 0.93114347672441E-01 -.59256729231445E+01
 366 0.58352792122762E+00 0.97814305290218E-01 -.59107650699256E+01
 367 0.59794106088194E+00 0.10275351166608E+00 -.58956254494639E+01
 368 0.61271020508572E+00 0.10794430882426E+00 -.58802521078283E+01
 369 0.62784414715134E+00 0.11339968242952E+00 -.58646564125028E+01
 370 0.64335189758598E+00 0.11913329388988E+00 -.58487593593845E+01
 371 0.65924268945635E+00 0.12515951341901E+00 -.58326173171202E+01
 372 0.67552598388592E+00 0.13149345389462E+00 -.58162253771075E+01
 373 0.69221147568791E+00 0.13815100528712E+00 -.57995778021309E+01
 374 0.70930909913740E+00 0.14514886935368E+00 -.57826680969384E+01
 375 0.72682903388609E+00 0.15250459419470E+00 -.57654891346632E+01
 376 0.74478171102308E+00 0.16023660814667E+00 -.57480333503514E+01
 377 0.76317781928535E+00 0.16836425233348E+00 -.57302930134545E+01
 378 0.78202831142170E+00 0.17690781100901E+00 -.57122605914044E+01
 379 0.80134441071381E+00 0.18588853859116E+00 -.56939292161927E+01
 380 0.82113761765844E+00 0.19532868200066E+00 -.56752932651046E+01
 381 0.84141971681461E+00 0.20525149656573E+00 -.56563490652455E+01
 382 0.86220278381993E+00 0.21568125332317E+00 -.56370957291209E+01
 383 0.88349919258028E+00 0.22664323502069E+00 -.56175361251114E+01
 384 0.90532162263701E+00 0.23816371748674E+00 -.55976779820982E+01
 385 0.92768306671615E+00 0.25026993226011E+00 -.55775351215913E+01
 386 0.95059683846404E+00 0.26299000543871E+00 -.55571288034007E+01
 387 0.97407658037410E+00 0.27635286658631E+00 -.55364891620828E+01
 388 0.99813627190934E+00 0.29038812019820E+00 -.55156567010694E+01
 389 0.10227902378255E+01 0.30512587063909E+00 -.54946837995585E+01
 390 0.10480531566998E+01 0.32059648959549E+00 -.54736361739897E+01
 391 0.10739400696703E+01 0.33683031289942E+00 -.54525942213750E+01
 392 0.11004663893911E+01 0.35385725105432E+00 -.54316541560849E+01
 393 0.11276479092091E+01 0.37170629491057E+00 -.54109288351273E+01
 394 0.11555008125666E+01 0.39040489470134E+00 -.53905481497710E+01
 395 0.11840416826369E+01 0.40997818708997E+00 -.53706588438410E+01
 396 0.12132875121981E+01 0.43044804107575E+00 -.53514236014837E+01
 397 0.12432557137494E+01 0.45183188969831E+00 -.53330192300526E+01
 398 0.12739641298790E+01 0.47414131070742E+00 -.53156337474850E+01
 399 0.13054310438870E+01 0.49738031608894E+00 -.52994621688419E+01
 400 0.13376751906710E+01 0.52154330809397E+00 -.52847007746229E+01
 401 0.13707157678806E+01 0.54661265896472E+00 -.52715396357357E+01
 402 0.14045724473472E+01 0.57255587392267E+00 -.52601531691987E+01
 403 0.14392653867967E+01 0.59932230355466E+00 -.52506885087775E+01
 404 0.14748152418506E+01 0.62683938425199E+00 -.52432515016860E+01
 405 0.15112431783243E+01 0.65500840597905E+00 -.52378413671309E+01
 406 0.15485708848289E+01 0.68369983788154E+00 -.52344644730753E+01
 407 0.15868205856842E+01 0.71274828682483E+00 -.52330097621139E+01
 408 0.16260150541506E+01 0.74194722454594E+00 -.52332288733503E+01
 409 0.16661776259881E+01 0.77104369779026E+00 -.52347260812654E+01
 410 0.17073322133500E+01 0.79973333326538E+00 -.52369325508865E+01
 411 0.17495033190197E+01 0.82765606356485E+00 -.52390817403630E+01
 412 0.17927160509995E+01 0.85439312529725E+00 -.52401883529311E+01
 413 0.18369961374592E+01 0.87946600430079E+00 -.52390341991311E+01
 414 0.18823699420545E+01 0.90233810472122E+00 -.52341654769760E+01
 415 0.19288644796232E+01 0.92241996887698E+00 -.52239072676525E+01
 416 0.19765074322699E+01 0.93907883323627E+00 -.52064023709265E+01
 417 0.20253271658470E+01 0.95165312475510E+00 -.51796827698917E+01
 418 0.20753527468434E+01 0.95947213217109E+00 -.51417826898617E+01
 419 0.21266139596904E+01 0.96188049013992E+00 -.50909018831151E+01
 420 0.21791413244948E+01 0.95826628107061E+00 -.50256256257989E+01
 421 0.22329661152098E+01 0.94809053474553E+00 -.49452026703744E+01
 422 0.22881203782555E+01 0.93091481593847E+00 -.48498718567080E+01
 423 0.23446369515984E+01 0.90642267134958E+00 -.47412081359806E+01
 424 0.24025494843029E+01 0.87443032728305E+00 -.46224210989591E+01
 425 0.24618924565651E+01 0.83488270687980E+00 -.44984661026824E+01
 426 0.25227012002423E+01 0.78783326339251E+00 -.43756815968026E+01
 427 0.25850119198883E+01 0.73341121891673E+00 -.42603634843225E+01
 428 0.26488617143095E+01 0.67178874842884E+00 -.41550495137660E+01
 429 0.27142885986530E+01 0.60317141601518E+00 -.40544706348443E+01
 430 0.27813315270397E+01 0.00000000000000E+00 -.39563963380896E+01
 431 0.28500304157576E+01 0.00000000000000E+00 -.38607524099788E+01
 432 0.29204261670268E+01 0.00000000000000E+00 -.37674685469919E+01
 433 0.29925606933524E+01 0.00000000000000E+00 -.36764779861129E+01
 434 0.30664769424782E+01 0.00000000000000E+00 -.35877171714059E+01
 435 0.31422189229574E+01 0.00000000000000E+00 -.35011254544762E+01
 436 0.32198317303544E+01 0.00000000000000E+00 -.34166448265335E+01
 437 0.32993615740942E+01 0.00000000000000E+00 -.33342196797204E+01
 438 0.33808558049743E+01 0.00000000000000E+00 -.32537965953433E+01
 439 0.34643629433572E+01 0.00000000000000E+00 -.31753241566598E+01
 440 0.35499327080581E+01 0.00000000000000E+00 -.30987527839197E+01
 441 0.36376160459471E+01 0.00000000000000E+00 -.30240345894343E+01
 442 0.37274651622820E+01 0.00000000000000E+00 -.29511232505465E+01
 443 0.38195335517904E+01 0.00000000000000E+00 -.28799738984931E+01
 444 0.39138760305196E+01 0.00000000000000E+00 -.28105430212849E+01
 445 0.40105487684734E+01 0.00000000000000E+00 -.27427883788696E+01
 446 0.41096093230547E+01 0.00000000000000E+00 -.26766689289910E+01
 447 0.42111166733342E+01 0.00000000000000E+00 -.26121447623078E+01
 448 0.43151312551655E+01 0.00000000000000E+00 -.25491770454761E+01
 449 0.44217149971681E+01 0.00000000000000E+00 -.24877279710486E+01
 450 0.45309313575982E+01 0.00000000000000E+00 -.24277607131707E+01
 451 0.46428453621308E+01 0.00000000000000E+00 -.23692393881870E+01
 452 0.47575236425755E+01 0.00000000000000E+00 -.23121290193840E+01
 453 0.48750344765471E+01 0.00000000000000E+00 -.22563955052072E+01
 454 0.49954478281178E+01 0.00000000000000E+00 -.22020055903833E+01
 455 0.51188353894723E+01 0.00000000000000E+00 -.21489268394702E+01
 456 0.52452706235923E+01 0.00000000000000E+00 -.20971276124319E+01
 457 0.53748288079950E+01 0.00000000000000E+00 -.20465770419039E+01
 458 0.55075870795525E+01 0.00000000000000E+00 -.19972450118730E+01
 459 0.56436244804174E+01 0.00000000000000E+00 -.19491021375466E+01
 460 0.57830220050837E+01 0.00000000000000E+00 -.19021197462279E+01
 461 0.59258626486093E+01 0.00000000000000E+00 -.18562698590501E+01
 462 0.60722314560300E+01 0.00000000000000E+00 -.18115251734510E+01
 463 0.62222155729939E+01 0.00000000000000E+00 -.17678590462949E+01
 464 0.63759042976468E+01 0.00000000000000E+00 -.17252454775676E+01
 465 0.65333891337987E+01 0.00000000000000E+00 -.16836590945856E+01
 466 0.66947638454035E+01 0.00000000000000E+00 -.16430751366739E+01
 467 0.68601245123850E+01 0.00000000000000E+00 -.16034694402757E+01
 468 0.70295695878409E+01 0.00000000000000E+00 -.15648184244658E+01
 469 0.72031999566606E+01 0.00000000000000E+00 -.15270990768430E+01
 470 0.73811189955901E+01 0.00000000000000E+00 -.14902889397851E+01
 471 0.75634326347812E+01 0.00000000000000E+00 -.14543660970484E+01
 472 0.77502494208603E+01 0.00000000000000E+00 -.14193091607007E+01
 473 0.79416805815555E+01 0.00000000000000E+00 -.13850972583755E+01
 474 0.81378400919199E+01 0.00000000000000E+00 -.13517100208373E+01
 475 0.83388447421904E+01 0.00000000000000E+00 -.13191275698493E+01
 476 0.85448142073225E+01 0.00000000000000E+00 -.12873305063362E+01
 477 0.87558711182433E+01 0.00000000000000E+00 -.12562998988316E+01
 478 0.89721411348639E+01 0.00000000000000E+00 -.12260172722063E+01
 479 0.91937530208951E+01 0.00000000000000E+00 -.11964645966677E+01
 480 0.94208387205112E+01 0.00000000000000E+00 -.11676242770248E+01
 481 0.96535334369078E+01 0.00000000000000E+00 -.11394791422119E+01
 482 0.98919757127994E+01 0.00000000000000E+00 -.11120124350657E+01
 483 0.10136307512906E+02 0.00000000000000E+00 -.10852078023477E+01
 484 0.10386674308474E+02 0.00000000000000E+00 -.10590492850079E+01
 485 0.10643225163894E+02 0.00000000000000E+00 -.10335213086835E+01
 486 0.10906112825442E+02 0.00000000000000E+00 -.10086086744252E+01
 487 0.11175493812230E+02 0.00000000000000E+00 -.98429654964882E+00
 488 0.11451528509392E+02 0.00000000000000E+00 -.96057045930401E+00
 489 0.11734381263574E+02 0.00000000000000E+00 -.93741627725579E+00
 490 0.12024220480785E+02 0.00000000000000E+00 -.91482021787430E+00
 491 0.12321218726660E+02 0.00000000000000E+00 -.89276882782697E+00
 492 0.12625552829209E+02 0.00000000000000E+00 -.87124897806868E+00
 493 0.12937403984090E+02 0.00000000000000E+00 -.85024785602486E+00
 494 0.13256957862497E+02 0.00000000000000E+00 -.82975295796317E+00
 495 0.13584404721701E+02 0.00000000000000E+00 -.80975208154891E+00
 496 0.13919939518327E+02 0.00000000000000E+00 -.79023331857999E+00
 497 0.14263762024429E+02 0.00000000000000E+00 -.77118504789693E+00
 498 0.14616076946433E+02 0.00000000000000E+00 -.75259592846388E+00
 499 0.14977094047010E+02 0.00000000000000E+00 -.73445489261626E+00
 500 0.15347028269971E+02 0.00000000000000E+00 -.71675113947131E+00
 501 0.15726099868239E+02 0.00000000000000E+00 -.69947412849743E+00
 502 0.16114534534985E+02 0.00000000000000E+00 -.68261357323844E+00
 503 0.16512563537999E+02 0.00000000000000E+00 -.66615943518926E+00
 504 0.16920423857387E+02 0.00000000000000E+00 -.65010191781913E+00
 505 0.17338358326665E+02 0.00000000000000E+00 -.63443146073888E+00
 506 0.17766615777333E+02 0.00000000000000E+00 -.61913873400886E+00
 507 0.18205451187033E+02 0.00000000000000E+00 -.60421463258404E+00
 508 0.18655125831353E+02 0.00000000000000E+00 -.58965027089298E+00
 509 0.19115907439388E+02 0.00000000000000E+00 -.57543697754755E+00
 510 0.19588070353140E+02 0.00000000000000E+00 -.56156629018011E+00
 511 0.20071895690863E+02 0.00000000000000E+00 -.54802995040510E+00
 512 0.20567671514427E+02 0.00000000000000E+00 -.53481989890222E+00
 513 0.21075693000834E+02 0.00000000000000E+00 -.52192827061795E+00
 514 0.21596262617954E+02 0.00000000000000E+00 -.50934739008290E+00
 515 0.22129690304618E+02 0.00000000000000E+00 -.49706976684191E+00
 516 0.22676293655142E+02 0.00000000000000E+00 -.48508809099435E+00
 517 0.23236398108424E+02 0.00000000000000E+00 -.47339522884195E+00
 518 0.23810337141702E+02 0.00000000000000E+00 -.46198421864151E+00
 519 0.24398452469102E+02 0.00000000000000E+00 -.45084826645995E+00
 520 0.25001094245089E+02 0.00000000000000E+00 -.43998074212935E+00
 521 0.25618621272942E+02 0.00000000000000E+00 -.42937517529946E+00
 522 0.26251401218384E+02 0.00000000000000E+00 -.41902525158530E+00
 523 0.26899810828478E+02 0.00000000000000E+00 -.40892480880775E+00
 524 0.27564236155942E+02 0.00000000000000E+00 -.39906783332463E+00
 525 0.28245072788993E+02 0.00000000000000E+00 -.38944845645031E+00
 526 0.28942726086881E+02 0.00000000000000E+00 -.38006095096156E+00
 527 0.29657611421227E+02 0.00000000000000E+00 -.37089972768767E+00
 528 0.30390154423332E+02 0.00000000000000E+00 -.36195933218276E+00
 529 0.31140791237588E+02 0.00000000000000E+00 -.35323444147824E+00
 530 0.31909968781156E+02 0.00000000000000E+00 -.34471986091368E+00
 531 0.32698145010051E+02 0.00000000000000E+00 -.33641052104389E+00
 532 0.33505789191799E+02 0.00000000000000E+00 -.32830147462076E+00
 533 0.34333382184837E+02 0.00000000000000E+00 -.32038789364766E+00
 534 0.35181416724802E+02 0.00000000000000E+00 -.31266506650499E+00
 535 0.36050397717905E+02 0.00000000000000E+00 -.30512839514491E+00
 536 0.36940842541537E+02 0.00000000000000E+00 -.29777339235377E+00
 537 0.37853281352313E+02 0.00000000000000E+00 -.29059567908048E+00
 538 0.38788257401715E+02 0.00000000000000E+00 -.28359098182930E+00
 539 0.39746327359537E+02 0.00000000000000E+00 -.27675513011545E+00
 540 0.40728061645318E+02 0.00000000000000E+00 -.27008405398209E+00
 541 0.41734044767957E+02 0.00000000000000E+00 -.26357378157714E+00
 542 0.42764875673726E+02 0.00000000000000E+00 -.25722043678846E+00
 543 0.43821168102867E+02 0.00000000000000E+00 -.25102023693614E+00
 544 0.44903550955008E+02 0.00000000000000E+00 -.24496949052029E+00
 545 0.46012668663596E+02 0.00000000000000E+00 -.23906459502321E+00
 546 0.47149181579587E+02 0.00000000000000E+00 -.23330203476453E+00
 547 0.48313766364603E+02 0.00000000000000E+00 -.22767837880797E+00
 548 0.49507116393809E+02 0.00000000000000E+00 -.22219027891868E+00
 549 0.50729942168736E+02 0.00000000000000E+00 -.21683446756971E+00
 550 0.51982971740304E+02 0.00000000000000E+00 -.21160775599659E+00
 551 0.53266951142289E+02 0.00000000000000E+00 -.20650703229881E+00
 552 0.54582644835504E+02 0.00000000000000E+00 -.20152925958701E+00
 553 0.55930836162941E+02 0.00000000000000E+00 -.19667147417489E+00
 554 0.57312327816165E+02 0.00000000000000E+00 -.19193078381467E+00
 555 0.58727942313225E+02 0.00000000000000E+00 -.18730436597509E+00
 556 0.60178522488361E+02 0.00000000000000E+00 -.18278946616091E+00
 557 0.61664931993824E+02 0.00000000000000E+00 -.17838339627297E+00
 558 0.63188055814071E+02 0.00000000000000E+00 -.17408353300768E+00
 559 0.64748800792679E+02 0.00000000000000E+00 -.16988731629519E+00
 560 0.66348096172258E+02 0.00000000000000E+00 -.16579224777514E+00
 561 0.67986894147713E+02 0.00000000000000E+00 -.16179588930921E+00
 562 0.69666170433161E+02 0.00000000000000E+00 -.15789586152943E+00
 563 0.71386924842860E+02 0.00000000000000E+00 -.15408984242161E+00
 564 0.73150181886479E+02 0.00000000000000E+00 -.15037556594283E+00
 565 0.74956991379075E+02 0.00000000000000E+00 -.14675082067222E+00
 566 0.76808429066138E+02 0.00000000000000E+00 -.14321344849441E+00
 567 0.78705597264072E+02 0.00000000000000E+00 -.13976134331454E+00
