#   567 0.10247000000000E+01 0   2.4935 0.10000000000000E+02
   1 0.80128205128205E-04 0.93731902865804E-05 -.52680141846930E+01
   2 0.82107371794872E-04 0.96047080866590E-05 -.52680155886093E+01
   3 0.84135423878205E-04 0.98419443763995E-05 -.52680170819619E+01
   4 0.86213568847997E-04 0.10085040402497E-04 -.52680186409522E+01
   5 0.88343043998542E-04 0.10334140902816E-04 -.52680202766644E+01
   6 0.90525117185306E-04 0.10589394185786E-04 -.52680219807941E+01
   7 0.92761087579783E-04 0.10850952225106E-04 -.52680237827779E+01
   8 0.95052286443004E-04 0.11118970748285E-04 -.52680256608434E+01
   9 0.97400077918146E-04 0.11393609329294E-04 -.52680276409458E+01
  10 0.99805859842724E-04 0.11675031483580E-04 -.52680297087640E+01
  11 0.10227106458084E-03 0.11963404765425E-04 -.52680318832086E+01
  12 0.10479715987599E-03 0.12258900867704E-04 -.52680341632029E+01
  13 0.10738564972492E-03 0.12561695724105E-04 -.52680365485647E+01
  14 0.11003807527313E-03 0.12871969613882E-04 -.52680390649052E+01
  15 0.11275601573238E-03 0.13189907269189E-04 -.52680417006041E+01
  16 0.11554108932096E-03 0.13515697985063E-04 -.52680444571976E+01
  17 0.11839495422719E-03 0.13849535732135E-04 -.52680473581222E+01
  18 0.12131930959660E-03 0.14191619272111E-04 -.52680504098213E+01
  19 0.12431589654364E-03 0.14542152276112E-04 -.52680535952088E+01
  20 0.12738649918827E-03 0.14901343445941E-04 -.52680569478871E+01
  21 0.13053294571822E-03 0.15269406638337E-04 -.52680604638334E+01
  22 0.13375710947746E-03 0.15646560992305E-04 -.52680641528327E+01
  23 0.13706091008155E-03 0.16033031059586E-04 -.52680680267274E+01
  24 0.14044631456057E-03 0.16429046938354E-04 -.52680720926533E+01
  25 0.14391533853021E-03 0.16834844410208E-04 -.52680763627595E+01
  26 0.14747004739191E-03 0.17250665080562E-04 -.52680808411095E+01
  27 0.15111255756249E-03 0.17676756522485E-04 -.52680855420942E+01
  28 0.15484503773428E-03 0.18113372424107E-04 -.52680904771536E+01
  29 0.15866971016632E-03 0.18560772739659E-04 -.52680956573849E+01
  30 0.16258885200743E-03 0.19019223844249E-04 -.52681010977432E+01
  31 0.16660479665201E-03 0.19488998692455E-04 -.52681068083558E+01
  32 0.17071993512931E-03 0.19970376980841E-04 -.52681128001544E+01
  33 0.17493671752701E-03 0.20463645314481E-04 -.52681190936236E+01
  34 0.17925765444993E-03 0.20969097377605E-04 -.52681257001302E+01
  35 0.18368531851484E-03 0.21487034108448E-04 -.52681326331681E+01
  36 0.18822234588216E-03 0.22017763878433E-04 -.52681399151177E+01
  37 0.19287143782544E-03 0.22561602675763E-04 -.52681475571282E+01
  38 0.19763536233973E-03 0.23118874293561E-04 -.52681555819100E+01
  39 0.20251695578952E-03 0.23689910522652E-04 -.52681640079625E+01
  40 0.20751912459753E-03 0.24275051349105E-04 -.52681728505400E+01
  41 0.21264484697508E-03 0.24874645156658E-04 -.52681821385333E+01
  42 0.21789717469537E-03 0.25489048934142E-04 -.52681918876094E+01
  43 0.22327923491035E-03 0.26118628488026E-04 -.52682021246215E+01
  44 0.22879423201263E-03 0.26763758660215E-04 -.52682128706656E+01
  45 0.23444544954334E-03 0.27424823551227E-04 -.52682241533252E+01
  46 0.24023625214706E-03 0.28102216748879E-04 -.52682360021427E+01
  47 0.24617008757510E-03 0.28796341562629E-04 -.52682484394640E+01
  48 0.25225048873820E-03 0.29507611263700E-04 -.52682614984461E+01
  49 0.25848107581003E-03 0.30236449331135E-04 -.52682752111760E+01
  50 0.26486555838254E-03 0.30983289703937E-04 -.52682896084561E+01
  51 0.27140773767459E-03 0.31748577039426E-04 -.52683047239940E+01
  52 0.27811150879515E-03 0.32532766977989E-04 -.52683205950397E+01
  53 0.28498086306239E-03 0.33336326414359E-04 -.52683372591927E+01
  54 0.29201989038003E-03 0.34159733775603E-04 -.52683547554911E+01
  55 0.29923278167242E-03 0.35003479305973E-04 -.52683731260016E+01
  56 0.30662383137973E-03 0.35868065358791E-04 -.52683924149440E+01
  57 0.31419744001481E-03 0.36754006695548E-04 -.52684126678428E+01
  58 0.32195811678317E-03 0.37661830792386E-04 -.52684339332442E+01
  59 0.32991048226772E-03 0.38592078154159E-04 -.52684562609057E+01
  60 0.33805927117973E-03 0.39545302636239E-04 -.52684797032087E+01
  61 0.34640933517787E-03 0.40522071774282E-04 -.52685043190583E+01
  62 0.35496564575676E-03 0.41522967122134E-04 -.52685301640258E+01
  63 0.36373329720696E-03 0.42548584598086E-04 -.52685573015012E+01
  64 0.37271750964797E-03 0.43599534839676E-04 -.52685857954175E+01
  65 0.38192363213627E-03 0.44676443567266E-04 -.52686157134286E+01
  66 0.39135714585004E-03 0.45779951956591E-04 -.52686471268802E+01
  67 0.40102366735254E-03 0.46910717020508E-04 -.52686801102640E+01
  68 0.41092895193614E-03 0.48069412000189E-04 -.52687147430612E+01
  69 0.42107889704897E-03 0.49256726765957E-04 -.52687511070341E+01
  70 0.43147954580608E-03 0.50473368228042E-04 -.52687892887773E+01
  71 0.44213709058749E-03 0.51720060757468E-04 -.52688293792739E+01
  72 0.45305787672500E-03 0.52997546617350E-04 -.52688714746819E+01
  73 0.46424840628010E-03 0.54306586404831E-04 -.52689156735539E+01
  74 0.47571534191522E-03 0.55647959503949E-04 -.52689620828481E+01
  75 0.48746551086053E-03 0.57022464549679E-04 -.52690108122706E+01
  76 0.49950590897878E-03 0.58430919903446E-04 -.52690619776317E+01
  77 0.51184370493056E-03 0.59874164140379E-04 -.52691157009334E+01
  78 0.52448624444234E-03 0.61353056548605E-04 -.52691721102935E+01
  79 0.53744105468007E-03 0.62868477640873E-04 -.52692313400658E+01
  80 0.55071584873067E-03 0.64421329678816E-04 -.52692935308670E+01
  81 0.56431853019431E-03 0.66012537210171E-04 -.52693588310935E+01
  82 0.57825719789011E-03 0.67643047619256E-04 -.52694273958959E+01
  83 0.59254015067800E-03 0.69313831691061E-04 -.52694993887735E+01
  84 0.60717589239975E-03 0.71025884189259E-04 -.52695749808486E+01
  85 0.62217313694202E-03 0.72780224448505E-04 -.52696543523085E+01
  86 0.63754081342449E-03 0.74577896981364E-04 -.52697376921966E+01
  87 0.65328807151607E-03 0.76419972100229E-04 -.52698251983212E+01
  88 0.66942428688252E-03 0.78307546554607E-04 -.52699170793491E+01
  89 0.68595906676852E-03 0.80241744184147E-04 -.52700135540119E+01
  90 0.70290225571770E-03 0.82223716587793E-04 -.52701148519948E+01
  91 0.72026394143393E-03 0.84254643809480E-04 -.52702212141774E+01
  92 0.73805446078735E-03 0.86335735040760E-04 -.52703328938829E+01
  93 0.75628440596879E-03 0.88468229340790E-04 -.52704501566910E+01
  94 0.77496463079622E-03 0.90653396374101E-04 -.52705732817781E+01
  95 0.79410625717689E-03 0.92892537166605E-04 -.52707025620320E+01
  96 0.81372068172916E-03 0.95186984880263E-04 -.52708383054406E+01
  97 0.83381958256787E-03 0.97538105606906E-04 -.52709808345751E+01
  98 0.85441492625729E-03 0.99947299181658E-04 -.52711304886460E+01
  99 0.87551897493585E-03 0.10241600001646E-03 -.52712876240741E+01
 100 0.89714429361676E-03 0.10494567795418E-03 -.52714526140110E+01
 101 0.91930375766910E-03 0.10753783914384E-03 -.52716258515662E+01
 102 0.94201056048353E-03 0.11019402693744E-03 -.52718077486939E+01
 103 0.96527822132747E-03 0.11291582280897E-03 -.52719987378230E+01
 104 0.98912059339426E-03 0.11570484729611E-03 -.52721992735779E+01
 105 0.10135518720511E-02 0.11856276096519E-03 -.52724098326064E+01
 106 0.10385866032908E-02 0.12149126540002E-03 -.52726309157538E+01
 107 0.10642396923920E-02 0.12449210421512E-03 -.52728630487392E+01
 108 0.10905264127941E-02 0.12756706409402E-03 -.52731067835151E+01
 109 0.11174624151901E-02 0.13071797585314E-03 -.52733626996240E+01
 110 0.11450637368453E-02 0.13394671553210E-03 -.52736314053512E+01
 111 0.11733468111454E-02 0.13725520551081E-03 -.52739135395029E+01
 112 0.12023284773807E-02 0.14064541565426E-03 -.52742097727217E+01
 113 0.12320259907720E-02 0.14411936448559E-03 -.52745208088827E+01
 114 0.12624570327441E-02 0.14767912038813E-03 -.52748473872204E+01
 115 0.12936397214529E-02 0.15132680283712E-03 -.52751902836653E+01
 116 0.13255926225727E-02 0.15506458366195E-03 -.52755503128173E+01
 117 0.13583347603503E-02 0.15889468833949E-03 -.52759283299785E+01
 118 0.13918856289309E-02 0.16281939731946E-03 -.52763252329485E+01
 119 0.14262652039655E-02 0.16684104738253E-03 -.52767419642464E+01
 120 0.14614939545035E-02 0.17096203303200E-03 -.52771795133023E+01
 121 0.14975928551797E-02 0.17518480791980E-03 -.52776389189786E+01
 122 0.15345833987027E-02 0.17951188630790E-03 -.52781212715999E+01
 123 0.15724876086506E-02 0.18394584456564E-03 -.52786277159321E+01
 124 0.16113280525843E-02 0.18848932270424E-03 -.52791594536022E+01
 125 0.16511278554831E-02 0.19314502594915E-03 -.52797177460059E+01
 126 0.16919107135135E-02 0.19791572635130E-03 -.52803039172224E+01
 127 0.17337009081373E-02 0.20280426443816E-03 -.52809193572134E+01
 128 0.17765233205683E-02 0.20781355090566E-03 -.52815655249770E+01
 129 0.18204034465864E-02 0.21294656835189E-03 -.52822439519353E+01
 130 0.18653674117170E-02 0.21820637305371E-03 -.52829562456127E+01
 131 0.19114419867865E-02 0.22359609678725E-03 -.52837040932209E+01
 132 0.19586546038601E-02 0.22911894869346E-03 -.52844892657725E+01
 133 0.20070333725754E-02 0.23477821718975E-03 -.52853136220197E+01
 134 0.20566070968780E-02 0.24057727192898E-03 -.52861791128700E+01
 135 0.21074052921709E-02 0.24651956580679E-03 -.52870877858764E+01
 136 0.21594582028875E-02 0.25260863701867E-03 -.52880417899952E+01
 137 0.22127968204989E-02 0.25884811116789E-03 -.52890433804771E+01
 138 0.22674529019652E-02 0.26524170342552E-03 -.52900949241486E+01
 139 0.23234589886437E-02 0.27179322074398E-03 -.52911989047796E+01
 140 0.23808484256632E-02 0.27850656412523E-03 -.52923579288558E+01
 141 0.24396553817771E-02 0.28538573094523E-03 -.52935747314760E+01
 142 0.24999148697070E-02 0.29243481733577E-03 -.52948521826401E+01
 143 0.25616627669888E-02 0.29965802062535E-03 -.52961932937818E+01
 144 0.26249358373334E-02 0.30705964184039E-03 -.52976012246187E+01
 145 0.26897717525155E-02 0.31464408826843E-03 -.52990792902799E+01
 146 0.27562091148027E-02 0.32241587608471E-03 -.53006309688247E+01
 147 0.28242874799383E-02 0.33037963304380E-03 -.53022599090673E+01
 148 0.28940473806928E-02 0.33854010123787E-03 -.53039699387388E+01
 149 0.29655303509959E-02 0.34690213992328E-03 -.53057650730693E+01
 150 0.30387789506655E-02 0.35547072841714E-03 -.53076495237107E+01
 151 0.31138367907469E-02 0.36425096906564E-03 -.53096277080532E+01
 152 0.31907485594784E-02 0.37324809028589E-03 -.53117042589980E+01
 153 0.32695600488975E-02 0.38246744968316E-03 -.53138840350850E+01
 154 0.33503181821052E-02 0.39191453724529E-03 -.53161721311272E+01
 155 0.34330710412032E-02 0.40159497861640E-03 -.53185738892114E+01
 156 0.35178678959210E-02 0.41151453845156E-03 -.53210949102799E+01
 157 0.36047592329502E-02 0.42167912385483E-03 -.53237410660430E+01
 158 0.36937967860041E-02 0.43209478790242E-03 -.53265185114741E+01
 159 0.37850335666184E-02 0.44276773325322E-03 -.53294336977943E+01
 160 0.38785238957138E-02 0.45370431584904E-03 -.53324933859143E+01
 161 0.39743234359380E-02 0.46491104870645E-03 -.53357046604075E+01
 162 0.40724892248056E-02 0.47639460580294E-03 -.53390749440207E+01
 163 0.41730797086583E-02 0.48816182605934E-03 -.53426120126657E+01
 164 0.42761547774622E-02 0.50021971742131E-03 -.53463240109525E+01
 165 0.43817758004655E-02 0.51257546104205E-03 -.53502194682207E+01
 166 0.44900056627370E-02 0.52523641556901E-03 -.53543073150826E+01
 167 0.46009088026066E-02 0.53821012153707E-03 -.53585969004550E+01
 168 0.47145512500310E-02 0.55150430587098E-03 -.53630980090517E+01
 169 0.48310006659068E-02 0.56512688649967E-03 -.53678208793509E+01
 170 0.49503263823547E-02 0.57908597708543E-03 -.53727762219284E+01
 171 0.50725994439988E-02 0.59338989187070E-03 -.53779752381888E+01
 172 0.51978926502656E-02 0.60804715064548E-03 -.53834296394294E+01
 173 0.53262805987272E-02 0.62306648383852E-03 -.53891516660861E+01
 174 0.54578397295157E-02 0.63845683773523E-03 -.53951541072139E+01
 175 0.55926483708348E-02 0.65422737982572E-03 -.54014503199979E+01
 176 0.57307867855944E-02 0.67038750428609E-03 -.54080542492221E+01
 177 0.58723372191986E-02 0.68694683759652E-03 -.54149804465615E+01
 178 0.60173839485128E-02 0.70391524429950E-03 -.54222440895270E+01
 179 0.61660133320410E-02 0.72130283290190E-03 -.54298609998319E+01
 180 0.63183138613424E-02 0.73911996192440E-03 -.54378476610467E+01
 181 0.64743762137176E-02 0.75737724610220E-03 -.54462212351923E+01
 182 0.66342933061964E-02 0.77608556274081E-03 -.54549995779909E+01
 183 0.67981603508595E-02 0.79525605823083E-03 -.54642012524719E+01
 184 0.69660749115257E-02 0.81490015472597E-03 -.54738455404391E+01
 185 0.71381369618404E-02 0.83502955698831E-03 -.54839524514261E+01
 186 0.73144489447979E-02 0.85565625940534E-03 -.54945427285217E+01
 187 0.74951158337344E-02 0.87679255318299E-03 -.55056378505186E+01
 188 0.76802451948276E-02 0.89845103371936E-03 -.55172600296505E+01
 189 0.78699472511398E-02 0.92064460816379E-03 -.55294322041324E+01
 190 0.80643349482430E-02 0.94338650316611E-03 -.55421780246190E+01
 191 0.82635240214646E-02 0.96669027282099E-03 -.55555218335577E+01
 192 0.84676330647948E-02 0.99056980681254E-03 -.55694886362949E+01
 193 0.86767836014952E-02 0.10150393387644E-02 -.55841040626476E+01
 194 0.88911001564521E-02 0.10401134548006E-02 -.55993943175301E+01
 195 0.91107103303165E-02 0.10658071023232E-02 -.56153861190096E+01
 196 0.93357448754753E-02 0.10921355990114E-02 -.56321066220186E+01
 197 0.95663377738995E-02 0.11191146420497E-02 -.56495833257719E+01
 198 0.98026263169149E-02 0.11467603175893E-02 -.56678439626979E+01
 199 0.10044751186943E-01 0.11750891104502E-02 -.56869163664913E+01
 200 0.10292856541260E-01 0.12041179140706E-02 -.57068283166811E+01
 201 0.10547090097829E-01 0.12338640407088E-02 -.57276073568378E+01
 202 0.10807603223246E-01 0.12643452319064E-02 -.57492805832995E+01
 203 0.11074551022860E-01 0.12955796692184E-02 -.57718744010375E+01
 204 0.11348092433124E-01 0.13275859852177E-02 -.57954142429725E+01
 205 0.11628390316223E-01 0.13603832747826E-02 -.58199242487993E+01
 206 0.11915611557033E-01 0.13939911066736E-02 -.58454268990185E+01
 207 0.12209927162492E-01 0.14284295354081E-02 -.58719425995950E+01
 208 0.12511512363406E-01 0.14637191134420E-02 -.58994892122968E+01
 209 0.12820546718782E-01 0.14998809036652E-02 -.59280815254456E+01
 210 0.13137214222736E-01 0.15369364922216E-02 -.59577306594549E+01
 211 0.13461703414037E-01 0.15749080016609E-02 -.59884434012222E+01
 212 0.13794207488364E-01 0.16138181044334E-02 -.60202214611475E+01
 213 0.14134924413327E-01 0.16536900367364E-02 -.60530606463541E+01
 214 0.14484057046336E-01 0.16945476127222E-02 -.60869499436168E+01
 215 0.14841813255380E-01 0.17364152390799E-02 -.61218705056228E+01
 216 0.15208406042788E-01 0.17793179299987E-02 -.61577945346344E+01
 217 0.15584053672045E-01 0.18232813225279E-02 -.61946840584224E+01
 218 0.15968979797744E-01 0.18683316923411E-02 -.62324895947208E+01
 219 0.16363413598749E-01 0.19144959699204E-02 -.62711487024741E+01
 220 0.16767589914638E-01 0.19618017571701E-02 -.63105844210298E+01
 221 0.17181749385529E-01 0.20102773444755E-02 -.63507036022596E+01
 222 0.17606138595352E-01 0.20599517282179E-02 -.63913951455781E+01
 223 0.18041010218657E-01 0.21108546287618E-02 -.64325281520629E+01
 224 0.18486623171058E-01 0.21630165089277E-02 -.64739500214463E+01
 225 0.18943242763383E-01 0.22164685929661E-02 -.65154845247503E+01
 226 0.19411140859639E-01 0.22712428860486E-02 -.65569298957481E+01
 227 0.19890596038872E-01 0.23273721942924E-02 -.65980569962136E+01
 228 0.20381893761032E-01 0.23848901453350E-02 -.66386076229484E+01
 229 0.20885326536929E-01 0.24438312094776E-02 -.66782930385963E+01
 230 0.21401194102391E-01 0.25042307214151E-02 -.67167928229124E+01
 231 0.21929803596721E-01 0.25661249025732E-02 -.67537541559089E+01
 232 0.22471469745560E-01 0.26295508840713E-02 -.67887916583664E+01
 233 0.23026515048275E-01 0.26945467303341E-02 -.68214879275920E+01
 234 0.23595269969967E-01 0.27611514633723E-02 -.68513949156663E+01
 235 0.24178073138225E-01 0.28294050877574E-02 -.68780363021708E+01
 236 0.24775271544740E-01 0.28993486163130E-02 -.69009110115526E+01
 237 0.25387220751895E-01 0.29710240965496E-02 -.69194980147343E+01
 238 0.26014285104466E-01 0.30444746378681E-02 -.69332625330142E+01
 239 0.26656837946547E-01 0.31197444395611E-02 -.69416637275028E+01
 240 0.27315261843827E-01 0.31968788196398E-02 -.69441639074058E+01
 241 0.27989948811369E-01 0.32759242445187E-02 -.69402392241722E+01
 242 0.28681300547010E-01 0.33569283595897E-02 -.69293917357105E+01
 243 0.29389728670521E-01 0.34399400207180E-02 -.69111626269040E+01
 244 0.30115654968683E-01 0.35250093266989E-02 -.68851462628192E+01
 245 0.30859511646409E-01 0.36121876527085E-02 -.68510046348765E+01
 246 0.31621741584076E-01 0.37015276847919E-02 -.68084816458406E+01
 247 0.32402798601202E-01 0.37930834554274E-02 -.67574165771065E+01
 248 0.33203147726652E-01 0.38869103802119E-02 -.66977560035234E+01
 249 0.34023265475500E-01 0.39830652957134E-02 -.66295633798947E+01
 250 0.34863640132745E-01 0.40816064985396E-02 -.65530255317691E+01
 251 0.35724772044024E-01 0.41825937856731E-02 -.64684553513516E+01
 252 0.36607173913511E-01 0.42860884961286E-02 -.63762901332343E+01
 253 0.37511371109175E-01 0.43921535539893E-02 -.62770851839709E+01
 254 0.38437901975572E-01 0.45008535128822E-02 -.61715025966253E+01
 255 0.39387318154368E-01 0.46122546019591E-02 -.60602953805344E+01
 256 0.40360184912781E-01 0.47264247734478E-02 -.59442874544192E+01
 257 0.41357081480127E-01 0.48434337518496E-02 -.58243503187981E+01
 258 0.42378601392686E-01 0.49633530848562E-02 -.57013774901177E+01
 259 0.43425352847085E-01 0.50862561960697E-02 -.55762579743337E+01
 260 0.44497959062408E-01 0.52122184396097E-02 -.54498501579016E+01
 261 0.45597058651250E-01 0.53413171567002E-02 -.53229574849481E+01
 262 0.46723305999936E-01 0.54736317343341E-02 -.51963071687167E+01
 263 0.47877371658134E-01 0.56092436661156E-02 -.50705329641610E+01
 264 0.49059942738090E-01 0.57482366153939E-02 -.49461627295726E+01
 265 0.50271723323721E-01 0.58906964808019E-02 -.48236111598391E+01
 266 0.51513434889817E-01 0.60367114643266E-02 -.47031777180429E+01
 267 0.52785816731595E-01 0.61863721420413E-02 -.45850494606445E+01
 268 0.54089626404866E-01 0.63397715376424E-02 -.44693081741171E+01
 269 0.55425640177066E-01 0.64970051989397E-02 -.43559410385585E+01
 270 0.56794653489439E-01 0.66581712774619E-02 -.42448539168329E+01
 271 0.58197481430628E-01 0.68233706113459E-02 -.41358863359079E+01
 272 0.59634959221965E-01 0.69927068116949E-02 -.40288272708367E+01
 273 0.61107942714747E-01 0.71662863525985E-02 -.39234309452799E+01
 274 0.62617308899802E-01 0.73442186650219E-02 -.38194320060572E+01
 275 0.64163956429627E-01 0.75266162347890E-02 -.37165595928710E+01
 276 0.65748806153439E-01 0.77135947048945E-02 -.36145499898432E+01
 277 0.67372801665429E-01 0.79052729823996E-02 -.35131576981631E+01
 278 0.69036909866565E-01 0.81017733501834E-02 -.34121648986188E+01
 279 0.70742121540269E-01 0.83032215838403E-02 -.33113893731531E+01
 280 0.72489451942313E-01 0.85097470740342E-02 -.32106910238425E+01
 281 0.74279941405289E-01 0.87214829546426E-02 -.31099771669216E+01
 282 0.76114655957999E-01 0.89385662370485E-02 -.30092067918882E+01
 283 0.77994687960162E-01 0.91611379509604E-02 -.29083939657717E+01
 284 0.79921156752778E-01 0.93893432921721E-02 -.28076105352303E+01
 285 0.81895209324571E-01 0.96233317777006E-02 -.27069882391104E+01
 286 0.83918020994888E-01 0.98632574087728E-02 -.26067202958735E+01
 287 0.85990796113462E-01 0.10109278842168E-01 -.25070624777886E+01
 288 0.88114768777464E-01 0.10361559570459E-01 -.24083336303718E+01
 289 0.90291203566268E-01 0.10620268111729E-01 -.23109155442462E+01
 290 0.92521396294355E-01 0.10885578209399E-01 -.22152520401702E+01
 291 0.94806674782825E-01 0.11157669042826E-01 -.21218470892090E+01
 292 0.97148399649961E-01 0.11436725449409E-01 -.20312617617567E+01
 293 0.99547965121315E-01 0.11722938158959E-01 -.19441097844070E+01
 294 0.10200679985981E+00 0.12016504041184E-01 -.18610514856772E+01
 295 0.10452636781635E+00 0.12317626367174E-01 -.17827859334341E+01
 296 0.10710816910141E+00 0.12626515085862E-01 -.17100411112967E+01
 297 0.10975374087822E+00 0.12943387116488E-01 -.16435620501947E+01
 298 0.11246465827791E+00 0.13268466658184E-01 -.15840969251392E+01
 299 0.11524253533737E+00 0.13601985517894E-01 -.15323812445556E+01
 300 0.11808902596021E+00 0.13944183457909E-01 -.14891203960605E+01
 301 0.12100582490142E+00 0.14295308564421E-01 -.14549709611525E+01
 302 0.12399466877649E+00 0.14655617638595E-01 -.14305213615909E+01
 303 0.12705733709527E+00 0.15025376611785E-01 -.14162725392057E+01
 304 0.13019565332152E+00 0.15404860986626E-01 -.14126194835608E+01
 305 0.13341148595856E+00 0.15794356305902E-01 -.14198344929712E+01
 306 0.13670674966174E+00 0.16194158651213E-01 -.14380530700250E+01
 307 0.14008340637838E+00 0.16604575173624E-01 -.14672633028651E+01
 308 0.14354346651593E+00 0.17025924658682E-01 -.15072994636139E+01
 309 0.14708899013887E+00 0.17458538128332E-01 -.15578403683087E+01
 310 0.15072208819530E+00 0.17902759482506E-01 -.16184127993006E+01
 311 0.15444492377373E+00 0.18358946183350E-01 -.16884000093684E+01
 312 0.15825971339094E+00 0.18827469985321E-01 -.17670550306101E+01
 313 0.16216872831170E+00 0.19308717714619E-01 -.18535182271829E+01
 314 0.16617429590099E+00 0.19803092101723E-01 -.19468382853638E+01
 315 0.17027880100975E+00 0.20311012671093E-01 -.20459956494680E+01
 316 0.17448468739469E+00 0.20832916692440E-01 -.21499273033345E+01
 317 0.17879445917334E+00 0.21369260198321E-01 -.22575517711960E+01
 318 0.18321068231492E+00 0.21920519073215E-01 -.23677932664840E+01
 319 0.18773598616810E+00 0.22487190219650E-01 -.24796040419570E+01
 320 0.19237306502645E+00 0.23069792807435E-01 -.25919841726988E+01
 321 0.19712467973260E+00 0.23668869612526E-01 -.27039982146571E+01
 322 0.20199365932200E+00 0.24284988452637E-01 -.28147884043779E+01
 323 0.20698290270725E+00 0.24918743727256E-01 -.29235842811097E+01
 324 0.21209538040412E+00 0.25570758070434E-01 -.30297088048640E+01
 325 0.21733413630010E+00 0.26241684125354E-01 -.31325812024413E+01
 326 0.22270228946672E+00 0.26932206450509E-01 -.32317168920023E+01
 327 0.22820303601654E+00 0.27643043568114E-01 -.33267249142875E+01
 328 0.23383965100615E+00 0.28374950166306E-01 -.34173033375882E+01
 329 0.23961549038600E+00 0.29128719467674E-01 -.35032331092828E+01
 330 0.24553399299854E+00 0.29905185777714E-01 -.35843708058944E+01
 331 0.25159868262560E+00 0.30705227228014E-01 -.36606406934612E+01
 332 0.25781317008646E+00 0.31529768730210E-01 -.37320264575234E+01
 333 0.26418115538759E+00 0.32379785158167E-01 -.37985629033505E+01
 334 0.27070642992566E+00 0.33256304777339E-01 -.38603278672084E+01
 335 0.27739287874483E+00 0.34160412941903E-01 -.39174345222474E+01
 336 0.28424448284983E+00 0.35093256082057E-01 -.39700242106014E+01
 337 0.29126532157622E+00 0.36056046005795E-01 -.40182598880385E+01
 338 0.29845957501915E+00 0.37050064541599E-01 -.40623202296944E+01
 339 0.30583152652212E+00 0.38076668550769E-01 -.41023944150615E+01
 340 0.31338556522722E+00 0.39137295340595E-01 -.41386775870853E+01
 341 0.32112618868833E+00 0.40233468512255E-01 -.41713669631912E+01
 342 0.32905800554893E+00 0.41366804280258E-01 -.42006585644671E+01
 343 0.33718573828599E+00 0.42539018303370E-01 -.42267445221199E+01
 344 0.34551422602165E+00 0.43751933070365E-01 -.42498109167867E+01
 345 0.35404842740439E+00 0.45007485887608E-01 -.42700361054705E+01
 346 0.36279342356128E+00 0.46307737519367E-01 -.42875894920108E+01
 347 0.37175442112324E+00 0.47654881535994E-01 -.43026306994218E+01
 348 0.38093675532499E+00 0.49051254429567E-01 -.43153091055770E+01
 349 0.39034589318151E+00 0.50499346561351E-01 -.43257637070979E+01
 350 0.39998743674310E+00 0.52001814010511E-01 -.43341232795478E+01
 351 0.40986712643065E+00 0.53561491398761E-01 -.43405068048258E+01
 352 0.41999084445349E+00 0.55181405771197E-01 -.43450241387809E+01
 353 0.43036461831149E+00 0.56864791619291E-01 -.43477768933713E+01
 354 0.44099462438378E+00 0.58615107137838E-01 -.43488595081042E+01
 355 0.45188719160606E+00 0.60436051813599E-01 -.43483604850041E+01
 356 0.46304880523873E+00 0.62331585449172E-01 -.43463637600489E+01
 357 0.47448611072813E+00 0.64305948731260E-01 -.43429501820340E+01
 358 0.48620591766311E+00 0.66363685457688E-01 -.43381990673955E+01
 359 0.49821520382939E+00 0.68509666542028E-01 -.43321897969394E+01
 360 0.51052111936398E+00 0.70749115918199E-01 -.43250034180171E+01
 361 0.52313099101227E+00 0.73087638469486E-01 -.43167242138444E+01
 362 0.53605232649027E+00 0.75531250106499E-01 -.43074412007486E+01
 363 0.54929281895458E+00 0.78086410116079E-01 -.42972495145201E+01
 364 0.56286035158276E+00 0.80760055897146E-01 -.42862516490107E+01
 365 0.57676300226685E+00 0.83559640188964E-01 -.42745585138928E+01
 366 0.59100904842284E+00 0.86493170880986E-01 -.42622902841090E+01
 367 0.60560697191889E+00 0.89569253469770E-01 -.42495770209577E+01
 368 0.62056546412529E+00 0.92797136195475E-01 -.42365590537240E+01
 369 0.63589343108918E+00 0.96186757845819E-01 -.42233871209103E+01
 370 0.65159999883708E+00 0.99748798156278E-01 -.42102222809481E+01
 371 0.66769451880836E+00 0.10349473065823E+00 -.41972356132164E+01
 372 0.68418657342292E+00 0.10743687772775E+00 -.41846077406725E+01
 373 0.70108598178647E+00 0.11158846746162E+00 -.41725282149317E+01
 374 0.71840280553660E+00 0.11596369184863E+00 -.41611948128832E+01
 375 0.73614735483335E+00 0.12057776550594E+00 -.41508128008816E+01
 376 0.75433019449773E+00 0.12544698400474E+00 -.41415942286695E+01
 377 0.77296215030183E+00 0.13058878050782E+00 -.41337573216945E+01
 378 0.79205431541428E+00 0.13602177907310E+00 -.41275260500338E+01
 379 0.81161805700502E+00 0.14176584253106E+00 -.41231299701727E+01
 380 0.83166502301304E+00 0.14784211230774E+00 -.41208044743512E+01
 381 0.85220714908146E+00 0.15427303692551E+00 -.41207916696080E+01
 382 0.87325666566377E+00 0.16108238515843E+00 -.41233423203894E+01
 383 0.89482610530567E+00 0.16829523893534E+00 -.41287198422759E+01
 384 0.91692831010672E+00 0.17593796006198E+00 -.41372088925517E+01
 385 0.93957643936635E+00 0.18403812366667E+00 -.41491355963033E+01
 386 0.96278397741870E+00 0.19262440996486E+00 -.41649176045396E+01
 387 0.98656474166095E+00 0.20172644449428E+00 -.41851699889284E+01
 388 0.10109328907800E+01 0.21137457542395E+00 -.42107781784695E+01
 389 0.10359029331822E+01 0.22159957493024E+00 -.42424727693135E+01
 390 0.10614897356318E+01 0.23243225004092E+00 -.42799745542095E+01
 391 0.10877085321019E+01 0.24390294688304E+00 -.43222366610817E+01
 392 0.11145749328449E+01 0.25604093109754E+00 -.43683657143669E+01
 393 0.11421049336861E+01 0.26887362651924E+00 -.44178287688673E+01
 394 0.11703149255482E+01 0.28242569435942E+00 -.44702786987643E+01
 395 0.11992217042092E+01 0.29671793643622E+00 -.45254181078729E+01
 396 0.12288424803032E+01 0.31176600893262E+00 -.45829315068299E+01
 397 0.12591948895667E+01 0.32757893825572E+00 -.46424493338306E+01
 398 0.12902970033390E+01 0.34415743842415E+00 -.47035249801191E+01
 399 0.13221673393214E+01 0.36149204064741E+00 -.47656178820300E+01
 400 0.13548248726027E+01 0.37956106096837E+00 -.48280803763408E+01
 401 0.13882890469560E+01 0.39832845146432E+00 -.48901478054493E+01
 402 0.14225797864158E+01 0.41774160470665E+00 -.49509321636443E+01
 403 0.14577175071402E+01 0.43772920965358E+00 -.50094200153509E+01
 404 0.14937231295666E+01 0.45819928888281E+00 -.50644756913964E+01
 405 0.15306180908669E+01 0.47903758009334E+00 -.51148509409968E+01
 406 0.15684243577113E+01 0.50010645595775E+00 -.51592022948355E+01
 407 0.16071644393468E+01 0.52124460116762E+00 -.51961173659220E+01
 408 0.16468614009987E+01 0.54226767799744E+00 -.52241511567595E+01
 409 0.16875388776033E+01 0.56297020490962E+00 -.52418731252216E+01
 410 0.17292210878801E+01 0.58312883912442E+00 -.52479252569368E+01
 411 0.17719328487508E+01 0.60250718673676E+00 -.52410906693350E+01
 412 0.18156995901149E+01 0.62086215801938E+00 -.52203713067157E+01
 413 0.18605473699907E+01 0.63795174014209E+00 -.51850720613474E+01
 414 0.19065028900295E+01 0.65354387979970E+00 -.51348871746262E+01
 415 0.19535935114132E+01 0.66742596704849E+00 -.50699830619434E+01
 416 0.20018472711452E+01 0.67941421052292E+00 -.49910698189557E+01
 417 0.20512928987424E+01 0.68936202295638E+00 -.48994516674380E+01
 418 0.21019598333414E+01 0.69716643084300E+00 -.47970445029503E+01
 419 0.21538782412249E+01 0.70277152299179E+00 -.46863463908066E+01
 420 0.22070790337832E+01 0.70616810022736E+00 -.45703439288818E+01
 421 0.22615938859176E+01 0.70738902321903E+00 -.44523330666718E+01
 422 0.23174552548998E+01 0.70650032190496E+00 -.43356259931960E+01
 423 0.23746963996958E+01 0.70358898684132E+00 -.42231044942434E+01
 424 0.24333514007683E+01 0.69874959877827E+00 -.41165632556555E+01
 425 0.24934551803673E+01 0.69207370351248E+00 -.40157634694353E+01
 426 0.25550435233223E+01 0.68364740803648E+00 -.39182569358033E+01
 427 0.26181530983484E+01 0.67355853857926E+00 -.38232193859373E+01
 428 0.26828214798776E+01 0.66190260734287E+00 -.37305698233419E+01
 429 0.27490871704306E+01 0.64878065800521E+00 -.36402330320822E+01
 430 0.28169896235402E+01 0.63429857887579E+00 -.35521388482314E+01
 431 0.28865692672417E+01 0.61856653256412E+00 -.34662215437625E+01
 432 0.29578675281425E+01 0.60169810222156E+00 -.33824192669676E+01
 433 0.30309268560876E+01 0.58380946870952E+00 -.33006735424240E+01
 434 0.31057907494330E+01 0.56501857021777E+00 -.32209288314280E+01
 435 0.31825037809440E+01 0.54544425847951E+00 -.31431321518542E+01
 436 0.32611116243333E+01 0.52520546145056E+00 -.30672327547114E+01
 437 0.33416610814543E+01 0.50442036273442E+00 -.29931818533310E+01
 438 0.34242001101663E+01 0.48320561102346E+00 -.29209324001686E+01
 439 0.35087778528874E+01 0.46167555890969E+00 -.28504389056395E+01
 440 0.35954446658537E+01 0.43994156314111E+00 -.27816572931335E+01
 441 0.36842521491003E+01 0.41811133656186E+00 -.27145447844554E+01
 442 0.37752531771831E+01 0.39628836932880E+00 -.26490598101793E+01
 443 0.38685019306595E+01 0.37457142459417E+00 -.25851619398651E+01
 444 0.39640539283468E+01 0.35305411295538E+00 -.25228118276356E+01
 445 0.40619660603769E+01 0.33182454678833E+00 -.24619711692278E+01
 446 0.41622966220682E+01 0.31096507171159E+00 -.24026026672596E+01
 447 0.42651053486333E+01 0.29055206795526E+00 -.23446700020661E+01
 448 0.43704534507446E+01 0.27065580954262E+00 -.22881378060293E+01
 449 0.44784036509780E+01 0.25134036435960E+00 -.22329716398367E+01
 450 0.45890202211571E+01 0.23266351410911E+00 -.21791379695516E+01
 451 0.47023690206197E+01 0.21467667091046E+00 -.21266041437531E+01
 452 0.48185175354290E+01 0.19742476833910E+00 -.20753383703156E+01
 453 0.49375349185541E+01 0.18094611056942E+00 -.20253096926433E+01
 454 0.50594920310424E+01 0.16527217517168E+00 -.19764879653645E+01
 455 0.51844614842091E+01 0.15042738299484E+00 -.19288438296206E+01
 456 0.53125176828691E+01 0.13642887020295E+00 -.18823486881657E+01
 457 0.54437368696360E+01 0.12328631784668E+00 -.18369746805205E+01
 458 0.55781971703160E+01 0.11100190596128E+00 -.17926946584224E+01
 459 0.57159786404228E+01 0.99570454732242E-01 -.17494821617985E+01
 460 0.58571633128412E+01 0.88979791249808E-01 -.17073113954800E+01
 461 0.60018352466684E+01 0.79211340654082E-01 -.16661572068830E+01
 462 0.61500805772611E+01 0.70240896886855E-01 -.16259950648883E+01
 463 0.63019875675195E+01 0.62039496524011E-01 -.15868010401205E+01
 464 0.64576466604372E+01 0.54574311252326E-01 -.15485517867398E+01
 465 0.66171505329500E+01 0.47809491863328E-01 -.15112245257227E+01
 466 0.67805941511139E+01 0.41706928714191E-01 -.14747970294705E+01
 467 0.69480748266464E+01 0.36226924366889E-01 -.14392476074908E+01
 468 0.71196922748645E+01 0.31328791642677E-01 -.14045550928858E+01
 469 0.72955486740537E+01 0.26971392899504E-01 -.13706988294295E+01
 470 0.74757487263028E+01 0.23113630377448E-01 -.13376586590915E+01
 471 0.76603997198425E+01 0.19714890564303E-01 -.13054149099278E+01
 472 0.78496115929226E+01 0.16735441523850E-01 -.12739483843001E+01
 473 0.80434969992678E+01 0.14136781023477E-01 -.12432403474000E+01
 474 0.82421713751497E+01 0.11881933757943E-01 -.12132725160648E+01
 475 0.84457530081159E+01 0.99356969656473E-02 -.11840270478725E+01
 476 0.86543631074164E+01 0.82648348238392E-02 -.11554865305056E+01
 477 0.88681258761695E+01 0.68382230455270E-02 -.11276339713765E+01
 478 0.90871685853109E+01 0.56269460348440E-02 -.11004527875048E+01
 479 0.93116216493681E+01 0.46043497638422E-02 -.10739267956411E+01
 480 0.95416187041075E+01 0.37460541952698E-02 -.10480402026299E+01
 481 0.97772966860989E+01 0.30299295828283E-02 -.10227775960052E+01
 482 0.10018795914246E+02 0.24360413292158E-02 -.99812393481349E+00
 483 0.10266260173327E+02 0.19465682755309E-02 -.97406454065828E+00
 484 0.10519836799609E+02 0.15456993412981E-02 -.95058508896046E+00
 485 0.10779676768559E+02 0.12195133450317E-02 -.92767160042959E+00
 486 0.11045934784742E+02 0.95584662700656E-03 -.90531043274076E+00
 487 0.11318769373926E+02 0.74415278751873E-03 -.88348827241212E+00
 488 0.11598342977461E+02 0.57535846579891E-03 -.86219212687820E+00
 489 0.11884822049005E+02 0.44171863793809E-03 -.84140931675435E+00
 490 0.12178377153615E+02 0.33667442757462E-03 -.82112746828764E+00
 491 0.12479183069309E+02 0.25471592053601E-03 -.80133450598969E+00
 492 0.12787418891121E+02 0.19125197235148E-03 -.78201864544714E+00
 493 0.13103268137732E+02 0.14248851159141E-03 -.76316838630540E+00
 494 0.13426918860734E+02 0.10531638582288E-03 -.74477250542149E+00
 495 0.13758563756594E+02 0.77209381282049E-04 -.72682005018199E+00
 496 0.14098400281382E+02 0.56132679890253E-04 -.70930033198204E+00
 497 0.14446630768332E+02 0.40461703125109E-04 -.69220291986146E+00
 498 0.14803462548310E+02 0.28911032722336E-04 -.67551763429439E+00
 499 0.15169108073253E+02 0.20472897551750E-04 -.65923454112851E+00
 500 0.15543785042663E+02 0.14364553037615E-04 -.64334394567045E+00
 501 0.15927716533216E+02 0.99838258928561E-05 -.62783638691369E+00
 502 0.16321131131587E+02 0.68718363885078E-05 -.61270263190562E+00
 503 0.16724263070537E+02 0.46827984443014E-05 -.59793367025043E+00
 504 0.17137352368379E+02 0.31573107711690E-05 -.58352070874444E+00
 505 0.17560644971878E+02 0.21056079556853E-05 -.56945516614077E+00
 506 0.17994392902684E+02 0.13891510190989E-05 -.55572866804017E+00
 507 0.18438854407380E+02 0.90655926016324E-06 -.54233304190512E+00
 508 0.18894294111242E+02 0.58505977652123E-06 -.52926031219393E+00
 509 0.19360983175790E+02 0.37328544610304E-06 -.51650269561230E+00
 510 0.19839199460232E+02 0.23539380349654E-06 -.50405259647927E+00
 511 0.20329227686900E+02 0.14666799152581E-06 -.49190260220481E+00
 512 0.20831359610766E+02 0.90267609115407E-07 -.48004547887656E+00
 513 0.21345894193152E+02 0.54859439994888E-07 -.46847416695282E+00
 514 0.21873137779723E+02 0.32912186006515E-07 -.45718177705945E+00
 515 0.22413404282882E+02 0.19485319868554E-07 -.44616158588802E+00
 516 0.22967015368669E+02 0.11380455616361E-07 -.43540703219286E+00
 517 0.23534300648275E+02 0.65548856316162E-08 -.42491171288461E+00
 518 0.24115597874288E+02 0.37219634601570E-08 -.41466937921792E+00
 519 0.24711253141783E+02 0.20826905457770E-08 -.40467393307107E+00
 520 0.25321621094385E+02 0.11480558896251E-08 -.39491942331518E+00
 521 0.25947065135416E+02 0.62319316080681E-09 -.38540004227109E+00
 522 0.26587957644261E+02 0.33299291981036E-09 -.37611012225148E+00
 523 0.27244680198074E+02 0.17507605846615E-09 -.36704413218647E+00
 524 0.27917623798966E+02 0.90535737300427E-10 -.35819667433051E+00
 525 0.28607189106801E+02 0.46029058684790E-10 -.34956248104861E+00
 526 0.29313786677739E+02 0.22997211341503E-10 -.34113641168011E+00
 527 0.30037837208679E+02 0.11286425384503E-10 -.33291344947800E+00
 528 0.30779771787733E+02 0.54384812050391E-11 -.32488869862204E+00
 529 0.31540032150890E+02 0.25717881269704E-11 -.31705738130383E+00
 530 0.32319070945017E+02 0.11929433120709E-11 -.30941483488224E+00
 531 0.33117351997359E+02 0.54252082670626E-12 -.30195650910729E+00
 532 0.33935350591694E+02 0.24177086128768E-12 -.29467796341104E+00
 533 0.34773553751309E+02 0.10552496762758E-12 -.28757486426372E+00
 534 0.35632460528966E+02 0.45085478733290E-13 -.28064298259366E+00
 535 0.36512582304032E+02 0.18845526789104E-13 -.27387819126931E+00
 536 0.37414443086941E+02 0.77023504822425E-14 -.26727646264205E+00
 537 0.38338579831189E+02 0.30762956104961E-14 -.26083386614819E+00
 538 0.39285542753019E+02 0.11999467999817E-14 -.25454656596876E+00
 539 0.40255895659019E+02 0.45683274139728E-15 -.24841081874574E+00
 540 0.41250216281797E+02 0.16964395813789E-15 -.24242297135331E+00
 541 0.42269096623957E+02 0.61407744764547E-16 -.23657945872286E+00
 542 0.43313143310569E+02 0.21653062895236E-16 -.23087680172037E+00
 543 0.44382977950340E+02 0.74324788859107E-17 -.22531160507501E+00
 544 0.45479237505713E+02 0.24816322321758E-17 -.21988055535768E+00
 545 0.46602574672104E+02 0.80550805966854E-18 -.21458041900818E+00
 546 0.47753658266505E+02 0.25360729950660E-18 -.20940804041005E+00
 547 0.48933173625688E+02 0.77144718216507E-19 -.20436034001176E+00
 548 0.50141823014242E+02 0.00000000000000E+00 -.19943431249318E+00
 549 0.51380326042694E+02 0.00000000000000E+00 -.19462702497626E+00
 550 0.52649420095949E+02 0.00000000000000E+00 -.18993561527888E+00
 551 0.53949860772319E+02 0.00000000000000E+00 -.18535729021067E+00
 552 0.55282422333395E+02 0.00000000000000E+00 -.18088932391009E+00
 553 0.56647898165030E+02 0.00000000000000E+00 -.17652905622142E+00
 554 0.58047101249706E+02 0.00000000000000E+00 -.17227389111098E+00
 555 0.59480864650574E+02 0.00000000000000E+00 -.16812129512148E+00
 556 0.60950042007443E+02 0.00000000000000E+00 -.16406879586365E+00
 557 0.62455508045027E+02 0.00000000000000E+00 -.16011398054421E+00
 558 0.63998159093739E+02 0.00000000000000E+00 -.15625449452933E+00
 559 0.65578913623354E+02 0.00000000000000E+00 -.15248803994275E+00
 560 0.67198712789851E+02 0.00000000000000E+00 -.14881237429760E+00
 561 0.68858520995760E+02 0.00000000000000E+00 -.14522530916131E+00
 562 0.70559326464356E+02 0.00000000000000E+00 -.14172470885265E+00
 563 0.72302141828025E+02 0.00000000000000E+00 -.13830848917015E+00
 564 0.74088004731177E+02 0.00000000000000E+00 -.13497461615121E+00
 565 0.75917978448037E+02 0.00000000000000E+00 -.13172110486114E+00
 566 0.77793152515704E+02 0.00000000000000E+00 -.12854601821132E+00
 567 0.79714643382842E+02 0.00000000000000E+00 -.12544746580592E+00
