  7.911392405063299E-005   0.00000000000000     
  8.106803797468400E-005   0.00000000000000     
  8.307041851265800E-005   0.00000000000000     
  8.512225784992100E-005   0.00000000000000     
  8.722477761881400E-005   0.00000000000000     
  8.937922962599900E-005   0.00000000000000     
  9.158689659776100E-005   0.00000000000000     
  9.384909294372500E-005   0.00000000000000     
  9.616716553943500E-005   0.00000000000000     
  9.854249452826000E-005   0.00000000000000     
  1.009764941431100E-004   0.00000000000000     
  1.034706135484400E-004   0.00000000000000     
  1.060263377030900E-004   0.00000000000000     
  1.086451882443600E-004   0.00000000000000     
  1.113287243939900E-004   0.00000000000000     
  1.140785438865200E-004   0.00000000000000     
  1.168962839205200E-004   0.00000000000000     
  1.197836221333600E-004   0.00000000000000     
  1.227422776000500E-004   0.00000000000000     
  1.257740118567700E-004   0.00000000000000     
  1.288806299496300E-004   0.00000000000000     
  1.320639815093900E-004   0.00000000000000     
  1.353259618526700E-004   0.00000000000000     
  1.386685131104300E-004   0.00000000000000     
  1.420936253842600E-004   0.00000000000000     
  1.456033379312500E-004   0.00000000000000     
  1.491997403781500E-004   0.00000000000000     
  1.528849739654900E-004   0.00000000000000     
  1.566612328224400E-004   0.00000000000000     
  1.605307652731600E-004   0.00000000000000     
  1.644958751754000E-004   0.00000000000000     
  1.685589232922300E-004   0.00000000000000     
  1.727223286975500E-004   0.00000000000000     
  1.769885702163800E-004   0.00000000000000     
  1.813601879007300E-004   0.00000000000000     
  1.858397845418800E-004   0.00000000000000     
  1.904300272200600E-004   0.00000000000000     
  1.951336488923900E-004   0.00000000000000     
  1.999534500200400E-004   0.00000000000000     
  2.048923002355300E-004   0.00000000000000     
  2.099531400513500E-004   0.00000000000000     
  2.151389826106200E-004   0.00000000000000     
  2.204529154811000E-004   0.00000000000000     
  2.258981024934800E-004   0.00000000000000     
  2.314777856250700E-004   0.00000000000000     
  2.371952869300100E-004   0.00000000000000     
  2.430540105171800E-004   0.00000000000000     
  2.490574445769600E-004   0.00000000000000     
  2.552091634580100E-004   0.00000000000000     
  2.615128297954200E-004   0.00000000000000     
  2.679721966913700E-004   0.00000000000000     
  2.745911099496400E-004   0.00000000000000     
  2.813735103654000E-004   0.00000000000000     
  2.883234360714300E-004   0.00000000000000     
  2.954450249423900E-004   0.00000000000000     
  3.027425170584700E-004   0.00000000000000     
  3.102202572298100E-004   0.00000000000000     
  3.178826975833900E-004   0.00000000000000     
  3.257344002137000E-004   0.00000000000000     
  3.337800398989800E-004   0.00000000000000     
  3.420244068844800E-004   0.00000000000000     
  3.504724097345300E-004   0.00000000000000     
  3.591290782549700E-004   0.00000000000000     
  3.679995664878700E-004   0.00000000000000     
  3.770891557801200E-004   0.00000000000000     
  3.864032579278900E-004   0.00000000000000     
  3.959474183987100E-004   0.00000000000000     
  4.057273196331500E-004   0.00000000000000     
  4.157487844280900E-004   0.00000000000000     
  4.260177794034700E-004   0.00000000000000     
  4.365404185547300E-004   0.00000000000000     
  4.473229668930300E-004   0.00000000000000     
  4.583718441752900E-004   0.00000000000000     
  4.696936287264200E-004   0.00000000000000     
  4.812950613559600E-004   0.00000000000000     
  4.931830493714599E-004   0.00000000000000     
  5.053646706909300E-004   0.00000000000000     
  5.178471780570000E-004   0.00000000000000     
  5.306380033550100E-004   0.00000000000000     
  5.437447620378700E-004   0.00000000000000     
  5.571752576602100E-004   0.00000000000000     
  5.709374865244200E-004   0.00000000000000     
  5.850396424415700E-004   0.00000000000000     
  5.994901216098800E-004   0.00000000000000     
  6.142975276136400E-004   0.00000000000000     
  6.294706765457000E-004   0.00000000000000     
  6.450186022563800E-004   0.00000000000000     
  6.609505617321100E-004   0.00000000000000     
  6.772760406068900E-004   0.00000000000000     
  6.940047588098800E-004   0.00000000000000     
  7.111466763524900E-004   0.00000000000000     
  7.287119992583900E-004   0.00000000000000     
  7.467111856400700E-004   0.00000000000000     
  7.651549519253800E-004   0.00000000000000     
  7.840542792379400E-004   0.00000000000000     
  8.034204199351200E-004   0.00000000000000     
  8.232649043075100E-004   0.00000000000000     
  8.435995474439100E-004   0.00000000000000     
  8.644364562657700E-004   0.00000000000000     
  8.857880367355400E-004   0.00000000000000     
  9.076670012429100E-004   0.00000000000000     
  9.300863761736099E-004   0.00000000000000     
  9.530595096650900E-004   0.00000000000000     
  9.766000795538199E-004   0.00000000000000     
  1.000722101518800E-003   0.00000000000000     
  1.025439937426300E-003   0.00000000000000     
  1.050768303880700E-003   0.00000000000000     
  1.076722280986600E-003   0.00000000000000     
  1.103317321327000E-003   0.00000000000000     
  1.130569259163700E-003   0.00000000000000     
  1.158494319865100E-003   0.00000000000000     
  1.187109129565800E-003   0.00000000000000     
  1.216430725066000E-003   0.00000000000000     
  1.246476563975200E-003   0.00000000000000     
  1.277264535105300E-003   0.00000000000000     
  1.308812969122500E-003   0.00000000000000     
  1.341140649459800E-003   0.00000000000000     
  1.374266823501400E-003   0.00000000000000     
  1.408211214041900E-003   0.00000000000000     
  1.442994031028800E-003   0.00000000000000     
  1.478635983595200E-003   0.00000000000000     
  1.515158292390000E-003   0.00000000000000     
  1.552582702212000E-003   0.00000000000000     
  1.590931494956600E-003   0.00000000000000     
  1.630227502882100E-003   0.00000000000000     
  1.670494122203200E-003   0.00000000000000     
  1.711755327021700E-003   0.00000000000000     
  1.754035683599100E-003   0.00000000000000     
  1.797360364984000E-003   0.00000000000000     
  1.841755165999100E-003   0.00000000000000     
  1.887246518599300E-003   0.00000000000000     
  1.933861507608700E-003   0.00000000000000     
  1.981627886846600E-003   0.00000000000000     
  2.030574095651700E-003   0.00000000000000     
  2.080729275814300E-003   0.00000000000000     
  2.132123288926900E-003   0.00000000000000     
  2.184786734163400E-003   0.00000000000000     
  2.238750966497300E-003   0.00000000000000     
  2.294048115369800E-003   0.00000000000000     
  2.350711103819400E-003   0.00000000000000     
  2.408773668083700E-003   0.00000000000000     
  2.468270377685400E-003   0.00000000000000     
  2.529236656014200E-003   0.00000000000000     
  2.591708801417800E-003   0.00000000000000     
  2.655724008812800E-003   0.00000000000000     
  2.721320391830500E-003   0.00000000000000     
  2.788537005508700E-003   0.00000000000000     
  2.857413869544700E-003   0.00000000000000     
  2.927991992122500E-003   0.00000000000000     
  3.000313394327900E-003   0.00000000000000     
  3.074421135167800E-003   0.00000000000000     
  3.150359337206500E-003   0.00000000000000     
  3.228173212835500E-003   0.00000000000000     
  3.307909091192500E-003   0.00000000000000     
  3.389614445745000E-003   0.00000000000000     
  3.473337922554900E-003   0.00000000000000     
  3.559129369242000E-003   0.00000000000000     
  3.647039864662200E-003   0.00000000000000     
  3.737121749319400E-003   0.00000000000000     
  3.829428656527600E-003   0.00000000000000     
  3.924015544343800E-003   0.00000000000000     
  4.020938728289100E-003   0.00000000000000     
  4.120255914877900E-003   0.00000000000000     
  4.222026235975300E-003   0.00000000000000     
  4.326310284003900E-003   0.00000000000000     
  4.433170148018800E-003   0.00000000000000     
  4.542669450674900E-003   0.00000000000000     
  4.654873386106600E-003   0.00000000000000     
  4.769848758743400E-003   0.00000000000000     
  4.887664023084400E-003   0.00000000000000     
  5.008389324454500E-003   0.00000000000000     
  5.132096540768600E-003   0.00000000000000     
  5.258859325325500E-003   0.00000000000000     
  5.388753150661100E-003   0.00000000000000     
  5.521855353482400E-003   0.00000000000000     
  5.658245180713400E-003   0.00000000000000     
  5.798003836677100E-003   0.00000000000000     
  5.941214531443000E-003   0.00000000000000     
  6.087962530369600E-003   0.00000000000000     
  6.238335204869700E-003   0.00000000000000     
  6.392422084430000E-003   0.00000000000000     
  6.550314909915500E-003   0.00000000000000     
  6.712107688190400E-003   0.00000000000000     
  6.877896748088700E-003   0.00000000000000     
  7.047780797766500E-003   0.00000000000000     
  7.221860983471300E-003   0.00000000000000     
  7.400240949763000E-003   0.00000000000000     
  7.583026901222200E-003   0.00000000000000     
  7.770327665682400E-003   0.00000000000000     
  7.962254759024699E-003   0.00000000000000     
  8.158922451572600E-003   0.00000000000000     
  8.360447836126500E-003   0.00000000000000     
  8.566950897678800E-003   0.00000000000000     
  8.778554584851500E-003   0.00000000000000     
  8.995384883097301E-003   0.00000000000000     
  9.217570889709800E-003   0.00000000000000     
  9.445244890685600E-003   0.00000000000000     
  9.678542439485601E-003   0.00000000000000     
  9.917602437740800E-003   0.00000000000000     
  1.016256721795300E-002   0.00000000000000     
  1.041358262823600E-002   0.00000000000000     
  1.067079811915400E-002   0.00000000000000     
  1.093436683269700E-002   0.00000000000000     
  1.120444569346500E-002   0.00000000000000     
  1.148119550209300E-002   0.00000000000000     
  1.176478103099500E-002   0.00000000000000     
  1.205537112246000E-002   0.00000000000000     
  1.235313878918500E-002   0.00000000000000     
  1.265826131727800E-002   0.00000000000000     
  1.297092037181500E-002   0.00000000000000     
  1.329130210499900E-002   0.00000000000000     
  1.361959726699200E-002   0.00000000000000     
  1.395600131948700E-002   0.00000000000000     
  1.430071455207800E-002   0.00000000000000     
  1.465394220151500E-002   0.00000000000000     
  1.501589457389200E-002   0.00000000000000     
  1.538678716986700E-002   0.00000000000000     
  1.576684081296300E-002   0.00000000000000     
  1.615628178104300E-002   0.00000000000000     
  1.655534194103500E-002   0.00000000000000     
  1.696425888697800E-002   0.00000000000000     
  1.738327608148700E-002   0.00000000000000     
  1.781264300069900E-002   0.00000000000000     
  1.825261528281700E-002   0.00000000000000     
  1.870345488030200E-002   0.00000000000000     
  1.916543021584600E-002   0.00000000000000     
  1.963881634217700E-002   0.00000000000000     
  2.012389510582900E-002   0.00000000000000     
  2.062095531494300E-002   0.00000000000000     
  2.113029291122200E-002   0.00000000000000     
  2.165221114612900E-002   0.00000000000000     
  2.218702076143900E-002   0.00000000000000     
  2.273504017424600E-002   0.00000000000000     
  2.329659566655000E-002   0.00000000000000     
  2.387202157951400E-002   0.00000000000000     
  2.446166051252800E-002   0.00000000000000     
  2.506586352718700E-002   0.00000000000000     
  2.568499035630900E-002   0.00000000000000     
  2.631940961810900E-002   0.00000000000000     
  2.696949903567700E-002   0.00000000000000     
  2.763564566185800E-002   0.00000000000000     
  2.831824610970600E-002   0.00000000000000     
  2.901770678861600E-002   0.00000000000000     
  2.973444414629400E-002   0.00000000000000     
  3.046888491670800E-002   0.00000000000000     
  3.122146637415100E-002   0.00000000000000     
  3.199263659359200E-002   0.00000000000000     
  3.278285471745400E-002   0.00000000000000     
  3.359259122897500E-002   0.00000000000000     
  3.442232823233100E-002   0.00000000000000     
  3.527255973966900E-002   0.00000000000000     
  3.614379196523900E-002   0.00000000000000     
  3.703654362678000E-002   0.00000000000000     
  3.795134625436200E-002   0.00000000000000     
  3.888874450684500E-002   0.00000000000000     
  3.984929649616400E-002   0.00000000000000     
  4.083357411961900E-002   0.00000000000000     
  4.184216340037300E-002   0.00000000000000     
  4.287566483636300E-002   0.00000000000000     
  4.393469375782100E-002   0.00000000000000     
  4.501988069363900E-002   0.00000000000000     
  4.613187174677200E-002   0.00000000000000     
  4.727132897891700E-002   0.00000000000000     
  4.843893080469600E-002   0.00000000000000     
  4.963537239557200E-002   0.00000000000000     
  5.086136609374300E-002   0.00000000000000     
  5.211764183625900E-002   0.00000000000000     
  5.340494758961400E-002   0.00000000000000     
  5.472404979507800E-002   0.00000000000000     
  5.607573382501600E-002   0.00000000000000     
  5.746080445049400E-002   0.00000000000000     
  5.888008632042100E-002   0.00000000000000     
  6.033442445253500E-002   0.00000000000000     
  6.182468473651300E-002   0.00000000000000     
  6.335175444950500E-002   0.00000000000000     
  6.491654278440800E-002   0.00000000000000     
  6.651998139118299E-002   0.00000000000000     
  6.816302493154500E-002   0.00000000000000     
  6.984665164735400E-002   0.00000000000000     
  7.157186394304400E-002   0.00000000000000     
  7.333968898243701E-002   0.00000000000000     
  7.515117930030300E-002   0.00000000000000     
  7.700741342902000E-002   0.00000000000000     
  7.890949654071699E-002   0.00000000000000     
  8.085856110527299E-002   0.00000000000000     
  8.285576756457300E-002   0.00000000000000     
  8.490230502341800E-002   0.00000000000000     
  8.699939195749699E-002   0.00000000000000     
  8.914827693884700E-002   0.00000000000000     
  9.135023937923600E-002   0.00000000000000     
  9.360659029190301E-002   0.00000000000000     
  9.591867307211301E-002   0.00000000000000     
  9.828786429699500E-002   0.00000000000000     
  0.100715574545130        0.00000000000000     
  0.103203249236400        0.00000000000000     
  0.105752369492530        0.00000000000000     
  0.108364453019000        0.00000000000000     
  0.111041055008570        0.00000000000000     
  0.113783769067280        0.00000000000000     
  0.116594228163240        0.00000000000000     
  0.119474105598870        0.00000000000000     
  0.122425116007170        0.00000000000000     
  0.125449016372540        0.00000000000000     
  0.128547607076950        0.00000000000000     
  0.131722732971750        0.00000000000000     
  0.134976284476150        0.00000000000000     
  0.138310198702710        0.00000000000000     
  0.141726460610670        0.00000000000000     
  0.145227104187750        0.00000000000000     
  0.148814213661190        0.00000000000000     
  0.152489924738620        0.00000000000000     
  0.156256425879660        0.00000000000000     
  0.160115959598890        0.00000000000000     
  0.164070823800980        0.00000000000000     
  0.168123373148870        0.00000000000000     
  0.172276020465640        0.00000000000000     
  0.176531238171140        0.00000000000000     
  0.180891559753970        0.00000000000000     
  0.185359581279900        0.00000000000000     
  0.189937962937510        0.00000000000000     
  0.194629430622060        0.00000000000000     
  0.199436777558430        0.00000000000000     
  0.204362865964120        0.00000000000000     
  0.209410628753440        0.00000000000000     
  0.214583071283650        0.00000000000000     
  0.219883273144350        0.00000000000000     
  0.225314389991020        0.00000000000000     
  0.230879655423800        0.00000000000000     
  0.236582382912760        0.00000000000000     
  0.242425967770710        0.00000000000000     
  0.248413889174650        0.00000000000000     
  0.254549712237260        0.00000000000000     
  0.260837090129520        0.00000000000000     
  0.267279766255720        0.00000000000000     
  0.273881576482240        0.00000000000000     
  0.280646451421350        0.00000000000000     
  0.287578418771450        0.00000000000000     
  0.294681605715110        0.00000000000000     
  0.301960241376270        0.00000000000000     
  0.309418659338270        0.00000000000000     
  0.317061300223920        0.00000000000000     
  0.324892714339450        0.00000000000000     
  0.332917564383640        0.00000000000000     
  0.341140628223910        0.00000000000000     
  0.349566801741040        0.00000000000000     
  0.358201101744050        0.00000000000000     
  0.367048668957120        0.00000000000000     
  0.376114771080370        0.00000000000000     
  0.385404805926050        0.00000000000000     
  0.394924304632420        0.00000000000000     
  0.404678934956840        0.00000000000000     
  0.414674504650280        0.00000000000000     
  0.424916964915140        0.00000000000000     
  0.435412413948540        0.00000000000000     
  0.446167100573070        0.00000000000000     
  0.457187427957230        0.00000000000000     
  0.468479957427770        0.00000000000000     
  0.480051412376240        0.00000000000000     
  0.491908682261930        0.00000000000000     
  0.504058826713800        0.00000000000000     
  0.516509079733630        0.00000000000000     
  0.529266854003050        0.00000000000000     
  0.542339745296930        0.00000000000000     
  0.555735537005760        0.00000000000000     
  0.569462204769800        0.00000000000000     
  0.583527921227620        0.00000000000000     
  0.597941060881940        0.00000000000000     
  0.612710205085720        0.00000000000000     
  0.627844147151340        0.00000000000000     
  0.643351897585980        0.00000000000000     
  0.659242689456350        0.00000000000000     
  0.675525983885920        0.00000000000000     
  0.692211475687910        0.00000000000000     
  0.709309099137400        0.00000000000000     
  0.726829033886090        0.00000000000000     
  0.744781711023080        0.00000000000000     
  0.763177819285350        0.00000000000000     
  0.782028311421700        0.00000000000000     
  0.801344410713810        0.00000000000000     
  0.821137617658440        0.00000000000000     
  0.841419716814610        0.00000000000000     
  0.862202783819930        0.00000000000000     
  0.883499192580280        0.00000000000000     
  0.905321622637010        0.00000000000000     
  0.927683066716150        0.00000000000000     
  0.950596838464040        0.00000000000000     
  0.974076580374100        0.00000000000000     
  0.998136271909340        0.00000000000000     
   1.02279023782550        0.00000000000000     
   1.04805315669980        0.00000000000000     
   1.07394006967030        0.00000000000000     
   1.10046638939110        0.00000000000000     
   1.12764790920910        0.00000000000000     
   1.15550081256660        0.00000000000000     
   1.18404168263690        0.00000000000000     
   1.21328751219810        0.00000000000000     
   1.24325571374940        0.00000000000000     
   1.27396412987900        0.00000000000000     
   1.30543104388700        0.00000000000000     
   1.33767519067100        0.00000000000000     
   1.37071576788060        0.00000000000000     
   1.40457244734720        0.00000000000000     
   1.43926538679670        0.00000000000000     
   1.47481524185060        0.00000000000000     
   1.51124317832430        0.00000000000000     
   1.54857088482890        0.00000000000000     
   1.58682058568420        0.00000000000000     
   1.62601505415060        0.00000000000000     
   1.66617762598810        0.00000000000000     
   1.70733221335000        0.00000000000000     
   1.74950331901970        0.00000000000000     
   1.79271605099950        0.00000000000000     
   1.83699613745920        0.00000000000000     
   1.88236994205450        0.00000000000000     
   1.92886447962320        0.00000000000000     
   1.97650743226990        0.00000000000000     
   2.02532716584700        0.00000000000000     
   2.07535274684340        0.00000000000000     
   2.12661395969040        0.00000000000000     
   2.17914132449480        0.00000000000000     
   2.23296611520980        0.00000000000000     
   2.28812037825550        0.00000000000000     
   2.34463695159840        0.00000000000000     
   2.40254948430290        0.00000000000000     
   2.46189245656510        0.00000000000000     
   2.52270120024230        0.00000000000000     
   2.58501191988830        0.00000000000000     
   2.64886171430950        0.00000000000000     
   2.71428859865300        0.00000000000000     
   2.78133152703970        0.00000000000000     
   2.85003041575760        0.00000000000000     
   2.92042616702680        0.00000000000000     
   2.99256069335240        0.00000000000000     
   3.06647694247820        0.00000000000000     
   3.14221892295740        0.00000000000000     
   3.21983173035440        0.00000000000000     
   3.29936157409420        0.00000000000000     
   3.38085580497430        0.00000000000000     
   3.46436294335720        0.00000000000000     
   3.54993270805810        0.00000000000000     
   3.63761604594710        0.00000000000000     
   3.72746516228200        0.00000000000000     
   3.81953355179040        0.00000000000000     
   3.91387603051960        0.00000000000000     
   4.01054876847340        0.00000000000000     
   4.10960932305470        0.00000000000000     
   4.21111667333420        0.00000000000000     
   4.31513125516550        0.00000000000000     
   4.42171499716810        0.00000000000000     
   4.53093135759820        0.00000000000000     
   4.64284536213080        0.00000000000000     
   4.75752364257550        0.00000000000000     
   4.87503447654710        0.00000000000000     
   4.99544782811780        0.00000000000000     
   5.11883538947230        0.00000000000000     
   5.24527062359230        0.00000000000000     
   5.37482880799500        0.00000000000000     
   5.50758707955250        0.00000000000000     
   5.64362448041740        0.00000000000000     
   5.78302200508370        0.00000000000000     
   5.92586264860930        0.00000000000000     
   6.07223145603000        0.00000000000000     
   6.22221557299390        0.00000000000000     
   6.37590429764680        0.00000000000000     
   6.53338913379870        0.00000000000000     
   6.69476384540350        0.00000000000000     
   6.86012451238500        0.00000000000000     
   7.02956958784090        0.00000000000000     
   7.20319995666060        0.00000000000000     
   7.38111899559010        0.00000000000000     
   7.56343263478120        0.00000000000000     
   7.75024942086030        0.00000000000000     
   7.94168058155550        0.00000000000000     
   8.13784009191990        0.00000000000000     
   8.33884474219040        0.00000000000000     
   8.54481420732250        0.00000000000000     
   8.75587111824330        0.00000000000000     
   8.97214113486390        0.00000000000000     
   9.19375302089510        0.00000000000000     
   9.42083872051120        0.00000000000000     
   9.65353343690780        0.00000000000000     
   9.89197571279940        0.00000000000000     
   10.1363075129060        0.00000000000000     
   10.3866743084740        0.00000000000000     
   10.6432251638940        0.00000000000000     
   10.9061128254420        0.00000000000000     
   11.1754938122300        0.00000000000000     
   11.4515285093920        0.00000000000000     
   11.7343812635740        0.00000000000000     
   12.0242204807850        0.00000000000000     
   12.3212187266600        0.00000000000000     
   12.6255528292090        0.00000000000000     
   12.9374039840900        0.00000000000000     
   13.2569578624970        0.00000000000000     
   13.5844047217010        0.00000000000000     
   13.9199395183270        0.00000000000000     
   14.2637620244290        0.00000000000000     
   14.6160769464330        0.00000000000000     
   14.9770940470100        0.00000000000000     
   15.3470282699710        0.00000000000000     
   15.7260998682390        0.00000000000000     
   16.1145345349850        0.00000000000000     
   16.5125635379990        0.00000000000000     
   16.9204238573870        0.00000000000000     
   17.3383583266650        0.00000000000000     
   17.7666157773330        0.00000000000000     
   18.2054511870330        0.00000000000000     
   18.6551258313530        0.00000000000000     
   19.1159074393880        0.00000000000000     
   19.5880703531400        0.00000000000000     
   20.0718956908630        0.00000000000000     
   20.5676715144270        0.00000000000000     
   21.0756930008340        0.00000000000000     
   21.5962626179540        0.00000000000000     
   22.1296903046180        0.00000000000000     
   22.6762936551420        0.00000000000000     
   23.2363981084240        0.00000000000000     
   23.8103371417020        0.00000000000000     
   24.3984524691020        0.00000000000000     
   25.0010942450890        0.00000000000000     
   25.6186212729420        0.00000000000000     
   26.2514012183840        0.00000000000000     
   26.8998108284780        0.00000000000000     
   27.5642361559420        0.00000000000000     
   28.2450727889930        0.00000000000000     
   28.9427260868810        0.00000000000000     
   29.6576114212270        0.00000000000000     
   30.3901544233320        0.00000000000000     
   31.1407912375880        0.00000000000000     
   31.9099687811560        0.00000000000000     
   32.6981450100510        0.00000000000000     
   33.5057891917990        0.00000000000000     
   34.3333821848370        0.00000000000000     
   35.1814167248020        0.00000000000000     
   36.0503977179050        0.00000000000000     
   36.9408425415370        0.00000000000000     
   37.8532813523130        0.00000000000000     
   38.7882574017150        0.00000000000000     
   39.7463273595370        0.00000000000000     
   40.7280616453180        0.00000000000000     
   41.7340447679570        0.00000000000000     
   42.7648756737260        0.00000000000000     
   43.8211681028670        0.00000000000000     
   44.9035509550080        0.00000000000000     
   46.0126686635960        0.00000000000000     
   47.1491815795870        0.00000000000000     
   48.3137663646030        0.00000000000000     
   49.5071163938090        0.00000000000000     
   50.7299421687360        0.00000000000000     
   51.9829717403040        0.00000000000000     
   53.2669511422890        0.00000000000000     
   54.5826448355040        0.00000000000000     
   55.9308361629410        0.00000000000000     
   57.3123278161650        0.00000000000000     
   58.7279423132250        0.00000000000000     
   60.1785224883610        0.00000000000000     
   61.6649319938240        0.00000000000000     
   63.1880558140710        0.00000000000000     
   64.7488007926790        0.00000000000000     
   66.3480961722580        0.00000000000000     
   67.9868941477130        0.00000000000000     
   69.6661704331610        0.00000000000000     
   71.3869248428600        0.00000000000000     
   73.1501818864790        0.00000000000000     
   74.9569913790750        0.00000000000000     
   76.8084290661380        0.00000000000000     
   78.7055972640720        0.00000000000000     
