  8.012820512820501E-005 -1.214115982426069E-009
  8.210737179487199E-005 -1.274834031977758E-009
  8.413542387820500E-005 -1.338588596651849E-009
  8.621356884799700E-005 -1.405531532843550E-009
  8.834304399854200E-005 -1.475822301612832E-009
  9.052511718530601E-005 -1.549628318658676E-009
  9.276108757978300E-005 -1.627125381788733E-009
  9.505228644300400E-005 -1.708498080598044E-009
  9.740007791814600E-005 -1.793940236004142E-009
  9.980585984272400E-005 -1.883655361929068E-009
  1.022710645808400E-004 -1.977857150045139E-009
  1.047971598759900E-004 -2.076769978766021E-009
  1.073856497249200E-004 -2.180629447692150E-009
  1.100380752731300E-004 -2.289682938782806E-009
  1.127560157323800E-004 -2.404190205594075E-009
  1.155410893209600E-004 -2.524423991981356E-009
  1.183949542271900E-004 -2.650670681747654E-009
  1.213193095966000E-004 -2.783230980778580E-009
  1.243158965436400E-004 -2.922420633290231E-009
  1.273864991882700E-004 -3.068571173896790E-009
  1.305329457182200E-004 -3.222030717292379E-009
  1.337571094774600E-004 -3.383164787420523E-009
  1.370609100815500E-004 -3.552357188112733E-009
  1.404463145605700E-004 -3.730010917269228E-009
  1.439153385302100E-004 -3.916549126752666E-009
  1.474700473919100E-004 -4.112416130293164E-009
  1.511125575624900E-004 -4.318078461793952E-009
  1.548450377342800E-004 -4.534025986564538E-009
  1.586697101663200E-004 -4.760773068126250E-009
  1.625888520074300E-004 -4.998859793372225E-009
  1.666047966520100E-004 -5.248853258993395E-009
  1.707199351293100E-004 -5.511348922240581E-009
  1.749367175270100E-004 -5.786972019242537E-009
  1.792576544499300E-004 -6.076379054247544E-009
  1.836853185148400E-004 -6.380259363345442E-009
  1.882223458821600E-004 -6.699336756395014E-009
  1.928714378254400E-004 -7.034371241052354E-009
  1.976353623397300E-004 -7.386160833037534E-009
  2.025169557895200E-004 -7.755543456910468E-009
  2.075191245975300E-004 -8.143398941924409E-009
  2.126448469750800E-004 -8.550651117679814E-009
  2.178971746953700E-004 -8.978270014586229E-009
  2.232792349103500E-004 -9.427274174374436E-009
  2.287942320126300E-004 -9.898733076141589E-009
  2.344454495433400E-004 -1.039376968374583E-008
  2.402362521470600E-004 -1.091356312057764E-008
  2.461700875751000E-004 -1.145935147811012E-008
  2.522504887382000E-004 -1.203243476488624E-008
  2.584810758100300E-004 -1.263417800301294E-008
  2.648655583825400E-004 -1.326601447948508E-008
  2.714077376745900E-004 -1.392944916013046E-008
  2.781115087951500E-004 -1.462606227426027E-008
  2.849808630623900E-004 -1.535751307861629E-008
  2.920198903800300E-004 -1.612554380954024E-008
  2.992327816724200E-004 -1.693198383278317E-008
  3.066238313797300E-004 -1.777875400086775E-008
  3.141974400148100E-004 -1.866787122833875E-008
  3.219581167831700E-004 -1.960145329584779E-008
  3.299104822677200E-004 -2.058172389446595E-008
  3.380592711797300E-004 -2.161101792229275E-008
  3.464093351778700E-004 -2.269178704590612E-008
  3.549656457567600E-004 -2.382660553998654E-008
  3.637332972069600E-004 -2.501817641895628E-008
  3.727175096479700E-004 -2.626933787526328E-008
  3.819236321362700E-004 -2.758307003965267E-008
  3.913571458500400E-004 -2.896250207952317E-008
  4.010236673525400E-004 -3.041091965224644E-008
  4.109289519361400E-004 -3.193177273126857E-008
  4.210788970489700E-004 -3.352868382356705E-008
  4.314795458060800E-004 -3.520545659806670E-008
  4.421370905874900E-004 -3.696608494558943E-008
  4.530578767250000E-004 -3.881476249183616E-008
  4.642484062801000E-004 -4.075589258618608E-008
  4.757153419152200E-004 -4.279409878998543E-008
  4.874655108605300E-004 -4.493423588937576E-008
  4.995059089787800E-004 -4.718140145887166E-008
  5.118437049305600E-004 -4.954094800323962E-008
  5.244862444423400E-004 -5.201849570658638E-008
  5.374410546800700E-004 -5.461994581902934E-008
  5.507158487306700E-004 -5.735149471287199E-008
  5.643185301943100E-004 -6.021964864164227E-008
  5.782571978901100E-004 -6.323123923733830E-008
  5.925401506780000E-004 -6.639343978265121E-008
  6.071758923997500E-004 -6.971378229692303E-008
  6.221731369420200E-004 -7.320017547660923E-008
  6.375408134244900E-004 -7.686092353301313E-008
  6.532880715160700E-004 -8.070474597195997E-008
  6.694242868825200E-004 -8.474079836277087E-008
  6.859590667685199E-004 -8.897869414584516E-008
  7.029022557177000E-004 -9.342852753085769E-008
  7.202639414339300E-004 -9.810089754009072E-008
  7.380544607873500E-004 -1.030069332541959E-007
  7.562844059687900E-004 -1.081583203204734E-007
  7.749646307962200E-004 -1.135673287868385E-007
  7.941062571768900E-004 -1.192468423278083E-007
  8.137206817291600E-004 -1.252103889320896E-007
  8.338195825678700E-004 -1.314721731246905E-007
  8.544149262572900E-004 -1.380471098007638E-007
  8.755189749358500E-004 -1.449508597513060E-007
  8.971442936167600E-004 -1.521998669653839E-007
  9.193037576691000E-004 -1.598113977981347E-007
  9.420105604835300E-004 -1.678035820974176E-007
  9.652782213274700E-004 -1.761954563872039E-007
  9.891205933942600E-004 -1.850070092105532E-007
  1.013551872051100E-003 -1.942592287403719E-007
  1.038586603290800E-003 -2.039741527709232E-007
  1.064239692392000E-003 -2.141749212097385E-007
  1.090526412794100E-003 -2.248858311944509E-007
  1.117462415190100E-003 -2.361323949660722E-007
  1.145063736845300E-003 -2.479414006365258E-007
  1.173346811145400E-003 -2.603409759953007E-007
  1.202328477380700E-003 -2.733606555069045E-007
  1.232025990772000E-003 -2.870314506591036E-007
  1.262457032744100E-003 -3.013859238290297E-007
  1.293639721452900E-003 -3.164582658435933E-007
  1.325592622572700E-003 -3.322843774185757E-007
  1.358334760350300E-003 -3.489019546706873E-007
  1.391885628930900E-003 -3.663505789058908E-007
  1.426265203965500E-003 -3.846718108982544E-007
  1.461493954503500E-003 -4.039092898835636E-007
  1.497592855179700E-003 -4.241088375039789E-007
  1.534583398702700E-003 -4.453185669504327E-007
  1.572487608650600E-003 -4.675889975639261E-007
  1.611328052584300E-003 -4.909731751677865E-007
  1.651127855483100E-003 -5.155267984175298E-007
  1.691910713513500E-003 -5.413083514702056E-007
  1.733700908137300E-003 -5.683792432879100E-007
  1.776523320568300E-003 -5.968039539084935E-007
  1.820403446586400E-003 -6.266501880311187E-007
  1.865367411717000E-003 -6.579890362825184E-007
  1.911441986786500E-003 -6.908951445487966E-007
  1.958654603860100E-003 -7.254468917750259E-007
  2.007033372575400E-003 -7.617265766572382E-007
  2.056607096878000E-003 -7.998206136706600E-007
  2.107405292170900E-003 -8.398197389019614E-007
  2.159458202887500E-003 -8.818192261745507E-007
  2.212796820498900E-003 -9.259191139827978E-007
  2.267452901965200E-003 -9.722244437762625E-007
  2.323458988643700E-003 -1.020845510159411E-006
  2.380848425663200E-003 -1.071898123604715E-006
  2.439655381777100E-003 -1.125503886304587E-006
  2.499914869707000E-003 -1.181790481818054E-006
  2.561662766988800E-003 -1.240891979203852E-006
  2.624935837333400E-003 -1.302949152363054E-006
  2.689771752515500E-003 -1.368109815353126E-006
  2.756209114802700E-003 -1.436529174470142E-006
  2.824287479938300E-003 -1.508370197939771E-006
  2.894047380692800E-003 -1.583804004097399E-006
  2.965530350995900E-003 -1.663010268981812E-006
  3.038778950665500E-003 -1.746177654311769E-006
  3.113836790746900E-003 -1.833504256867672E-006
  3.190748559478400E-003 -1.925198080347435E-006
  3.269560048897500E-003 -2.021477530820092E-006
  3.350318182105200E-003 -2.122571936958643E-006
  3.433071041203200E-003 -2.228722096289362E-006
  3.517867895921000E-003 -2.340180848762170E-006
  3.604759232950200E-003 -2.457213679004285E-006
  3.693796786004100E-003 -2.580099348695201E-006
  3.785033566618400E-003 -2.709130560567921E-006
  3.878523895713800E-003 -2.844614655617259E-006
  3.974323435938000E-003 -2.986874345180361E-006
  4.072489224805600E-003 -3.136248479624965E-006
  4.173079708658300E-003 -3.293092855488683E-006
  4.276154777462200E-003 -3.457781062979672E-006
  4.381775800465500E-003 -3.630705375865052E-006
  4.490005662737000E-003 -3.812277685870071E-006
  4.600908802606600E-003 -4.002930483799106E-006
  4.714551250031000E-003 -4.203117889739016E-006
  4.831000665906800E-003 -4.413316734773396E-006
  4.950326382354700E-003 -4.634027696808228E-006
  5.072599443998800E-003 -4.865776493199081E-006
  5.197892650265600E-003 -5.109115133025947E-006
  5.326280598727200E-003 -5.364623232002312E-006
  5.457839729515700E-003 -5.632909393148039E-006
  5.592648370834800E-003 -5.914612656515269E-006
  5.730786785594400E-003 -6.210404021423045E-006
  5.872337219198600E-003 -6.520988044825573E-006
  6.017383948512800E-003 -6.847104519626828E-006
  6.166013332041000E-003 -7.189530236930838E-006
  6.318313861342400E-003 -7.549080836441438E-006
  6.474376213717600E-003 -7.926612749404515E-006
  6.634293306196400E-003 -8.323025238730563E-006
  6.798160350859500E-003 -8.739262541164216E-006
  6.966074911525700E-003 -9.176316116593359E-006
  7.138136961840400E-003 -9.635227009860152E-006
  7.314448944797900E-003 -1.011708833071456E-005
  7.495115833734400E-003 -1.062304785780118E-005
  7.680245194827600E-003 -1.115431077290617E-005
  7.869947251139800E-003 -1.171214253195214E-005
  8.064334948242999E-003 -1.229787187961759E-005
  8.263524021464600E-003 -1.291289401473164E-005
  8.467633064794800E-003 -1.355867391401865E-005
  8.676783601495200E-003 -1.423674982208459E-005
  8.891100156452100E-003 -1.494873691599451E-005
  9.110710330316499E-003 -1.569633115314863E-005
  9.335744875475300E-003 -1.648131331164288E-005
  9.566337773899499E-003 -1.730555323275105E-005
  9.802626316914901E-003 -1.817101427561283E-005
  1.004475118694300E-002 -1.907975799479247E-005
  1.029285654126000E-002 -2.003394905182539E-005
  1.054709009782900E-002 -2.103586037245173E-005
  1.080760322324600E-002 -2.208787856188746E-005
  1.107455102286000E-002 -2.319250959098124E-005
  1.134809243312400E-002 -2.435238476686458E-005
  1.162839031622300E-002 -2.557026700228568E-005
  1.191561155703300E-002 -2.684905739864503E-005
  1.220992716249200E-002 -2.819180215833617E-005
  1.251151236340600E-002 -2.960169984298940E-005
  1.282054671878200E-002 -3.108210899482931E-005
  1.313721422273600E-002 -3.263655613939380E-005
  1.346170341403700E-002 -3.426874418867811E-005
  1.379420748836400E-002 -3.598256126472373E-005
  1.413492441332700E-002 -3.778208996477870E-005
  1.448405704633600E-002 -3.967161709006440E-005
  1.484181325538000E-002 -4.165564386138024E-005
  1.520840604278800E-002 -4.373889664596158E-005
  1.558405367204500E-002 -4.592633822113502E-005
  1.596897979774400E-002 -4.822317960170034E-005
  1.636341359874900E-002 -5.063489245927197E-005
  1.676758991463800E-002 -5.316722216318387E-005
  1.718174938552900E-002 -5.582620147413229E-005
  1.760613859535200E-002 -5.861816492329183E-005
  1.804101021865700E-002 -6.154976391113055E-005
  1.848662317105800E-002 -6.462798256212032E-005
  1.894324276338300E-002 -6.786015437312537E-005
  1.941114085963900E-002 -7.125397969526211E-005
  1.989059603887200E-002 -7.481754409105616E-005
  2.038189376103200E-002 -7.855933761072021E-005
  2.088532653692900E-002 -8.248827503355238E-005
  2.140119410239100E-002 -8.661371712305853E-005
  2.192980359672100E-002 -9.094549294638310E-005
  2.247146974556000E-002 -9.549392331157504E-005
  2.302651504827500E-002 -1.002698453786630E-004
  2.359526996996700E-002 -1.052846385035963E-004
  2.417807313822500E-002 -1.105502513764633E-004
  2.477527154474000E-002 -1.160792305195955E-004
  2.538722075189500E-002 -1.218847502131527E-004
  2.601428510446600E-002 -1.279806439202026E-004
  2.665683794654700E-002 -1.343814372864216E-004
  2.731526184382700E-002 -1.411023827936035E-004
  2.798994881136900E-002 -1.481594961498128E-004
  2.868130054701000E-002 -1.555695945036640E-004
  2.938972867052100E-002 -1.633503365739427E-004
  3.011565496868300E-002 -1.715202647914587E-004
  3.085951164640900E-002 -1.800988495534452E-004
  3.162174158407600E-002 -1.891065356973910E-004
  3.240279860120200E-002 -1.985647913053482E-004
  3.320314772665200E-002 -2.084961589563767E-004
  3.402326547550000E-002 -2.189243095498977E-004
  3.486364013274500E-002 -2.298740988291575E-004
  3.572477204402400E-002 -2.413716267414003E-004
  3.660717391351100E-002 -2.534442997766523E-004
  3.751137110917500E-002 -2.661208964355305E-004
  3.843790197557200E-002 -2.794316359836471E-004
  3.938731815436800E-002 -2.934082506579830E-004
  4.036018491278100E-002 -3.080840614991139E-004
  4.135708148012700E-002 -3.234940579925961E-004
  4.237860139268600E-002 -3.396749817104419E-004
  4.342535284708500E-002 -3.566654141553096E-004
  4.449795906240800E-002 -3.745058690193359E-004
  4.559705865125000E-002 -3.932388890795975E-004
  4.672330599993600E-002 -4.129091479648786E-004
  4.787737165813400E-002 -4.335635570396337E-004
  4.905994273809000E-002 -4.552513776632375E-004
  5.027172332372100E-002 -4.780243390955932E-004
  5.151343488981700E-002 -5.019367623358752E-004
  5.278581673159500E-002 -5.270456901922813E-004
  5.408962640486600E-002 -5.534110238989504E-004
  5.542564017706600E-002 -5.810956666112713E-004
  5.679465348943900E-002 -6.101656741256528E-004
  5.819748143062800E-002 -6.406904131912251E-004
  5.963495922196500E-002 -6.727427277966054E-004
  6.110794271474700E-002 -7.063991138340294E-004
  6.261730889980199E-002 -7.417399025666931E-004
  6.416395642962699E-002 -7.788494533431200E-004
  6.574880615343900E-002 -8.178163560266600E-004
  6.737280166542900E-002 -8.587336436314364E-004
  6.903690986656499E-002 -9.016990156821854E-004
  7.074212154026900E-002 -9.468150728369715E-004
  7.248945194231300E-002 -9.941895633453872E-004
  7.427994140528900E-002 -1.043935641938826E-003
  7.611465595799900E-002 -1.096172141778798E-003
  7.799468796016200E-002 -1.151023860124913E-003
  7.992115675277800E-002 -1.208621858411386E-003
  8.189520932457101E-002 -1.269103777459205E-003
  8.391802099488800E-002 -1.332614168583825E-003
  8.599079611346200E-002 -1.399304841398036E-003
  8.811476877746401E-002 -1.469335229142064E-003
  9.029120356626801E-002 -1.542872772426000E-003
  9.252139629435500E-002 -1.620093322292886E-003
  9.480667478282501E-002 -1.701181563570950E-003
  9.714839964996100E-002 -1.786331459519514E-003
  9.954796512131500E-002 -1.875746718817752E-003
  0.102006799859810      -1.969641285998954E-003
  0.104526367816350      -2.068239856476485E-003
  0.107108169101410      -2.171778417359781E-003
  0.109753740878220      -2.280504815307058E-003
  0.112464658277910      -2.394679352713504E-003
  0.115242535337370      -2.514575413586431E-003
  0.118089025960210      -2.640480120507083E-003
  0.121005824901420      -2.772695024131858E-003
  0.123994668776490      -2.911536826730185E-003
  0.127057337095270      -3.057338141314765E-003
  0.130195653321520      -3.210448287945313E-003
  0.133411485958560      -3.371234128851485E-003
  0.136706749661740      -3.540080944037036E-003
  0.140083406378380      -3.717393349058629E-003
  0.143543466515930      -3.903596256710018E-003
  0.147088990138870      -4.099135884331950E-003
  0.150722088195300      -4.304480808476029E-003
  0.154444923773730      -4.520123068633310E-003
  0.158259713390940      -4.746579321698857E-003
  0.162168728311700      -4.984392048786525E-003
  0.166174295900990      -5.234130815915421E-003
  0.170278801009750      -5.496393589973420E-003
  0.174484687394690      -5.771808111207345E-003
  0.178794459173340      -6.061033323270443E-003
  0.183210682314920      -6.364760861608603E-003
  0.187735986168100      -6.683716600630934E-003
  0.192373065026450      -7.018662259712282E-003
  0.197124679732600      -7.370397067567964E-003
  0.201993659322000      -7.739759483954440E-003
  0.206982902707250      -8.127628976900792E-003
  0.212095380404120      -8.534927852823984E-003
  0.217334136300100      -8.962623135809641E-003
  0.222702289466720      -9.411728491102700E-003
  0.228203036016540      -9.883306186379223E-003
  0.233839651006150      -1.037846908259422E-002
  0.239615490386000      -1.089838264413029E-002
  0.245533992998540      -1.144426695554132E-002
  0.251598682625600      -1.201739872930448E-002
  0.257813170086460      -1.261911328559728E-002
  0.264181155387590      -1.325080648119118E-002
  0.270706429925660      -1.391393655992908E-002
  0.277392878744830      -1.461002589182775E-002
  0.284244482849830      -1.534066256157595E-002
  0.291265321576220      -1.610750175983950E-002
  0.298459575019150      -1.691226692228079E-002
  0.305831526522120      -1.775675055127263E-002
  0.313385565227220      -1.864281464376785E-002
  0.321126188688330      -1.957239063551218E-002
  0.329058005548930      -2.054747875633416E-002
  0.337185738285990      -2.157014667340290E-002
  0.345514226021650      -2.264252727879431E-002
  0.354048427404390      -2.376681545401201E-002
  0.362793423561280      -2.494526361668642E-002
  0.371754421123240      -2.618017582341698E-002
  0.380936755324990      -2.747390016651299E-002
  0.390345893181510      -2.882881916125029E-002
  0.399987436743100      -3.024733777284588E-002
  0.409867126430650      -3.173186867847821E-002
  0.419990844453490      -3.328481429823755E-002
  0.430364618311490      -3.490854505893520E-002
  0.440994624383780      -3.660537327556466E-002
  0.451887191606060      -3.837752194568299E-002
  0.463048805238730      -4.022708765107678E-002
  0.474486110728130      -4.215599664797852E-002
  0.486205917663110      -4.416595310049131E-002
  0.498215203829390      -4.625837827132144E-002
  0.510521119363980      -4.843433932838299E-002
  0.523130991012270      -5.069446625509306E-002
  0.536052326490270      -5.303885516624970E-002
  0.549292818954580      -5.546695613080104E-002
  0.562860351582760      -5.797744338921551E-002
  0.576763002266850      -6.056806562929217E-002
  0.591009048422840      -6.323547375353601E-002
  0.605606971918890      -6.597502334135454E-002
  0.620565464125290      -6.878054878735876E-002
  0.635893431089180      -7.164410589711197E-002
  0.651599998837080      -7.455567955877991E-002
  0.667694518808360      -7.750285300649416E-002
  0.684186573422920      -8.047043517801290E-002
  0.701085981786470      -8.344004278185771E-002
  0.718402805536600      -8.638963397729468E-002
  0.736147354833350      -8.929299109372611E-002
  0.754330194497730      -9.211915065109499E-002
  0.772962150301830      -9.483178018384014E-002
  0.792054315414280      -9.738850313205513E-002
  0.811618057005020      -9.974017548464438E-002
  0.831665023013040      -0.101830121104135     
  0.852207149081460      -0.103593336926084     
  0.873256665663770      -0.104955684727516     
  0.894826105305670      -0.105833093148762     
  0.916928310106720      -0.106130802397546     
  0.939576439366350      -0.105742694845085     
  0.962783977418700      -0.104550767805918     
  0.986564741660950      -0.102424820410329     
   1.01093289078000      -9.922244477165590E-002
   1.03590293318220      -9.478943261968867E-002
   1.06148973563180      -8.896073197543722E-002
   1.08770853210190      -8.156211368082558E-002
   1.11457493284490      -7.241273356650721E-002
   1.14210493368610      -6.132880091717019E-002
   1.17031492554820      -4.812858492610422E-002
   1.19922170420920      -3.263900404398586E-002
   1.22884248030320      -1.470404305516077E-002
   1.25919488956670       5.804777878858780E-003
   1.29029700333900       2.897570829001560E-002
   1.32216733932140       5.484176391840219E-002
   1.35482487260270       8.336347712309561E-002
   1.38828904695600       0.114409676559134     
   1.42257978641580       0.147736865674363     
   1.45771750714020       0.182968155571650     
   1.49372312956660       0.219573189496227     
   1.53061809086690       0.256851065715925     
   1.56842435771130       0.293918896362154     
   1.60716443934680       0.329709278837088     
   1.64686140099870       0.362980515784783     
   1.68753887760330       0.392343769712899     
   1.72922108788010       0.416311304998295     
   1.77193284875080       0.433369339870171     
   1.81569959011490       0.442077569495713     
   1.86054736999070       0.441194907713351     
   1.90650289002950       0.429827276396189     
   1.95359351141320       0.407588333108210     
   2.00184727114520       0.374758067786015     
   2.05129289874240       0.332417685213080     
   2.10195983334140       0.282532864386066     
   2.15387824122490       0.227952284330312     
   2.20707903378320       0.172285171516683     
   2.26159388591760       0.119621245148659     
   2.31745525489980       7.405902283238429E-002
   2.37469639969580       3.901375945498804E-002
   2.43335140076830       1.628418325657143E-002
   2.49345518036730       4.868814709812402E-003
   2.55504352332230       6.357998088552718E-004
   2.61815309834840        0.00000000000000     
   2.68282147987760        0.00000000000000     
   2.74908717043060        0.00000000000000     
   2.81698962354020        0.00000000000000     
   2.88656926724170        0.00000000000000     
   2.95786752814250        0.00000000000000     
   3.03092685608760        0.00000000000000     
   3.10579074943300        0.00000000000000     
   3.18250378094400        0.00000000000000     
   3.26111162433330        0.00000000000000     
   3.34166108145430        0.00000000000000     
   3.42420011016630        0.00000000000000     
   3.50877785288740        0.00000000000000     
   3.59544466585370        0.00000000000000     
   3.68425214910030        0.00000000000000     
   3.77525317718310        0.00000000000000     
   3.86850193065950        0.00000000000000     
   3.96405392834680        0.00000000000000     
   4.06196606037690        0.00000000000000     
   4.16229662206820        0.00000000000000     
   4.26510534863330        0.00000000000000     
   4.37045345074460        0.00000000000000     
   4.47840365097800        0.00000000000000     
   4.58902022115710        0.00000000000000     
   4.70236902061970        0.00000000000000     
   4.81851753542900        0.00000000000000     
   4.93753491855410        0.00000000000000     
   5.05949203104240        0.00000000000000     
   5.18446148420910        0.00000000000000     
   5.31251768286910        0.00000000000000     
   5.44373686963600        0.00000000000000     
   5.57819717031600        0.00000000000000     
   5.71597864042280        0.00000000000000     
   5.85716331284120        0.00000000000000     
   6.00183524666840        0.00000000000000     
   6.15008057726110        0.00000000000000     
   6.30198756751950        0.00000000000000     
   6.45764666043720        0.00000000000000     
   6.61715053295000        0.00000000000000     
   6.78059415111390        0.00000000000000     
   6.94807482664640        0.00000000000000     
   7.11969227486450        0.00000000000000     
   7.29554867405370        0.00000000000000     
   7.47574872630280        0.00000000000000     
   7.66039971984250        0.00000000000000     
   7.84961159292260        0.00000000000000     
   8.04349699926780        0.00000000000000     
   8.24217137514970        0.00000000000000     
   8.44575300811590        0.00000000000000     
   8.65436310741640        0.00000000000000     
   8.86812587616950        0.00000000000000     
   9.08716858531090        0.00000000000000     
   9.31162164936810        0.00000000000000     
   9.54161870410750        0.00000000000000     
   9.77729668609890        0.00000000000000     
   10.0187959142460        0.00000000000000     
   10.2662601733270        0.00000000000000     
   10.5198367996090        0.00000000000000     
   10.7796767685590        0.00000000000000     
   11.0459347847420        0.00000000000000     
   11.3187693739260        0.00000000000000     
   11.5983429774610        0.00000000000000     
   11.8848220490050        0.00000000000000     
   12.1783771536150        0.00000000000000     
   12.4791830693090        0.00000000000000     
   12.7874188911210        0.00000000000000     
   13.1032681377320        0.00000000000000     
   13.4269188607340        0.00000000000000     
   13.7585637565940        0.00000000000000     
   14.0984002813820        0.00000000000000     
   14.4466307683320        0.00000000000000     
   14.8034625483100        0.00000000000000     
   15.1691080732530        0.00000000000000     
   15.5437850426630        0.00000000000000     
   15.9277165332160        0.00000000000000     
   16.3211311315870        0.00000000000000     
   16.7242630705370        0.00000000000000     
   17.1373523683790        0.00000000000000     
   17.5606449718780        0.00000000000000     
   17.9943929026840        0.00000000000000     
   18.4388544073800        0.00000000000000     
   18.8942941112420        0.00000000000000     
   19.3609831757900        0.00000000000000     
   19.8391994602320        0.00000000000000     
   20.3292276869000        0.00000000000000     
   20.8313596107660        0.00000000000000     
   21.3458941931520        0.00000000000000     
   21.8731377797230        0.00000000000000     
   22.4134042828820        0.00000000000000     
   22.9670153686690        0.00000000000000     
   23.5343006482750        0.00000000000000     
   24.1155978742880        0.00000000000000     
   24.7112531417830        0.00000000000000     
   25.3216210943850        0.00000000000000     
   25.9470651354160        0.00000000000000     
   26.5879576442610        0.00000000000000     
   27.2446801980740        0.00000000000000     
   27.9176237989660        0.00000000000000     
   28.6071891068010        0.00000000000000     
   29.3137866777390        0.00000000000000     
   30.0378372086790        0.00000000000000     
   30.7797717877330        0.00000000000000     
   31.5400321508900        0.00000000000000     
   32.3190709450170        0.00000000000000     
   33.1173519973590        0.00000000000000     
   33.9353505916940        0.00000000000000     
   34.7735537513090        0.00000000000000     
   35.6324605289660        0.00000000000000     
   36.5125823040320        0.00000000000000     
   37.4144430869410        0.00000000000000     
   38.3385798311890        0.00000000000000     
   39.2855427530190        0.00000000000000     
   40.2558956590190        0.00000000000000     
   41.2502162817970        0.00000000000000     
   42.2690966239570        0.00000000000000     
   43.3131433105690        0.00000000000000     
   44.3829779503400        0.00000000000000     
   45.4792375057130        0.00000000000000     
   46.6025746721040        0.00000000000000     
   47.7536582665050        0.00000000000000     
   48.9331736256880        0.00000000000000     
   50.1418230142420        0.00000000000000     
   51.3803260426940        0.00000000000000     
   52.6494200959490        0.00000000000000     
   53.9498607723190        0.00000000000000     
   55.2824223333950        0.00000000000000     
   56.6478981650300        0.00000000000000     
   58.0471012497060        0.00000000000000     
   59.4808646505740        0.00000000000000     
   60.9500420074430        0.00000000000000     
   62.4555080450270        0.00000000000000     
   63.9981590937390        0.00000000000000     
   65.5789136233540        0.00000000000000     
   67.1987127898510        0.00000000000000     
   68.8585209957600        0.00000000000000     
   70.5593264643560        0.00000000000000     
   72.3021418280250        0.00000000000000     
   74.0880047311770        0.00000000000000     
   75.9179784480370        0.00000000000000     
   77.7931525157040        0.00000000000000     
   79.7146433828420        0.00000000000000     
