#   545 0.10247000000000E+01 1   2.6029 0.11000000000000E+02
   1 0.13297872340426E-03 0.25391680892380E-08 -.72350530363237E+01
   2 0.13626329787234E-03 0.26661521139059E-08 -.72350530606741E+01
   3 0.13962900132979E-03 0.27994866210761E-08 -.72350530844335E+01
   4 0.14307783766263E-03 0.29394891989499E-08 -.72350531076160E+01
   5 0.14661186025290E-03 0.30864933399228E-08 -.72350531302352E+01
   6 0.15023317320115E-03 0.32408491725074E-08 -.72350531523046E+01
   7 0.15394393257921E-03 0.34029243553048E-08 -.72350531738371E+01
   8 0.15774634771392E-03 0.35731049338159E-08 -.72350531948455E+01
   9 0.16164268250246E-03 0.37517962596733E-08 -.72350532153421E+01
  10 0.16563525676027E-03 0.39394239561849E-08 -.72350532353390E+01
  11 0.16972644760224E-03 0.41364349321216E-08 -.72350532548480E+01
  12 0.17391869085802E-03 0.43432984462063E-08 -.72350532738804E+01
  13 0.17821448252221E-03 0.45605072248368E-08 -.72350532924476E+01
  14 0.18261638024051E-03 0.47885786357065E-08 -.72350533105604E+01
  15 0.18712700483245E-03 0.50280559201184E-08 -.72350533282293E+01
  16 0.19174904185181E-03 0.52795094869265E-08 -.72350533454648E+01
  17 0.19648524318555E-03 0.55435382711881E-08 -.72350533622769E+01
  18 0.20133842869224E-03 0.58207711607618E-08 -.72350533786754E+01
  19 0.20631148788094E-03 0.61118684942503E-08 -.72350533946699E+01
  20 0.21140738163159E-03 0.64175236338552E-08 -.72350534102697E+01
  21 0.21662914395789E-03 0.67384646168904E-08 -.72350534254837E+01
  22 0.22197988381365E-03 0.70754558898882E-08 -.72350534403209E+01
  23 0.22746278694385E-03 0.74293001294278E-08 -.72350534547898E+01
  24 0.23308111778137E-03 0.78008401540240E-08 -.72350534688988E+01
  25 0.23883822139056E-03 0.81909609316293E-08 -.72350534826559E+01
  26 0.24473752545891E-03 0.86005916875315E-08 -.72350534960691E+01
  27 0.25078254233775E-03 0.90307081176678E-08 -.72350535091460E+01
  28 0.25697687113349E-03 0.94823347126267E-08 -.72350535218942E+01
  29 0.26332419985049E-03 0.99565471978731E-08 -.72350535343208E+01
  30 0.26982830758679E-03 0.10454475096010E-07 -.72350535464328E+01
  31 0.27649306678419E-03 0.10977304417180E-07 -.72350535582372E+01
  32 0.28332244553376E-03 0.11526280484011E-07 -.72350535697405E+01
  33 0.29032050993844E-03 0.12102710897839E-07 -.72350535809492E+01
  34 0.29749142653392E-03 0.12707968653278E-07 -.72350535918695E+01
  35 0.30483946476931E-03 0.13343495408539E-07 -.72350536025074E+01
  36 0.31236899954911E-03 0.14010804919305E-07 -.72350536128689E+01
  37 0.32008451383797E-03 0.14711486644336E-07 -.72350536229595E+01
  38 0.32799060132977E-03 0.15447209531382E-07 -.72350536327847E+01
  39 0.33609196918262E-03 0.16219725992445E-07 -.72350536423498E+01
  40 0.34439344082143E-03 0.17030876077824E-07 -.72350536516599E+01
  41 0.35289995880972E-03 0.17882591858925E-07 -.72350536607200E+01
  42 0.36161658779232E-03 0.18776902030239E-07 -.72350536695348E+01
  43 0.37054851751079E-03 0.19715936741481E-07 -.72350536781088E+01
  44 0.37970106589330E-03 0.20701932671367E-07 -.72350536864465E+01
  45 0.38907968222087E-03 0.21737238355149E-07 -.72350536945520E+01
  46 0.39868995037172E-03 0.22824319778568E-07 -.72350537024294E+01
  47 0.40853759214590E-03 0.23965766251570E-07 -.72350537100825E+01
  48 0.41862847067191E-03 0.25164296575755E-07 -.72350537175151E+01
  49 0.42896859389750E-03 0.26422765520281E-07 -.72350537247306E+01
  50 0.43956411816677E-03 0.27744170621604E-07 -.72350537317324E+01
  51 0.45042135188549E-03 0.29131659323295E-07 -.72350537385235E+01
  52 0.46154675927706E-03 0.30588536472911E-07 -.72350537451071E+01
  53 0.47294696423121E-03 0.32118272193781E-07 -.72350537514859E+01
  54 0.48462875424772E-03 0.33724510150473E-07 -.72350537576626E+01
  55 0.49659908447763E-03 0.35411076227606E-07 -.72350537636395E+01
  56 0.50886508186423E-03 0.37181987642699E-07 -.72350537694189E+01
  57 0.52143404938628E-03 0.39041462514750E-07 -.72350537750030E+01
  58 0.53431347040612E-03 0.40993929911344E-07 -.72350537803936E+01
  59 0.54751101312515E-03 0.43044040398216E-07 -.72350537855925E+01
  60 0.56103453514934E-03 0.45196677116401E-07 -.72350537906011E+01
  61 0.57489208816753E-03 0.47456967413353E-07 -.72350537954207E+01
  62 0.58909192274527E-03 0.49830295055736E-07 -.72350538000526E+01
  63 0.60364249323708E-03 0.52322313052983E-07 -.72350538044977E+01
  64 0.61855246282003E-03 0.54938957122157E-07 -.72350538087566E+01
  65 0.63383070865169E-03 0.57686459826201E-07 -.72350538128299E+01
  66 0.64948632715538E-03 0.60571365419234E-07 -.72350538167179E+01
  67 0.66552863943612E-03 0.63600545434267E-07 -.72350538204207E+01
  68 0.68196719683019E-03 0.66781215050465E-07 -.72350538239382E+01
  69 0.69881178659190E-03 0.70120950278937E-07 -.72350538272700E+01
  70 0.71607243772072E-03 0.73627706007989E-07 -.72350538304154E+01
  71 0.73375942693242E-03 0.77309834950824E-07 -.72350538333738E+01
  72 0.75188328477765E-03 0.81176107540822E-07 -.72350538361439E+01
  73 0.77045480191166E-03 0.85235732821782E-07 -.72350538387244E+01
  74 0.78948503551888E-03 0.89498380382893E-07 -.72350538411138E+01
  75 0.80898531589620E-03 0.93974203390678E-07 -.72350538433101E+01
  76 0.82896725319883E-03 0.98673862772762E-07 -.72350538453111E+01
  77 0.84944274435284E-03 0.10360855261109E-06 -.72350538471145E+01
  78 0.87042398013836E-03 0.10879002680503E-06 -.72350538487174E+01
  79 0.89192345244777E-03 0.11423062706799E-06 -.72350538501167E+01
  80 0.91395396172323E-03 0.11994331232400E-06 -.72350538513091E+01
  81 0.93652862457780E-03 0.12594168957459E-06 -.72350538522908E+01
  82 0.95966088160487E-03 0.13224004630924E-06 -.72350538530577E+01
  83 0.98336450538051E-03 0.13885338453666E-06 -.72350538536052E+01
  84 0.10076536086634E-02 0.14579745651805E-06 -.72350538539286E+01
  85 0.10325426527974E-02 0.15308880228734E-06 -.72350538540227E+01
  86 0.10580464563215E-02 0.16074478904787E-06 -.72350538538816E+01
  87 0.10841802037926E-02 0.16878365253925E-06 -.72350538534993E+01
  88 0.11109594548263E-02 0.17722454047307E-06 -.72350538528692E+01
  89 0.11384001533605E-02 0.18608755814073E-06 -.72350538519843E+01
  90 0.11665186371485E-02 0.19539381630223E-06 -.72350538508370E+01
  91 0.11953316474861E-02 0.20516548146987E-06 -.72350538494193E+01
  92 0.12248563391790E-02 0.21542582870660E-06 -.72350538477225E+01
  93 0.12551102907567E-02 0.22619929706492E-06 -.72350538457374E+01
  94 0.12861115149384E-02 0.23751154779822E-06 -.72350538434543E+01
  95 0.13178784693574E-02 0.24938952548330E-06 -.72350538408628E+01
  96 0.13504300675505E-02 0.26186152219972E-06 -.72350538379517E+01
  97 0.13837856902190E-02 0.27495724491869E-06 -.72350538347094E+01
  98 0.14179651967674E-02 0.28870788626218E-06 -.72350538311232E+01
  99 0.14529889371276E-02 0.30314619880063E-06 -.72350538271799E+01
 100 0.14888777638746E-02 0.31830657306645E-06 -.72350538228655E+01
 101 0.15256530446423E-02 0.33422511946888E-06 -.72350538181651E+01
 102 0.15633366748450E-02 0.35093975430551E-06 -.72350538130628E+01
 103 0.16019510907137E-02 0.36849029007529E-06 -.72350538075419E+01
 104 0.16415192826543E-02 0.38691853030808E-06 -.72350538015847E+01
 105 0.16820648089359E-02 0.40626836913676E-06 -.72350537951724E+01
 106 0.17236118097166E-02 0.42658589584889E-06 -.72350537882852E+01
 107 0.17661850214166E-02 0.44791950466713E-06 -.72350537809021E+01
 108 0.18098097914456E-02 0.47032001001980E-06 -.72350537730007E+01
 109 0.18545120932943E-02 0.49384076757624E-06 -.72350537645576E+01
 110 0.19003185419986E-02 0.51853780133515E-06 -.72350537555480E+01
 111 0.19472564099860E-02 0.54446993706873E-06 -.72350537459455E+01
 112 0.19953536433127E-02 0.57169894244049E-06 -.72350537357223E+01
 113 0.20446388783025E-02 0.60028967413039E-06 -.72350537248490E+01
 114 0.20951414585966E-02 0.63031023231783E-06 -.72350537132945E+01
 115 0.21468914526239E-02 0.66183212289047E-06 -.72350537010259E+01
 116 0.21999196715037E-02 0.69493042776523E-06 -.72350536880084E+01
 117 0.22542576873898E-02 0.72968398372716E-06 -.72350536742052E+01
 118 0.23099378522684E-02 0.76617557021221E-06 -.72350536595775E+01
 119 0.23669933172194E-02 0.80449210648123E-06 -.72350536440840E+01
 120 0.24254580521547E-02 0.84472485865473E-06 -.72350536276812E+01
 121 0.24853668660429E-02 0.88696965710172E-06 -.72350536103230E+01
 122 0.25467554276342E-02 0.93132712470038E-06 -.72350535919606E+01
 123 0.26096602866968E-02 0.97790291651428E-06 -.72350535725426E+01
 124 0.26741188957782E-02 0.10268079714550E-05 -.72350535520142E+01
 125 0.27401696325039E-02 0.10781587765309E-05 -.72350535303175E+01
 126 0.28078518224267E-02 0.11320776443110E-05 -.72350535073914E+01
 127 0.28772057624407E-02 0.11886930042654E-05 -.72350534831709E+01
 128 0.29482727447730E-02 0.12481397086760E-05 -.72350534575872E+01
 129 0.30210950815689E-02 0.13105593538461E-05 -.72350534305674E+01
 130 0.30957161300836E-02 0.13761006173742E-05 -.72350534020343E+01
 131 0.31721803184967E-02 0.14449196122958E-05 -.72350533719058E+01
 132 0.32505331723635E-02 0.15171802589354E-05 -.72350533400951E+01
 133 0.33308213417209E-02 0.15930546753567E-05 -.72350533065098E+01
 134 0.34130926288614E-02 0.16727235873387E-05 -.72350532710519E+01
 135 0.34973960167943E-02 0.17563767588566E-05 -.72350532336174E+01
 136 0.35837816984091E-02 0.18442134440905E-05 -.72350531940957E+01
 137 0.36723011063598E-02 0.19364428620417E-05 -.72350531523693E+01
 138 0.37630069436869E-02 0.20332846948839E-05 -.72350531083133E+01
 139 0.38559532151960E-02 0.21349696112388E-05 -.72350530617948E+01
 140 0.39511952596113E-02 0.22417398156223E-05 -.72350530126723E+01
 141 0.40487897825237E-02 0.23538496253689E-05 -.72350529607952E+01
 142 0.41487948901521E-02 0.24715660764105E-05 -.72350529060032E+01
 143 0.42512701239388E-02 0.25951695593510E-05 -.72350528481252E+01
 144 0.43562764960001E-02 0.27249544873533E-05 -.72350527869792E+01
 145 0.44638765254513E-02 0.28612299974289E-05 -.72350527223706E+01
 146 0.45741342756299E-02 0.30043206868018E-05 -.72350526540919E+01
 147 0.46871153922380E-02 0.31545673860991E-05 -.72350525819217E+01
 148 0.48028871424263E-02 0.33123279712130E-05 -.72350525056233E+01
 149 0.49215184548442E-02 0.34779782157656E-05 -.72350524249436E+01
 150 0.50430799606789E-02 0.36519126862092E-05 -.72350523396121E+01
 151 0.51676440357076E-02 0.38345456816941E-05 -.72350522493391E+01
 152 0.52952848433896E-02 0.40263122209426E-05 -.72350521538148E+01
 153 0.54260783790213E-02 0.42276690784812E-05 -.72350520527070E+01
 154 0.55601025149832E-02 0.44390958726994E-05 -.72350519456596E+01
 155 0.56974370471032E-02 0.46610962083268E-05 -.72350518322910E+01
 156 0.58381637421667E-02 0.48941988760521E-05 -.72350517121913E+01
 157 0.59823663865982E-02 0.51389591121401E-05 -.72350515849206E+01
 158 0.61301308363472E-02 0.53959599210503E-05 -.72350514500063E+01
 159 0.62815450680050E-02 0.56658134642056E-05 -.72350513069402E+01
 160 0.64366992311847E-02 0.59491625182234E-05 -.72350511551757E+01
 161 0.65956857021949E-02 0.62466820060800E-05 -.72350509941246E+01
 162 0.67585991390392E-02 0.65590806048602E-05 -.72350508231535E+01
 163 0.69255365377734E-02 0.68871024339210E-05 -.72350506415796E+01
 164 0.70965972902564E-02 0.72315288274919E-05 -.72350504486670E+01
 165 0.72718832433258E-02 0.75931801959373E-05 -.72350502436218E+01
 166 0.74514987594359E-02 0.79729179801150E-05 -.72350500255867E+01
 167 0.76355507787940E-02 0.83716467034888E-05 -.72350497936363E+01
 168 0.78241488830302E-02 0.87903161268846E-05 -.72350495467700E+01
 169 0.80174053604410E-02 0.92299235110260E-05 -.72350492839062E+01
 170 0.82154352728439E-02 0.96915159922417E-05 -.72350490038746E+01
 171 0.84183565240832E-02 0.10176193077005E-04 -.72350487054084E+01
 172 0.86262899302280E-02 0.10685109261253E-04 -.72350483871354E+01
 173 0.88393592915046E-02 0.11219476780725E-04 -.72350480475687E+01
 174 0.90576914660048E-02 0.11780568498882E-04 -.72350476850959E+01
 175 0.92814164452151E-02 0.12369720939278E-04 -.72350472979680E+01
 176 0.95106674314119E-02 0.12988337469633E-04 -.72350468842866E+01
 177 0.97455809169678E-02 0.13637891645166E-04 -.72350464419900E+01
 178 0.99862967656169E-02 0.14319930719197E-04 -.72350459688381E+01
 179 0.10232958295728E-01 0.15036079329346E-04 -.72350454623961E+01
 180 0.10485712365632E-01 0.15788043368154E-04 -.72350449200157E+01
 181 0.10744709461063E-01 0.16577614047323E-04 -.72350443388157E+01
 182 0.11010103784752E-01 0.17406672165288E-04 -.72350437156594E+01
 183 0.11282053348235E-01 0.18277192588285E-04 -.72350430471309E+01
 184 0.11560720065936E-01 0.19191248955603E-04 -.72350423295086E+01
 185 0.11846269851565E-01 0.20151018620234E-04 -.72350415587358E+01
 186 0.12138872716899E-01 0.21158787836718E-04 -.72350407303890E+01
 187 0.12438702873006E-01 0.22216957208540E-04 -.72350398396427E+01
 188 0.12745938833969E-01 0.23328047408076E-04 -.72350388812307E+01
 189 0.13060763523168E-01 0.24494705182737E-04 -.72350378494038E+01
 190 0.13383364382190E-01 0.25719709661629E-04 -.72350367378833E+01
 191 0.13713933482431E-01 0.27005978977778E-04 -.72350355398095E+01
 192 0.14052667639447E-01 0.28356577221721E-04 -.72350342476856E+01
 193 0.14399768530141E-01 0.29774721743048E-04 -.72350328533156E+01
 194 0.14755442812835E-01 0.31263790817318E-04 -.72350313477365E+01
 195 0.15119902250312E-01 0.32827331696652E-04 -.72350297211431E+01
 196 0.15493363835895E-01 0.34469069063205E-04 -.72350279628062E+01
 197 0.15876049922642E-01 0.36192913905701E-04 -.72350260609813E+01
 198 0.16268188355731E-01 0.38002972840212E-04 -.72350240028100E+01
 199 0.16670012608118E-01 0.39903557897447E-04 -.72350217742097E+01
 200 0.17081761919538E-01 0.41899196799894E-04 -.72350193597538E+01
 201 0.17503681438951E-01 0.43994643753381E-04 -.72350167425389E+01
 202 0.17936022370493E-01 0.46194890778807E-04 -.72350139040392E+01
 203 0.18379042123044E-01 0.48505179611117E-04 -.72350108239463E+01
 204 0.18833004463483E-01 0.50931014193946E-04 -.72350074799932E+01
 205 0.19298179673731E-01 0.53478173799774E-04 -.72350038477597E+01
 206 0.19774844711672E-01 0.56152726806952E-04 -.72349999004600E+01
 207 0.20263283376051E-01 0.58961045166512E-04 -.72349956087077E+01
 208 0.20763786475439E-01 0.61909819593354E-04 -.72349909402576E+01
 209 0.21276652001382E-01 0.65006075518108E-04 -.72349858597225E+01
 210 0.21802185305817E-01 0.68257189837833E-04 -.72349803282605E+01
 211 0.22340699282870E-01 0.71670908505590E-04 -.72349743032321E+01
 212 0.22892514555157E-01 0.75255365000984E-04 -.72349677378228E+01
 213 0.23457959664669E-01 0.79019099725853E-04 -.72349605806276E+01
 214 0.24037371268387E-01 0.82971080371519E-04 -.72349527751954E+01
 215 0.24631094338716E-01 0.87120723306356E-04 -.72349442595264E+01
 216 0.25239482368882E-01 0.91477916034879E-04 -.72349349655214E+01
 217 0.25862897583394E-01 0.96053040782133E-04 -.72349248183753E+01
 218 0.26501711153703E-01 0.10085699925988E-03 -.72349137359114E+01
 219 0.27156303419200E-01 0.10590123867395E-03 -.72349016278494E+01
 220 0.27827064113654E-01 0.11119777903499E-03 -.72348883950016E+01
 221 0.28514392597261E-01 0.11675924183830E-03 -.72348739283907E+01
 222 0.29218698094414E-01 0.12259888018126E-03 -.72348581082803E+01
 223 0.29940399937346E-01 0.12873061039083E-03 -.72348408031117E+01
 224 0.30679927815798E-01 0.13516904523695E-03 -.72348218683369E+01
 225 0.31437722032848E-01 0.14192952881156E-03 -.72348011451384E+01
 226 0.32214233767060E-01 0.14902817315702E-03 -.72347784590266E+01
 227 0.33009925341106E-01 0.15648189673197E-03 -.72347536183019E+01
 228 0.33825270497032E-01 0.16430846480711E-03 -.72347264123703E+01
 229 0.34660754678308E-01 0.17252653188798E-03 -.72346966098999E+01
 230 0.35516875318862E-01 0.18115568626689E-03 -.72346639568038E+01
 231 0.36394142139238E-01 0.19021649681121E-03 -.72346281740346E+01
 232 0.37293077450077E-01 0.19973056210075E-03 -.72345889551752E+01
 233 0.38214216463094E-01 0.20972056203258E-03 -.72345459638087E+01
 234 0.39158107609733E-01 0.22021031201782E-03 -.72344988306503E+01
 235 0.40125312867693E-01 0.23122481990111E-03 -.72344471504218E+01
 236 0.41116408095525E-01 0.24279034574016E-03 -.72343904784509E+01
 237 0.42131983375485E-01 0.25493446458989E-03 -.72343283269743E+01
 238 0.43172643364859E-01 0.26768613244287E-03 -.72342601611248E+01
 239 0.44239007655971E-01 0.28107575548566E-03 -.72341853945819E+01
 240 0.45331711145074E-01 0.29513526283864E-03 -.72341033848665E+01
 241 0.46451404410357E-01 0.30989818295580E-03 -.72340134282577E+01
 242 0.47598754099293E-01 0.32539972386955E-03 -.72339147543155E+01
 243 0.48774443325545E-01 0.34167685747548E-03 -.72338065199911E+01
 244 0.49979172075686E-01 0.35876840806190E-03 -.72336878033099E+01
 245 0.51213657625956E-01 0.37671514529931E-03 -.72335575966166E+01
 246 0.52478634969317E-01 0.39555988191642E-03 -.72334147993743E+01
 247 0.53774857253059E-01 0.41534757630056E-03 -.72332582105176E+01
 248 0.55103096227210E-01 0.43612544027304E-03 -.72330865203637E+01
 249 0.56464142704022E-01 0.45794305230257E-03 -.72328983020968E+01
 250 0.57858807028811E-01 0.48085247643373E-03 -.72326920028498E+01
 251 0.59287919562423E-01 0.50490838722184E-03 -.72324659344208E+01
 252 0.60752331175614E-01 0.53016820098045E-03 -.72322182636763E+01
 253 0.62252913755652E-01 0.55669221366395E-03 -.72319470027095E+01
 254 0.63790560725417E-01 0.58454374572439E-03 -.72316499988429E+01
 255 0.65366187575335E-01 0.61378929429927E-03 -.72313249245842E+01
 256 0.66980732408445E-01 0.64449869310605E-03 -.72309692676706E+01
 257 0.68635156498934E-01 0.67674528043835E-03 -.72305803213619E+01
 258 0.70330444864458E-01 0.71060607568001E-03 -.72301551751686E+01
 259 0.72067606852610E-01 0.74616196477483E-03 -.72296907062324E+01
 260 0.73847676741869E-01 0.78349789511309E-03 -.72291835716019E+01
 261 0.75671714357393E-01 0.82270308032026E-03 -.72286302016743E+01
 262 0.77540805702021E-01 0.86387121545908E-03 -.72280267950944E+01
 263 0.79456063602861E-01 0.90710070318347E-03 -.72273693154235E+01
 264 0.81418628373851E-01 0.95249489141148E-03 -.72266534898991E+01
 265 0.83429668494686E-01 0.10001623231146E-02 -.72258748106049E+01
 266 0.85490381306504E-01 0.10502169988533E-02 -.72250285383650E+01
 267 0.87601993724775E-01 0.11027786527222E-02 -.72241097096410E+01
 268 0.89765762969777E-01 0.11579730424039E-02 -.72231131466753E+01
 269 0.91982977315130E-01 0.12159322540699E-02 -.72220334710571E+01
 270 0.94254956854814E-01 0.12767950229041E-02 -.72208651208079E+01
 271 0.96583054289128E-01 0.13407070700712E-02 -.72196023709872E+01
 272 0.98968655730069E-01 0.14078214569926E-02 -.72182393577003E+01
 273 0.10141318152660E+00 0.14782989578439E-02 -.72167701052659E+01
 274 0.10391808711031E+00 0.15523084512366E-02 -.72151885561667E+01
 275 0.10648486386193E+00 0.16300273320991E-02 -.72134886032715E+01
 276 0.10911503999932E+00 0.17116419448327E-02 -.72116641236935E+01
 277 0.11181018148731E+00 0.17973480388729E-02 -.72097090135408E+01
 278 0.11457189297004E+00 0.18873512478554E-02 -.72076172227325E+01
 279 0.11740181872640E+00 0.19818675936502E-02 -.72053827890063E+01
 280 0.12030164364895E+00 0.20811240166005E-02 -.72029998702337E+01
 281 0.12327309424707E+00 0.21853589333803E-02 -.72004627741946E+01
 282 0.12631793967498E+00 0.22948228239640E-02 -.71977659850382E+01
 283 0.12943799278495E+00 0.24097788492884E-02 -.71949041857757E+01
 284 0.13263511120674E+00 0.25305035012808E-02 -.71918722763019E+01
 285 0.13591119845354E+00 0.26572872870214E-02 -.71886653866148E+01
 286 0.13926820505535E+00 0.27904354489159E-02 -.71852788850949E+01
 287 0.14270812972021E+00 0.29302687228618E-02 -.71817083818940E+01
 288 0.14623302052430E+00 0.30771241365126E-02 -.71779497276631E+01
 289 0.14984497613125E+00 0.32313558498687E-02 -.71739990080125E+01
 290 0.15354614704169E+00 0.33933360405576E-02 -.71698525342274E+01
 291 0.15733873687362E+00 0.35634558363122E-02 -.71655068308643E+01
 292 0.16122500367440E+00 0.37421262973051E-02 -.71609586209147E+01
 293 0.16520726126516E+00 0.39297794511645E-02 -.71562048092564E+01
 294 0.16928788061841E+00 0.41268693836693E-02 -.71512424651044E+01
 295 0.17346929126969E+00 0.43338733883092E-02 -.71460688041465E+01
 296 0.17775398276405E+00 0.45512931780968E-02 -.71406811709921E+01
 297 0.18214450613832E+00 0.47796561632305E-02 -.71350770224951E+01
 298 0.18664347543993E+00 0.50195167984399E-02 -.71292539124312E+01
 299 0.19125356928330E+00 0.52714580040871E-02 -.71232094779252E+01
 300 0.19597753244460E+00 0.55360926653658E-02 -.71169414279383E+01
 301 0.20081817749598E+00 0.58140652142195E-02 -.71104475340480E+01
 302 0.20577838648013E+00 0.61060532989036E-02 -.71037256236723E+01
 303 0.21086111262619E+00 0.64127695464444E-02 -.70967735758305E+01
 304 0.21606938210806E+00 0.67349634235961E-02 -.70895893194672E+01
 305 0.22140629584613E+00 0.70734232022704E-02 -.70821708343218E+01
 306 0.22687503135353E+00 0.74289780358225E-02 -.70745161542824E+01
 307 0.23247884462796E+00 0.78025001530050E-02 -.70666233731282E+01
 308 0.23822107209027E+00 0.81949071768715E-02 -.70584906525362E+01
 309 0.24410513257090E+00 0.86071645764117E-02 -.70501162322071E+01
 310 0.25013452934540E+00 0.90402882592391E-02 -.70414984419407E+01
 311 0.25631285222023E+00 0.94953473142311E-02 -.70326357154763E+01
 312 0.26264377967007E+00 0.99734669136466E-02 -.70235266058960E+01
 313 0.26913108102792E+00 0.10475831384914E-01 -.70141698023683E+01
 314 0.27577861872931E+00 0.11003687463005E-01 -.70045641479945E+01
 315 0.28259035061192E+00 0.11558347735081E-01 -.69947086584958E+01
 316 0.28957033227204E+00 0.12141194289928E-01 -.69846025414565E+01
 317 0.29672271947916E+00 0.12753682585604E-01 -.69742452158124E+01
 318 0.30405177065029E+00 0.13397345549640E-01 -.69636363312392E+01
 319 0.31156184938536E+00 0.14073797927222E-01 -.69527757870652E+01
 320 0.31925742706517E+00 0.14784740893802E-01 -.69416637502904E+01
 321 0.32714308551368E+00 0.15531966949838E-01 -.69303006722517E+01
 322 0.33522351972587E+00 0.16317365116533E-01 -.69186873034325E+01
 323 0.34350354066310E+00 0.17142926452844E-01 -.69068247058597E+01
 324 0.35198807811748E+00 0.18010749915389E-01 -.68947142624893E+01
 325 0.36068218364698E+00 0.18923048584401E-01 -.68823576829249E+01
 326 0.36959103358306E+00 0.19882156280450E-01 -.68697570047710E+01
 327 0.37871993211256E+00 0.20890534598297E-01 -.68569145898748E+01
 328 0.38807431443574E+00 0.21950780385979E-01 -.68438331146742E+01
 329 0.39765975000231E+00 0.23065633699008E-01 -.68305155538417E+01
 330 0.40748194582736E+00 0.24237986261408E-01 -.68169651563985E+01
 331 0.41754674988930E+00 0.25470890467198E-01 -.68031854134801E+01
 332 0.42786015461156E+00 0.26767568957782E-01 -.67891800169588E+01
 333 0.43842830043047E+00 0.28131424812628E-01 -.67749528081888E+01
 334 0.44925747945110E+00 0.29566052392332E-01 -.67605077162333E+01
 335 0.46035413919354E+00 0.31075248874925E-01 -.67458486850700E+01
 336 0.47172488643162E+00 0.32663026527702E-01 -.67309795894589E+01
 337 0.48337649112649E+00 0.34333625758114E-01 -.67159041394098E+01
 338 0.49531589045731E+00 0.36091528988060E-01 -.67006517077432E+01
 339 0.50755019295161E+00 0.37941475396259E-01 -.66851192795913E+01
 340 0.52008668271751E+00 0.39888476572960E-01 -.66693876650298E+01
 341 0.53293282378063E+00 0.41937833129996E-01 -.66534590464451E+01
 342 0.54609626452801E+00 0.44095152306741E-01 -.66373348293808E+01
 343 0.55958484226186E+00 0.46366366608592E-01 -.66210155005810E+01
 344 0.57340658786572E+00 0.48757753508876E-01 -.66045004874975E+01
 345 0.58756973058601E+00 0.51275956236930E-01 -.65877880240182E+01
 346 0.60208270293148E+00 0.53928005664184E-01 -.65708750281063E+01
 347 0.61695414569389E+00 0.56721343285481E-01 -.65537569979999E+01
 348 0.63219291309253E+00 0.59663845273997E-01 -.65364279345532E+01
 349 0.64780807804591E+00 0.62763847563795E-01 -.65188802981630E+01
 350 0.66380893757365E+00 0.66030171883302E-01 -.65011050094409E+01
 351 0.68020501833172E+00 0.69472152624280E-01 -.64830915032875E+01
 352 0.69700608228451E+00 0.73099664382682E-01 -.64648278461997E+01
 353 0.71422213251694E+00 0.76923149948155E-01 -.64463009263903E+01
 354 0.73186341919011E+00 0.80953648445690E-01 -.64274967254996E+01
 355 0.74994044564410E+00 0.85202823243447E-01 -.64084006792052E+01
 356 0.76846397465151E+00 0.89682989132099E-01 -.63889981317699E+01
 357 0.78744503482540E+00 0.94407138149841E-01 -.63692748863838E+01
 358 0.80689492718559E+00 0.99388963269617E-01 -.63492178489748E+01
 359 0.82682523188707E+00 0.10464287897696E+00 -.63288157579059E+01
 360 0.84724781511469E+00 0.11018403754344E+00 -.63080599856573E+01
 361 0.86817483614802E+00 0.11602833953726E+00 -.62869453912393E+01
 362 0.88961875460087E+00 0.12219243680349E+00 -.62654711938617E+01
 363 0.91159233783952E+00 0.12869372578737E+00 -.62436418295083E+01
 364 0.93410866858415E+00 0.13555032865936E+00 -.62214677428885E+01
 365 0.95718115269818E+00 0.14278105922686E+00 -.61989660582069E+01
 366 0.98082352716982E+00 0.15040537008153E+00 -.61761610638660E+01
 367 0.10050498682909E+01 0.15844327683370E+00 -.61530844392535E+01
 368 0.10298746000377E+01 0.16691525462766E+00 -.61297751468746E+01
 369 0.10553125026586E+01 0.17584210142470E+00 -.61062789110366E+01
 370 0.10813787214743E+01 0.18524476179696E+00 -.60826472057920E+01
 371 0.11080887758947E+01 0.19514410422146E+00 -.60589356805866E+01
 372 0.11354585686593E+01 0.20556064413570E+00 -.60352019625640E+01
 373 0.11635043953052E+01 0.21651420436814E+00 -.60115027901493E+01
 374 0.11922429538692E+01 0.22802350406102E+00 -.59878904535325E+01
 375 0.12216913548298E+01 0.24010566695724E+00 -.59644085439889E+01
 376 0.12518671312941E+01 0.25277564005323E+00 -.59410870453576E+01
 377 0.12827882494371E+01 0.26604551428382E+00 -.59179368370737E+01
 378 0.13144731191982E+01 0.27992374029667E+00 -.58949437183760E+01
 379 0.13469406052424E+01 0.29441423471867E+00 -.58720621070933E+01
 380 0.13802100381919E+01 0.30951537587191E+00 -.58492086130638E+01
 381 0.14143012261352E+01 0.32521889293634E+00 -.58262557349820E+01
 382 0.14492344664207E+01 0.34150865935102E+00 -.58029483630757E+01
 383 0.14850305577413E+01 0.35835941003120E+00 -.57791342439751E+01
 384 0.15217108125175E+01 0.37573541290543E+00 -.57545250712613E+01
 385 0.15592970695867E+01 0.39358913834381E+00 -.57287689918921E+01
 386 0.15978117072055E+01 0.41185998502051E+00 -.57014524079263E+01
 387 0.16372776563735E+01 0.43047313705645E+00 -.56721022694624E+01
 388 0.16777184144859E+01 0.44933864390303E+00 -.56401914613346E+01
 389 0.17191580593237E+01 0.46835082978542E+00 -.56051477839895E+01
 390 0.17616212633890E+01 0.48738815143016E+00 -.55663669938375E+01
 391 0.18051333085947E+01 0.50631362842572E+00 -.55232303020980E+01
 392 0.18497201013170E+01 0.52497596653026E+00 -.54751266235000E+01
 393 0.18954081878195E+01 0.54321147686821E+00 -.54214797005744E+01
 394 0.19422247700587E+01 0.56084685970137E+00 -.53617799808792E+01
 395 0.19901977218791E+01 0.57770286756092E+00 -.52956207607083E+01
 396 0.20393556056095E+01 0.59359878787765E+00 -.52227375930059E+01
 397 0.20897276890681E+01 0.60835759141242E+00 -.51430492548121E+01
 398 0.21413439629881E+01 0.62181148506269E+00 -.50566976531970E+01
 399 0.21942351588739E+01 0.63380749597747E+00 -.49640828961810E+01
 400 0.22484327672981E+01 0.64421261368178E+00 -.48658883348492E+01
 401 0.23039690566503E+01 0.65291794910723E+00 -.47630886222342E+01
 402 0.23608770923496E+01 0.65984136082774E+00 -.46569315751140E+01
 403 0.24191907565306E+01 0.66492808216464E+00 -.45488815759107E+01
 404 0.24789447682169E+01 0.66814909789159E+00 -.44405079040787E+01
 405 0.25401747039919E+01 0.66949741537901E+00 -.43332939847277E+01
 406 0.26029170191805E+01 0.66898301585846E+00 -.42283343089791E+01
 407 0.26672090695542E+01 0.66662815725113E+00 -.41259848626855E+01
 408 0.27330891335722E+01 0.66246499923365E+00 -.40261837633677E+01
 409 0.28005964351715E+01 0.65653550851933E+00 -.39288557946890E+01
 410 0.28697711671202E+01 0.64889148895000E+00 -.38339295355119E+01
 411 0.29406545149481E+01 0.63959427176471E+00 -.37413370555183E+01
 412 0.30132886814673E+01 0.62871445796475E+00 -.36510136275729E+01
 413 0.30877169118995E+01 0.61633154578565E+00 -.35628974583974E+01
 414 0.31639835196235E+01 0.60253346127375E+00 -.34769294387634E+01
 415 0.32421339125581E+01 0.58741598965311E+00 -.33930529139475E+01
 416 0.33222146201983E+01 0.57108210807723E+00 -.33112134747168E+01
 417 0.34042733213172E+01 0.55364122278045E+00 -.32313587686285E+01
 418 0.34883588723538E+01 0.53520831581638E+00 -.31534383310259E+01
 419 0.35745213365009E+01 0.51590300880774E+00 -.30774034347561E+01
 420 0.36628120135125E+01 0.49584855334387E+00 -.30032069573795E+01
 421 0.37532834702462E+01 0.47517075977526E+00 -.29308032644559E+01
 422 0.38459895719613E+01 0.45399687818363E+00 -.28601481073929E+01
 423 0.39409855143888E+01 0.43245444805450E+00 -.27911985343049E+01
 424 0.40383278565942E+01 0.41067012821112E+00 -.27239128123528E+01
 425 0.41380745546520E+01 0.38876853304054E+00 -.26582503600984E+01
 426 0.42402849961519E+01 0.36687108801449E+00 -.25941716885023E+01
 427 0.43450200355569E+01 0.34509492453592E+00 -.25316383493100E+01
 428 0.44523420304352E+01 0.32355183248806E+00 -.24706128896996E+01
 429 0.45623148785869E+01 0.30234728808892E+00 -.24110588121921E+01
 430 0.46750040560880E+01 0.28157957340796E+00 -.23529405389588E+01
 431 0.47904766562734E+01 0.26133900221000E+00 -.22962233797786E+01
 432 0.49088014296833E+01 0.24170726469463E+00 -.22408735030139E+01
 433 0.50300488249965E+01 0.22275690125688E+00 -.21868579090766E+01
 434 0.51542910309739E+01 0.20455091267526E+00 -.21341444059449E+01
 435 0.52816020194390E+01 0.18714251121671E+00 -.20827015863725E+01
 436 0.54120575893191E+01 0.17057501412324E+00 -.20324988064989E+01
 437 0.55457354117753E+01 0.15488187790098E+00 -.19835061656264E+01
 438 0.56827150764461E+01 0.14008686886206E+00 -.19356944869781E+01
 439 0.58230781388344E+01 0.12620436256019E+00 -.18890352992882E+01
 440 0.59669081688636E+01 0.11323976219264E+00 -.18435008191111E+01
 441 0.61142908006345E+01 0.10119002378788E+00 -.17990639337568E+01
 442 0.62653137834102E+01 0.90044274116730E-01 -.17556981847836E+01
 443 0.64200670338604E+01 0.79784505803104E-01 -.17133777519936E+01
 444 0.65786426895968E+01 0.70386333096787E-01 -.16720774378869E+01
 445 0.67411351640298E+01 0.61819791220393E-01 -.16317726525443E+01
 446 0.69076412025813E+01 0.54050162113604E-01 -.15924393989084E+01
 447 0.70782599402851E+01 0.47038809752896E-01 -.15540542584459E+01
 448 0.72530929608101E+01 0.40744008993338E-01 -.15165943771708E+01
 449 0.74322443569421E+01 0.35121753017427E-01 -.14800374520167E+01
 450 0.76158207925586E+01 0.30126525931088E-01 -.14443617175440E+01
 451 0.78039315661348E+01 0.25712028758098E-01 -.14095459329726E+01
 452 0.79966886758183E+01 0.21831848985684E-01 -.13755693695307E+01
 453 0.81942068861111E+01 0.18440065838052E-01 -.13424117981097E+01
 454 0.83966037961980E+01 0.15491785533585E-01 -.13100534772184E+01
 455 0.86039999099641E+01 0.12943602850796E-01 -.12784751412281E+01
 456 0.88165187077402E+01 0.10753987327995E-01 -.12476579889012E+01
 457 0.90342867198214E+01 0.88835942987762E-02 -.12175836721974E+01
 458 0.92574336018010E+01 0.72955026747120E-02 -.11882342853490E+01
 459 0.94860922117655E+01 0.59553828917037E-02 -.11595923542002E+01
 460 0.97203986893961E+01 0.48315997103936E-02 -.11316408258028E+01
 461 0.99604925370241E+01 0.38952555866522E-02 -.11043630582636E+01
 462 0.10206516702689E+02 0.31201810975270E-02 -.10777428108360E+01
 463 0.10458617665245E+02 0.24828794222020E-02 -.10517642342500E+01
 464 0.10716945521577E+02 0.19624321456552E-02 -.10264118612765E+01
 465 0.10981654075960E+02 0.15403736911607E-02 -.10016705975178E+01
 466 0.11252900931636E+02 0.12005415189709E-02 -.97752571242099E+00
 467 0.11530847584647E+02 0.92890887961199E-03 -.95396283050745E+00
 468 0.11815659519988E+02 0.71340641188433E-03 -.93096792281395E+00
 469 0.12107506310132E+02 0.54373826060256E-03 -.90852729854001E+00
 470 0.12406561715992E+02 0.41119769079810E-03 -.88662759689666E+00
 471 0.12713003790377E+02 0.30848642642498E-03 -.86525577915162E+00
 472 0.13027014983999E+02 0.22954117368212E-03 -.84439912086622E+00
 473 0.13348782254104E+02 0.16937003019687E-03 -.82404520431953E+00
 474 0.13678497175780E+02 0.12390075614869E-03 -.80418191111499E+00
 475 0.14016356056022E+02 0.89842212281768E-04 -.78479741496534E+00
 476 0.14362560050606E+02 0.64559668299234E-04 -.76588017465145E+00
 477 0.14717315283856E+02 0.45964164145683E-04 -.74741892715083E+00
 478 0.15080832971367E+02 0.32415672222619E-04 -.72940268093181E+00
 479 0.15453329545760E+02 0.22639462277728E-04 -.71182070940940E+00
 480 0.15835026785540E+02 0.15654810285480E-04 -.69466254455880E+00
 481 0.16226151947143E+02 0.10715012554079E-04 -.67791797068293E+00
 482 0.16626937900237E+02 0.72575584929166E-05 -.66157701833017E+00
 483 0.17037623266373E+02 0.48632701545345E-05 -.64562995835871E+00
 484 0.17458452561053E+02 0.32232230476391E-05 -.63006729614396E+00
 485 0.17889676339311E+02 0.21123097524967E-05 -.61487976592560E+00
 486 0.18331551344892E+02 0.13683848433362E-05 -.60005832529091E+00
 487 0.18784340663110E+02 0.87602664558442E-06 -.58559414979107E+00
 488 0.19248313877489E+02 0.55405972042655E-06 -.57147862768720E+00
 489 0.19723747230263E+02 0.34609436711695E-06 -.55770335482307E+00
 490 0.20210923786851E+02 0.21345005085573E-06 -.54426012962142E+00
 491 0.20710133604386E+02 0.12993416632154E-06 -.53114094820086E+00
 492 0.21221673904414E+02 0.78042976474294E-07 -.51833799961048E+00
 493 0.21745849249853E+02 0.46236177492317E-07 -.50584366117935E+00
 494 0.22282971726325E+02 0.27009597613962E-07 -.49365049397809E+00
 495 0.22833361127965E+02 0.15552095656987E-07 -.48175123838986E+00
 496 0.23397345147826E+02 0.88234168110712E-08 -.47013880978809E+00
 497 0.23975259572977E+02 0.49306028035340E-08 -.45880629431843E+00
 498 0.24567448484429E+02 0.27127673303847E-08 -.44774694478231E+00
 499 0.25174264461995E+02 0.14689394325708E-08 -.43695417661980E+00
 500 0.25796068794206E+02 0.78252634020259E-09 -.42642156398926E+00
 501 0.26433231693423E+02 0.40993779195720E-09 -.41614283594151E+00
 502 0.27086132516251E+02 0.21109413446218E-09 -.40611187268616E+00
 503 0.27755159989402E+02 0.10680309804741E-09 -.39632270194804E+00
 504 0.28440712441140E+02 0.53069631614240E-10 -.38676949541138E+00
 505 0.29143198038436E+02 0.25885856162494E-10 -.37744656524971E+00
 506 0.29863035029986E+02 0.12388747547835E-10 -.36834836073945E+00
 507 0.30600651995226E+02 0.58147246076679E-11 -.35946946495506E+00
 508 0.31356488099508E+02 0.26751637393328E-11 -.35080459154392E+00
 509 0.32130993355566E+02 0.12057786654727E-11 -.34234858157893E+00
 510 0.32924628891449E+02 0.53217090978195E-12 -.33409640048690E+00
 511 0.33737867225068E+02 0.22986077058676E-12 -.32604313505114E+00
 512 0.34571192545527E+02 0.97110470429066E-13 -.31818399048613E+00
 513 0.35425101001401E+02 0.40105619064408E-13 -.31051428758283E+00
 514 0.36300100996136E+02 0.16181764779841E-13 -.30302945992274E+00
 515 0.37196713490740E+02 0.63747684434282E-14 -.29572505115911E+00
 516 0.38115472313962E+02 0.24504726943292E-14 -.28859671236373E+00
 517 0.39056924480117E+02 0.91855211182976E-15 -.28164019943762E+00
 518 0.40021630514775E+02 0.33553675927889E-15 -.27485137058419E+00
 519 0.41010164788490E+02 0.11936166298803E-15 -.26822618384326E+00
 520 0.42023115858766E+02 0.41321509323827E-16 -.26176069468455E+00
 521 0.43061086820478E+02 0.13911183145328E-16 -.25545105365917E+00
 522 0.44124695664943E+02 0.45510364815855E-17 -.24929350410771E+00
 523 0.45214575647868E+02 0.14457341553871E-17 -.24328437992360E+00
 524 0.46331375666370E+02 0.44561861263396E-18 -.23742010337035E+00
 525 0.47475760645329E+02 0.13316565092989E-18 -.23169718295145E+00
 526 0.48648411933269E+02 0.38549660940156E-19 -.22611221133156E+00
 527 0.49850027708021E+02 0.10801813677449E-19 -.22066186330785E+00
 528 0.51081323392409E+02 0.29269668367441E-20 -.21534289383025E+00
 529 0.52343032080201E+02 0.76650896214878E-21 -.21015213606934E+00
 530 0.53635904972582E+02 0.19326233208895E-21 -.20508649953092E+00
 531 0.54960711825405E+02 0.46421662161158E-22 -.20014296821599E+00
 532 0.56318241407492E+02 0.00000000000000E+00 -.19531859882501E+00
 533 0.57709301970257E+02 0.00000000000000E+00 -.19061051900557E+00
 534 0.59134721728923E+02 0.00000000000000E+00 -.18601592564221E+00
 535 0.60595349355627E+02 0.00000000000000E+00 -.18153208318748E+00
 536 0.62092054484711E+02 0.00000000000000E+00 -.17715632203326E+00
 537 0.63625728230484E+02 0.00000000000000E+00 -.17288603692130E+00
 538 0.65197283717776E+02 0.00000000000000E+00 -.16871868539212E+00
 539 0.66807656625606E+02 0.00000000000000E+00 -.16465178627122E+00
 540 0.68457805744258E+02 0.00000000000000E+00 -.16068291819188E+00
 541 0.70148713546141E+02 0.00000000000000E+00 -.15680971815349E+00
 542 0.71881386770731E+02 0.00000000000000E+00 -.15302988011465E+00
 543 0.73656857023968E+02 0.00000000000000E+00 -.14934115362023E+00
 544 0.75476181392460E+02 0.00000000000000E+00 -.14574134246144E+00
 545 0.77340443072854E+02 0.00000000000000E+00 -.14222830336824E+00
