#   567 0.10247000000000E+01 2   2.4935 0.10000000000000E+02
   1 0.80128205128205E-04 0.10248277241059E-11 -.13048592181834E+02
   2 0.82107371794872E-04 0.11026586132582E-11 -.13048592218023E+02
   3 0.84135423878205E-04 0.11864003956893E-11 -.13048592253339E+02
   4 0.86213568847997E-04 0.12765019761942E-11 -.13048592287802E+02
   5 0.88343043998542E-04 0.13734464230616E-11 -.13048592321433E+02
   6 0.90525117185306E-04 0.14777533549638E-11 -.13048592354252E+02
   7 0.92761087579783E-04 0.15899819177406E-11 -.13048592386279E+02
   8 0.95052286443004E-04 0.17107337229628E-11 -.13048592417531E+02
   9 0.97400077918146E-04 0.18406560716382E-11 -.13048592448028E+02
  10 0.99805859842724E-04 0.19804454243045E-11 -.13048592477789E+02
  11 0.10227106458084E-03 0.21308511344685E-11 -.13048592506830E+02
  12 0.10479715987599E-03 0.22926794655834E-11 -.13048592535169E+02
  13 0.10738564972492E-03 0.24667979130970E-11 -.13048592562823E+02
  14 0.11003807527313E-03 0.26541398547399E-11 -.13048592589807E+02
  15 0.11275601573238E-03 0.28557095539804E-11 -.13048592616139E+02
  16 0.11554108932096E-03 0.30725875434706E-11 -.13048592641834E+02
  17 0.11839495422719E-03 0.33059364173385E-11 -.13048592666907E+02
  18 0.12131930959660E-03 0.35570070633791E-11 -.13048592691372E+02
  19 0.12431589654364E-03 0.38271453685516E-11 -.13048592715245E+02
  20 0.12738649918827E-03 0.41177994337277E-11 -.13048592738540E+02
  21 0.13053294571822E-03 0.44305273363674E-11 -.13048592761270E+02
  22 0.13375710947746E-03 0.47670054827330E-11 -.13048592783448E+02
  23 0.13706091008155E-03 0.51290375944170E-11 -.13048592805088E+02
  24 0.14044631456057E-03 0.55185643773538E-11 -.13048592826203E+02
  25 0.14391533853021E-03 0.59376739251489E-11 -.13048592846806E+02
  26 0.14747004739191E-03 0.63886129124926E-11 -.13048592866907E+02
  27 0.15111255756249E-03 0.68737986386623E-11 -.13048592886520E+02
  28 0.15484503773428E-03 0.73958319856725E-11 -.13048592905655E+02
  29 0.15866971016632E-03 0.79575113605372E-11 -.13048592924324E+02
  30 0.16258885200743E-03 0.85618476963821E-11 -.13048592942539E+02
  31 0.16660479665201E-03 0.92120805928219E-11 -.13048592960309E+02
  32 0.17071993512931E-03 0.99116956821259E-11 -.13048592977645E+02
  33 0.17493671752701E-03 0.10664443314262E-10 -.13048592994558E+02
  34 0.17925765444993E-03 0.11474358660983E-10 -.13048593011056E+02
  35 0.18368531851484E-03 0.12345783346730E-10 -.13048593027151E+02
  36 0.18822234588216E-03 0.13283388722296E-10 -.13048593042851E+02
  37 0.19287143782544E-03 0.14292200906021E-10 -.13048593058166E+02
  38 0.19763536233973E-03 0.15377627726748E-10 -.13048593073104E+02
  39 0.20251695578952E-03 0.16545487712977E-10 -.13048593087675E+02
  40 0.20751912459753E-03 0.17802041283601E-10 -.13048593101886E+02
  41 0.21264484697508E-03 0.19154024307444E-10 -.13048593115746E+02
  42 0.21789717469537E-03 0.20608684211485E-10 -.13048593129263E+02
  43 0.22327923491035E-03 0.22173818831337E-10 -.13048593142445E+02
  44 0.22879423201263E-03 0.23857818212237E-10 -.13048593155299E+02
  45 0.23444544954334E-03 0.25669709584632E-10 -.13048593167833E+02
  46 0.24023625214706E-03 0.27619205755444E-10 -.13048593180054E+02
  47 0.24617008757510E-03 0.29716757174440E-10 -.13048593191969E+02
  48 0.25225048873820E-03 0.31973607954790E-10 -.13048593203585E+02
  49 0.25848107581003E-03 0.34401856148128E-10 -.13048593214908E+02
  50 0.26486555838254E-03 0.37014518597231E-10 -.13048593225946E+02
  51 0.27140773767459E-03 0.39825600713952E-10 -.13048593236703E+02
  52 0.27811150879515E-03 0.42850171556462E-10 -.13048593247186E+02
  53 0.28498086306239E-03 0.46104444608262E-10 -.13048593257401E+02
  54 0.29201989038003E-03 0.49605864691988E-10 -.13048593267355E+02
  55 0.29923278167242E-03 0.53373201483907E-10 -.13048593277051E+02
  56 0.30662383137973E-03 0.57426650130412E-10 -.13048593286496E+02
  57 0.31419744001481E-03 0.61787939505867E-10 -.13048593295694E+02
  58 0.32195811678317E-03 0.66480448692133E-10 -.13048593304652E+02
  59 0.32991048226772E-03 0.71529332304165E-10 -.13048593313373E+02
  60 0.33805927117973E-03 0.76961655333511E-10 -.13048593321862E+02
  61 0.34640933517787E-03 0.82806538232542E-10 -.13048593330124E+02
  62 0.35496564575676E-03 0.89095313017151E-10 -.13048593338163E+02
  63 0.36373329720696E-03 0.95861691224719E-10 -.13048593345983E+02
  64 0.37271750964797E-03 0.10314194462771E-09 -.13048593353589E+02
  65 0.38192363213627E-03 0.11097509967162E-09 -.13048593360984E+02
  66 0.39135714585004E-03 0.11940314667954E-09 -.13048593368172E+02
  67 0.40102366735254E-03 0.12847126494490E-09 -.13048593375156E+02
  68 0.41092895193614E-03 0.13822806491886E-09 -.13048593381940E+02
  69 0.42107889704897E-03 0.14872584879078E-09 -.13048593388528E+02
  70 0.43147954580608E-03 0.16002089085848E-09 -.13048593394921E+02
  71 0.44213709058749E-03 0.17217373919133E-09 -.13048593401123E+02
  72 0.45305787672500E-03 0.18524954020325E-09 -.13048593407138E+02
  73 0.46424840628010E-03 0.19931838787548E-09 -.13048593412966E+02
  74 0.47571534191522E-03 0.21445569950112E-09 -.13048593418612E+02
  75 0.48746551086053E-03 0.23074261996582E-09 -.13048593424076E+02
  76 0.49950590897878E-03 0.24826645673148E-09 -.13048593429362E+02
  77 0.51184370493056E-03 0.26712114785513E-09 -.13048593434471E+02
  78 0.52448624444234E-03 0.28740776555137E-09 -.13048593439406E+02
  79 0.53744105468007E-03 0.30923505799822E-09 -.13048593444166E+02
  80 0.55071584873067E-03 0.33272003229033E-09 -.13048593448755E+02
  81 0.56431853019431E-03 0.35798858166489E-09 -.13048593453173E+02
  82 0.57825719789011E-03 0.38517616036219E-09 -.13048593457422E+02
  83 0.59254015067800E-03 0.41442850973870E-09 -.13048593461502E+02
  84 0.60717589239975E-03 0.44590243952491E-09 -.13048593465414E+02
  85 0.62217313694202E-03 0.47976666841598E-09 -.13048593469159E+02
  86 0.63754081342449E-03 0.51620272850116E-09 -.13048593472737E+02
  87 0.65328807151607E-03 0.55540593838025E-09 -.13048593476148E+02
  88 0.66942428688252E-03 0.59758645018358E-09 -.13048593479392E+02
  89 0.68595906676852E-03 0.64297037610803E-09 -.13048593482470E+02
  90 0.70290225571770E-03 0.69180100050798E-09 -.13048593485380E+02
  91 0.72026394143393E-03 0.74434008403871E-09 -.13048593488122E+02
  92 0.73805446078735E-03 0.80086926684299E-09 -.13048593490695E+02
  93 0.75628440596879E-03 0.86169157830291E-09 -.13048593493098E+02
  94 0.77496463079622E-03 0.92713306144985E-09 -.13048593495330E+02
  95 0.79410625717689E-03 0.99754452074042E-09 -.13048593497389E+02
  96 0.81372068172916E-03 0.10733034025672E-08 -.13048593499273E+02
  97 0.83381958256787E-03 0.11548158185852E-08 -.13048593500981E+02
  98 0.85441492625729E-03 0.12425187226992E-08 -.13048593502509E+02
  99 0.87551897493585E-03 0.13368822533833E-08 -.13048593503856E+02
 100 0.89714429361676E-03 0.14384122538871E-08 -.13048593505018E+02
 101 0.91930375766910E-03 0.15476529838391E-08 -.13048593505992E+02
 102 0.94201056048353E-03 0.16651900367823E-08 -.13048593506775E+02
 103 0.96527822132747E-03 0.17916534792825E-08 -.13048593507363E+02
 104 0.98912059339426E-03 0.19277212284345E-08 -.13048593507752E+02
 105 0.10135518720511E-02 0.20741226858739E-08 -.13048593507937E+02
 106 0.10385866032908E-02 0.22316426477723E-08 -.13048593507914E+02
 107 0.10642396923920E-02 0.24011255117765E-08 -.13048593507676E+02
 108 0.10905264127941E-02 0.25834798034427E-08 -.13048593507219E+02
 109 0.11174624151901E-02 0.27796830464297E-08 -.13048593506537E+02
 110 0.11450637368453E-02 0.29907870025571E-08 -.13048593505622E+02
 111 0.11733468111454E-02 0.32179233098179E-08 -.13048593504469E+02
 112 0.12023284773807E-02 0.34623095485681E-08 -.13048593503069E+02
 113 0.12320259907720E-02 0.37252557684108E-08 -.13048593501415E+02
 114 0.12624570327441E-02 0.40081715107603E-08 -.13048593499498E+02
 115 0.12936397214529E-02 0.43125733647327E-08 -.13048593497310E+02
 116 0.13255926225727E-02 0.46400930968638E-08 -.13048593494841E+02
 117 0.13583347603503E-02 0.49924863982333E-08 -.13048593492081E+02
 118 0.13918856289309E-02 0.53716422958846E-08 -.13048593489019E+02
 119 0.14262652039655E-02 0.57795932789874E-08 -.13048593485644E+02
 120 0.14614939545035E-02 0.62185261940248E-08 -.13048593481944E+02
 121 0.14975928551797E-02 0.66907939674058E-08 -.13048593477906E+02
 122 0.15345833987027E-02 0.71989282183427E-08 -.13048593473516E+02
 123 0.15724876086506E-02 0.77456528295999E-08 -.13048593468761E+02
 124 0.16113280525843E-02 0.83338985488616E-08 -.13048593463625E+02
 125 0.16511278554831E-02 0.89668186989835E-08 -.13048593458093E+02
 126 0.16919107135135E-02 0.96478060813418E-08 -.13048593452147E+02
 127 0.17337009081373E-02 0.10380511162887E-07 -.13048593445770E+02
 128 0.17765233205683E-02 0.11168861644390E-07 -.13048593438942E+02
 129 0.18204034465864E-02 0.12017083514769E-07 -.13048593431645E+02
 130 0.18653674117170E-02 0.12929723704361E-07 -.13048593423857E+02
 131 0.19114419867865E-02 0.13911674458557E-07 -.13048593415556E+02
 132 0.19586546038601E-02 0.14968199562452E-07 -.13048593406718E+02
 133 0.20070333725754E-02 0.16104962557083E-07 -.13048593397319E+02
 134 0.20566070968780E-02 0.17328057098494E-07 -.13048593387333E+02
 135 0.21074052921709E-02 0.18644039622357E-07 -.13048593376732E+02
 136 0.21594582028875E-02 0.20059964489246E-07 -.13048593365488E+02
 137 0.22127968204989E-02 0.21583421798936E-07 -.13048593353570E+02
 138 0.22674529019652E-02 0.23222578076414E-07 -.13048593340945E+02
 139 0.23234589886437E-02 0.24986220047703E-07 -.13048593327579E+02
 140 0.23808484256632E-02 0.26883801740104E-07 -.13048593313438E+02
 141 0.24396553817771E-02 0.28925495159354E-07 -.13048593298481E+02
 142 0.24999148697070E-02 0.31122244815300E-07 -.13048593282671E+02
 143 0.25616627669888E-02 0.33485826388351E-07 -.13048593265964E+02
 144 0.26249358373334E-02 0.36028909851173E-07 -.13048593248316E+02
 145 0.26897717525155E-02 0.38765127383932E-07 -.13048593229680E+02
 146 0.27562091148027E-02 0.41709146447107E-07 -.13048593210007E+02
 147 0.28242874799383E-02 0.44876748403544E-07 -.13048593189243E+02
 148 0.28940473806928E-02 0.48284913111133E-07 -.13048593167335E+02
 149 0.29655303509959E-02 0.51951909939508E-07 -.13048593144222E+02
 150 0.30387789506655E-02 0.55897395698601E-07 -.13048593119845E+02
 151 0.31138367907469E-02 0.60142520003903E-07 -.13048593094138E+02
 152 0.31907485594784E-02 0.64710038643165E-07 -.13048593067031E+02
 153 0.32695600488975E-02 0.69624435552114E-07 -.13048593038454E+02
 154 0.33503181821052E-02 0.74912054052939E-07 -.13048593008327E+02
 155 0.34330710412032E-02 0.80601238058901E-07 -.13048592976572E+02
 156 0.35178678959210E-02 0.86722484001847E-07 -.13048592943101E+02
 157 0.36047592329502E-02 0.93308604296855E-07 -.13048592907825E+02
 158 0.36937967860041E-02 0.10039490322007E-06 -.13048592870647E+02
 159 0.37850335666184E-02 0.10801936614232E-06 -.13048592831466E+02
 160 0.38785238957138E-02 0.11622286313257E-06 -.13048592790174E+02
 161 0.39743234359380E-02 0.12504936802246E-06 -.13048592746658E+02
 162 0.40724892248056E-02 0.13454619410581E-06 -.13048592700798E+02
 163 0.41730797086583E-02 0.14476424773619E-06 -.13048592652466E+02
 164 0.42761547774622E-02 0.15575830118160E-06 -.13048592601526E+02
 165 0.43817758004655E-02 0.16758728619839E-06 -.13048592547837E+02
 166 0.44900056627370E-02 0.18031460989757E-06 -.13048592491245E+02
 167 0.46009088026066E-02 0.19400849459615E-06 -.13048592431591E+02
 168 0.47145512500310E-02 0.20874234347455E-06 -.13048592368702E+02
 169 0.48310006659068E-02 0.22459513399941E-06 -.13048592302398E+02
 170 0.49503263823547E-02 0.24165184121995E-06 -.13048592232487E+02
 171 0.50725994439988E-02 0.26000389320578E-06 -.13048592158763E+02
 172 0.51978926502656E-02 0.27974966106661E-06 -.13048592081009E+02
 173 0.53262805987272E-02 0.30099498617916E-06 -.13048591998994E+02
 174 0.54578397295157E-02 0.32385374744617E-06 -.13048591912473E+02
 175 0.55926483708348E-02 0.34844847162651E-06 -.13048591821182E+02
 176 0.57307867855944E-02 0.37491099000639E-06 -.13048591724845E+02
 177 0.58723372191986E-02 0.40338314492946E-06 -.13048591623163E+02
 178 0.60173839485128E-02 0.43401754997096E-06 -.13048591515822E+02
 179 0.61660133320410E-02 0.46697840782808E-06 -.13048591402482E+02
 180 0.63183138613424E-02 0.50244239030774E-06 -.13048591282785E+02
 181 0.64743762137176E-02 0.54059958512561E-06 -.13048591156346E+02
 182 0.66342933061964E-02 0.58165451458784E-06 -.13048591022756E+02
 183 0.67981603508595E-02 0.62582723161162E-06 -.13048590881576E+02
 184 0.69660749115257E-02 0.67335449895495E-06 -.13048590732337E+02
 185 0.71381369618404E-02 0.72449105797116E-06 -.13048590574538E+02
 186 0.73144489447979E-02 0.77951099368316E-06 -.13048590407643E+02
 187 0.74951158337344E-02 0.83870920348749E-06 -.13048590231077E+02
 188 0.76802451948276E-02 0.90240297735323E-06 -.13048590044225E+02
 189 0.78699472511398E-02 0.97093369797723E-06 -.13048589846426E+02
 190 0.80643349482430E-02 0.10446686699988E-05 -.13048589636974E+02
 191 0.82635240214646E-02 0.11240030880679E-05 -.13048589415107E+02
 192 0.84676330647948E-02 0.12093621543032E-05 -.13048589180010E+02
 193 0.86767836014952E-02 0.13012033564758E-05 -.13048588930806E+02
 194 0.88911001564521E-02 0.14000189191135E-05 -.13048588666551E+02
 195 0.91107103303165E-02 0.15063384406464E-05 -.13048588386231E+02
 196 0.93357448754753E-02 0.16207317307078E-05 -.13048588088755E+02
 197 0.95663377738995E-02 0.17438118627754E-05 -.13048587772944E+02
 198 0.98026263169149E-02 0.18762384584898E-05 -.13048587437531E+02
 199 0.10044751186943E-01 0.20187212212225E-05 -.13048587081148E+02
 200 0.10292856541260E-01 0.21720237378028E-05 -.13048586702320E+02
 201 0.10547090097829E-01 0.23369675687395E-05 -.13048586299452E+02
 202 0.10807603223246E-01 0.25144366488209E-05 -.13048585870824E+02
 203 0.11074551022860E-01 0.27053820216291E-05 -.13048585414575E+02
 204 0.11348092433124E-01 0.29108269332918E-05 -.13048584928693E+02
 205 0.11628390316223E-01 0.31318723127114E-05 -.13048584410998E+02
 206 0.11915611557033E-01 0.33697026675735E-05 -.13048583859134E+02
 207 0.12209927162492E-01 0.36255924276586E-05 -.13048583270546E+02
 208 0.12511512363406E-01 0.39009127693650E-05 -.13048582642463E+02
 209 0.12820546718782E-01 0.41971389579204E-05 -.13048581971884E+02
 210 0.13137214222736E-01 0.45158582465195E-05 -.13048581255549E+02
 211 0.13461703414037E-01 0.48587783745962E-05 -.13048580489921E+02
 212 0.13794207488364E-01 0.52277367106302E-05 -.13048579671157E+02
 213 0.14134924413327E-01 0.56247100883270E-05 -.13048578795081E+02
 214 0.14484057046336E-01 0.60518253887011E-05 -.13048577857153E+02
 215 0.14841813255380E-01 0.65113709245663E-05 -.13048576852434E+02
 216 0.15208406042788E-01 0.70058086882104E-05 -.13048575775549E+02
 217 0.15584053672045E-01 0.75377875276259E-05 -.13048574620647E+02
 218 0.15968979797744E-01 0.81101573216071E-05 -.13048573381354E+02
 219 0.16363413598749E-01 0.87259842293406E-05 -.13048572050724E+02
 220 0.16767589914638E-01 0.93885670958264E-05 -.13048570621187E+02
 221 0.17181749385529E-01 0.10101455100610E-04 -.13048569084484E+02
 222 0.17606138595352E-01 0.10868466743913E-04 -.13048567431607E+02
 223 0.18041010218657E-01 0.11693710271348E-04 -.13048565652722E+02
 224 0.18486623171058E-01 0.12581605646043E-04 -.13048563737094E+02
 225 0.18943242763383E-01 0.13536908185203E-04 -.13048561672996E+02
 226 0.19411140859639E-01 0.14564733986971E-04 -.13048559447618E+02
 227 0.19890596038872E-01 0.15670587282922E-04 -.13048557046956E+02
 228 0.20381893761032E-01 0.16860389861748E-04 -.13048554455700E+02
 229 0.20885326536929E-01 0.18140512720616E-04 -.13048551657107E+02
 230 0.21401194102391E-01 0.19517810112504E-04 -.13048548632860E+02
 231 0.21929803596721E-01 0.20999656170455E-04 -.13048545362916E+02
 232 0.22471469745560E-01 0.22593984303318E-04 -.13048541825334E+02
 233 0.23026515048275E-01 0.24309329572159E-04 -.13048537996092E+02
 234 0.23595269969967E-01 0.26154874272262E-04 -.13048533848884E+02
 235 0.24178073138225E-01 0.28140496962503E-04 -.13048529354892E+02
 236 0.24775271544740E-01 0.30276825202078E-04 -.13048524482543E+02
 237 0.25387220751895E-01 0.32575292274003E-04 -.13048519197235E+02
 238 0.26014285104466E-01 0.35048198195818E-04 -.13048513461040E+02
 239 0.26656837946547E-01 0.37708775340389E-04 -.13048507232379E+02
 240 0.27315261843827E-01 0.40571259013899E-04 -.13048500465657E+02
 241 0.27989948811369E-01 0.43650963364079E-04 -.13048493110870E+02
 242 0.28681300547010E-01 0.46964363019616E-04 -.13048485113172E+02
 243 0.29389728670521E-01 0.50529180891641E-04 -.13048476412392E+02
 244 0.30115654968683E-01 0.54364482600323E-04 -.13048466942512E+02
 245 0.30859511646409E-01 0.58490778024168E-04 -.13048456631091E+02
 246 0.31621741584076E-01 0.62930130506646E-04 -.13048445398628E+02
 247 0.32402798601202E-01 0.67706274294584E-04 -.13048433157869E+02
 248 0.33203147726652E-01 0.72844740825465E-04 -.13048419813039E+02
 249 0.34023265475500E-01 0.78372994526591E-04 -.13048405259007E+02
 250 0.34863640132745E-01 0.84320578838252E-04 -.13048389380364E+02
 251 0.35724772044024E-01 0.90719273225798E-04 -.13048372050410E+02
 252 0.36607173913511E-01 0.97603262002109E-04 -.13048353130050E+02
 253 0.37511371109175E-01 0.10500931584265E-03 -.13048332466575E+02
 254 0.38437901975572E-01 0.11297698694037E-03 -.13048309892336E+02
 255 0.39387318154368E-01 0.12154881881756E-03 -.13048285223278E+02
 256 0.40360184912781E-01 0.13077057188647E-03 -.13048258257350E+02
 257 0.41357081480127E-01 0.14069146593079E-03 -.13048228772753E+02
 258 0.42378601392686E-01 0.15136444076588E-03 -.13048196526029E+02
 259 0.43425352847085E-01 0.16284643642783E-03 -.13048161249974E+02
 260 0.44497959062408E-01 0.17519869433974E-03 -.13048122651354E+02
 261 0.45597058651250E-01 0.18848708100952E-03 -.13048080408415E+02
 262 0.46723305999936E-01 0.20278243592608E-03 -.13048034168170E+02
 263 0.47877371658134E-01 0.21816094544200E-03 -.13047983543441E+02
 264 0.49059942738090E-01 0.23470454456004E-03 -.13047928109643E+02
 265 0.50271723323721E-01 0.25250134867912E-03 -.13047867401285E+02
 266 0.51513434889817E-01 0.27164611750340E-03 -.13047800908184E+02
 267 0.52785816731595E-01 0.29224075347630E-03 -.13047728071347E+02
 268 0.54089626404866E-01 0.31439483726997E-03 -.13047648278527E+02
 269 0.55425640177066E-01 0.33822620304137E-03 -.13047560859427E+02
 270 0.56794653489439E-01 0.36386155635856E-03 -.13047465080521E+02
 271 0.58197481430628E-01 0.39143713790646E-03 -.13047360139495E+02
 272 0.59634959221965E-01 0.42109943630029E-03 -.13047245159286E+02
 273 0.61107942714747E-01 0.45300595356888E-03 -.13047119181701E+02
 274 0.62617308899802E-01 0.48732602711865E-03 -.13046981160624E+02
 275 0.64163956429627E-01 0.52424171225450E-03 -.13046829954798E+02
 276 0.65748806153439E-01 0.56394872961550E-03 -.13046664320184E+02
 277 0.67372801665429E-01 0.60665748218391E-03 -.13046482901926E+02
 278 0.69036909866565E-01 0.65259414684411E-03 -.13046284225921E+02
 279 0.70742121540269E-01 0.70200184580725E-03 -.13046066690045E+02
 280 0.72489451942313E-01 0.75514190357634E-03 -.13045828555076E+02
 281 0.74279941405289E-01 0.81229519550722E-03 -.13045567935365E+02
 282 0.76114655957999E-01 0.87376359442455E-03 -.13045282789353E+02
 283 0.77994687960162E-01 0.93987152217831E-03 -.13044970910015E+02
 284 0.79921156752778E-01 0.10109676134777E-02 -.13044629915360E+02
 285 0.81895209324571E-01 0.10874264998152E-02 -.13044257239116E+02
 286 0.83918020994888E-01 0.11696507217954E-02 -.13043850121787E+02
 287 0.85990796113462E-01 0.12580727787125E-02 -.13043405602248E+02
 288 0.88114768777464E-01 0.13531573247741E-02 -.13042920510099E+02
 289 0.90291203566268E-01 0.14554035219549E-02 -.13042391459022E+02
 290 0.92521396294355E-01 0.15653475600709E-02 -.13041814841369E+02
 291 0.94806674782825E-01 0.16835653553055E-02 -.13041186824272E+02
 292 0.97148399649961E-01 0.18106754390858E-02 -.13040503347522E+02
 293 0.99547965121315E-01 0.19473420498960E-02 -.13039760123492E+02
 294 0.10200679985981E+00 0.20942784413392E-02 -.13038952639362E+02
 295 0.10452636781635E+00 0.22522504204980E-02 -.13038076161843E+02
 296 0.10710816910141E+00 0.24220801314138E-02 -.13037125744609E+02
 297 0.10975374087822E+00 0.26046500992910E-02 -.13036096238518E+02
 298 0.11246465827791E+00 0.28009075518359E-02 -.13034982304692E+02
 299 0.11524253533737E+00 0.30118690349613E-02 -.13033778430372E+02
 300 0.11808902596021E+00 0.32386253409106E-02 -.13032478947411E+02
 301 0.12100582490142E+00 0.34823467676889E-02 -.13031078053113E+02
 302 0.12399466877649E+00 0.37442887295127E-02 -.13029569833017E+02
 303 0.12705733709527E+00 0.40257977388032E-02 -.13027948285122E+02
 304 0.13019565332152E+00 0.43283177810384E-02 -.13026207344908E+02
 305 0.13341148595856E+00 0.46533971045375E-02 -.13024340910443E+02
 306 0.13670674966174E+00 0.50026954479563E-02 -.13022342866772E+02
 307 0.14008340637838E+00 0.53779917289167E-02 -.13020207108767E+02
 308 0.14354346651593E+00 0.57811922177539E-02 -.13017927561601E+02
 309 0.14708899013887E+00 0.62143392208169E-02 -.13015498198035E+02
 310 0.15072208819530E+00 0.66796202980836E-02 -.13012913051790E+02
 311 0.15444492377373E+00 0.71793780400139E-02 -.13010166226385E+02
 312 0.15825971339094E+00 0.77161204285339E-02 -.13007251898915E+02
 313 0.16216872831170E+00 0.82925318067850E-02 -.13004164318449E+02
 314 0.16617429590099E+00 0.89114844817319E-02 -.13000897798828E+02
 315 0.17027880100975E+00 0.95760509828664E-02 -.12997446705835E+02
 316 0.17448468739469E+00 0.10289516998998E-01 -.12993805438852E+02
 317 0.17879445917334E+00 0.11055395013438E-01 -.12989968407210E+02
 318 0.18321068231492E+00 0.11877438655681E-01 -.12985930001583E+02
 319 0.18773598616810E+00 0.12759657784887E-01 -.12981684560814E+02
 320 0.19237306502645E+00 0.13706334316981E-01 -.12977226334595E+02
 321 0.19712467973260E+00 0.14722038802903E-01 -.12972549442445E+02
 322 0.20199365932200E+00 0.15811647760383E-01 -.12967647829395E+02
 323 0.20698290270725E+00 0.16980361755375E-01 -.12962515218727E+02
 324 0.21209538040412E+00 0.18233724221926E-01 -.12957145062072E+02
 325 0.21733413630010E+00 0.19577641000563E-01 -.12951530487054E+02
 326 0.22270228946672E+00 0.21018400565051E-01 -.12945664242611E+02
 327 0.22820303601654E+00 0.22562694895525E-01 -.12939538641976E+02
 328 0.23383965100615E+00 0.24217640942199E-01 -.12933145503261E+02
 329 0.23961549038600E+00 0.25990802607995E-01 -.12926476087428E+02
 330 0.24553399299854E+00 0.27890213160158E-01 -.12919521033392E+02
 331 0.25159868262560E+00 0.29924397960073E-01 -.12912270289866E+02
 332 0.25781317008646E+00 0.32102397376730E-01 -.12904713043517E+02
 333 0.26418115538759E+00 0.34433789722264E-01 -.12896837642896E+02
 334 0.27070642992566E+00 0.36928714017544E-01 -.12888631517545E+02
 335 0.27739287874483E+00 0.39597892361362E-01 -.12880081091629E+02
 336 0.28424448284983E+00 0.42452651638229E-01 -.12871171691376E+02
 337 0.29126532157622E+00 0.45504944256633E-01 -.12861887445529E+02
 338 0.29845957501915E+00 0.48767367561537E-01 -.12852211178010E+02
 339 0.30583152652212E+00 0.52253181511598E-01 -.12842124291896E+02
 340 0.31338556522722E+00 0.55976324152574E-01 -.12831606643787E+02
 341 0.32112618868833E+00 0.59951424353596E-01 -.12820636407597E+02
 342 0.32905800554893E+00 0.64193811201850E-01 -.12809189926749E+02
 343 0.33718573828599E+00 0.68719519373806E-01 -.12797241553721E+02
 344 0.34551422602165E+00 0.73545289717151E-01 -.12784763475858E+02
 345 0.35404842740439E+00 0.78688564187101E-01 -.12771725526324E+02
 346 0.36279342356128E+00 0.84167474183926E-01 -.12758094979062E+02
 347 0.37175442112324E+00 0.90000821235603E-01 -.12743836326619E+02
 348 0.38093675532499E+00 0.96208048861205E-01 -.12728911039674E+02
 349 0.39034589318151E+00 0.10280920433761E+00 -.12713277307175E+02
 350 0.39998743674310E+00 0.10982488897587E+00 -.12696889755977E+02
 351 0.40986712643065E+00 0.11727619539538E+00 -.12679699149009E+02
 352 0.41999084445349E+00 0.12518463016656E+00 -.12661652061049E+02
 353 0.43036461831149E+00 0.13357202007818E+00 -.12642690531384E+02
 354 0.44099462438378E+00 0.14246040017795E+00 -.12622751692789E+02
 355 0.45188719160606E+00 0.15187188163820E+00 -.12601767376575E+02
 356 0.46304880523873E+00 0.16182849741823E+00 -.12579663693742E+02
 357 0.47448611072813E+00 0.17235202363706E+00 -.12556360592721E+02
 358 0.48620591766311E+00 0.18346377454261E+00 -.12531771394719E+02
 359 0.49821520382939E+00 0.19518436897464E+00 -.12505802308291E+02
 360 0.51052111936398E+00 0.20753346627880E+00 -.12478351925566E+02
 361 0.52313099101227E+00 0.22052946975050E+00 -.12449310703449E+02
 362 0.53605232649027E+00 0.23418919588169E+00 -.12418560434229E+02
 363 0.54929281895458E+00 0.24852750796750E+00 -.12385973711306E+02
 364 0.56286035158276E+00 0.26355691301730E+00 -.12351413397236E+02
 365 0.57676300226685E+00 0.27928712142451E+00 -.12314732103014E+02
 366 0.59100904842284E+00 0.29572456949884E+00 -.12275771689495E+02
 367 0.60560697191889E+00 0.31287190577231E+00 -.12234362804067E+02
 368 0.62056546412529E+00 0.33072744297371E+00 -.12190324468185E+02
 369 0.63589343108918E+00 0.34928457874272E+00 -.12143463734153E+02
 370 0.65159999883708E+00 0.36853118953766E+00 -.12093575432560E+02
 371 0.66769451880836E+00 0.38844900379056E+00 -.12040442035041E+02
 372 0.68418657342292E+00 0.40901296218322E+00 -.11983833660510E+02
 373 0.70108598178647E+00 0.43019057495371E+00 -.11923526059076E+02
 374 0.71840280553660E+00 0.45194128837903E+00 -.11859189486028E+02
 375 0.73614735483335E+00 0.47421587498682E+00 -.11790617388577E+02
 376 0.75433019449773E+00 0.49695586458025E+00 -.11717534945330E+02
 377 0.77296215030183E+00 0.52009303574911E+00 -.11639658409368E+02
 378 0.79205431541428E+00 0.54354899009542E+00 -.11556696765326E+02
 379 0.81161805700502E+00 0.56723483380761E+00 -.11468353822239E+02
 380 0.83166502301304E+00 0.59105099332684E+00 -.11374330792404E+02
 381 0.85220714908146E+00 0.61488719349053E+00 -.11274329405431E+02
 382 0.87325666566377E+00 0.63862262750711E+00 -.11168055603604E+02
 383 0.89482610530567E+00 0.66212634818892E+00 -.11055223859228E+02
 384 0.91692831010672E+00 0.68525790880206E+00 -.10935562146301E+02
 385 0.93957643936635E+00 0.70786827943480E+00 -.10808817587128E+02
 386 0.96278397741870E+00 0.72980106069707E+00 -.10674762778930E+02
 387 0.98656474166095E+00 0.75089401063178E+00 -.10533202785649E+02
 388 0.10109328907800E+01 0.77098089278225E+00 -.10383982755640E+02
 389 0.10359029331822E+01 0.78989364334048E+00 -.10226996096631E+02
 390 0.10614897356318E+01 0.80746484323082E+00 -.10062193105059E+02
 391 0.10877085321019E+01 0.82353046703644E+00 -.98895899080047E+01
 392 0.11145749328449E+01 0.83793286520081E+00 -.97092775329318E+01
 393 0.11421049336861E+01 0.85052391947063E+00 -.95214308742017E+01
 394 0.11703149255482E+01 0.86116829483572E+00 -.93263172773608E+01
 395 0.11992217042092E+01 0.86974669520683E+00 -.91243044143448E+01
 396 0.12288424803032E+01 0.87615901586512E+00 -.89158670775572E+01
 397 0.12591948895667E+01 0.88032727455074E+00 -.87015924813033E+01
 398 0.12902970033390E+01 0.88219819620179E+00 -.84821836288833E+01
 399 0.13221673393214E+01 0.88174532501853E+00 -.82584602867257E+01
 400 0.13548248726027E+01 0.87897054273213E+00 -.80313571073701E+01
 401 0.13882890469560E+01 0.87390488440654E+00 -.78019184647362E+01
 402 0.14225797864158E+01 0.86660856305271E+00 -.75712896110165E+01
 403 0.14577175071402E+01 0.85717014149604E+00 -.73406390055553E+01
 404 0.14937231295666E+01 0.84570482340938E+00 -.71113486491908E+01
 405 0.15306180908669E+01 0.83235187370039E+00 -.68847604212030E+01
 406 0.15684243577113E+01 0.81727121949230E+00 -.66622529631456E+01
 407 0.16071644393468E+01 0.80063932436953E+00 -.64451990425641E+01
 408 0.16468614009987E+01 0.78264446785846E+00 -.62349318985041E+01
 409 0.16875388776033E+01 0.76348159693341E+00 -.60327081397737E+01
 410 0.17292210878801E+01 0.74334694481099E+00 -.58396676474988E+01
 411 0.17719328487508E+01 0.72243263329959E+00 -.56567909584160E+01
 412 0.18156995901149E+01 0.70092148829141E+00 -.54848546161810E+01
 413 0.18605473699907E+01 0.67898235200846E+00 -.53243850340473E+01
 414 0.19065028900295E+01 0.65676590826385E+00 -.51756116260522E+01
 415 0.19535935114132E+01 0.63440165556411E+00 -.50384205170881E+01
 416 0.20018472711452E+01 0.61199588809581E+00 -.49123112962220E+01
 417 0.20512928987424E+01 0.58963105677273E+00 -.47963613697204E+01
 418 0.21019598333414E+01 0.56736666343282E+00 -.46892058859173E+01
 419 0.21538782412249E+01 0.54524181698838E+00 -.45890463150379E+01
 420 0.22070790337832E+01 0.52327948216783E+00 -.44937078343475E+01
 421 0.22615938859176E+01 0.50149228049598E+00 -.44007747336185E+01
 422 0.23174552548998E+01 0.47988943420985E+00 -.43078438857465E+01
 423 0.23746963996958E+01 0.45848397233684E+00 -.42129485525248E+01
 424 0.24333514007683E+01 0.43729889426438E+00 -.41152184100906E+01
 425 0.24934551803673E+01 0.41637093886074E+00 -.40158579691905E+01
 426 0.25550435233223E+01 0.39574499228866E+00 -.39181528358836E+01
 427 0.26181530983484E+01 0.37546616659810E+00 -.38229617903597E+01
 428 0.26828214798776E+01 0.35557665344289E+00 -.37301990818758E+01
 429 0.27490871704306E+01 0.33611533686291E+00 -.36397844815080E+01
 430 0.28169896235402E+01 0.31711781745294E+00 -.35516427667986E+01
 431 0.28865692672417E+01 0.29861643865183E+00 -.34657032460830E+01
 432 0.29578675281425E+01 0.28064031471434E+00 -.33818993218319E+01
 433 0.30309268560876E+01 0.26321536027313E+00 -.33001680920398E+01
 434 0.31057907494330E+01 0.24636432171835E+00 -.32204499883795E+01
 435 0.31825037809440E+01 0.23010681091099E+00 -.31426884495496E+01
 436 0.32611116243333E+01 0.21445934199609E+00 -.30668296279815E+01
 437 0.33416610814543E+01 0.19943537228714E+00 -.29928221278663E+01
 438 0.34242001101663E+01 0.18504534834814E+00 -.29206167723127E+01
 439 0.35087778528874E+01 0.17129675850075E+00 -.28501663973490E+01
 440 0.35954446658537E+01 0.15819419302771E+00 -.27814256704509E+01
 441 0.36842521491003E+01 0.14573941332707E+00 -.27143509312826E+01
 442 0.37752531771831E+01 0.13393143119679E+00 -.26489000524005E+01
 443 0.38685019306595E+01 0.12276659929561E+00 -.25850323177528E+01
 444 0.39640539283468E+01 0.11223871363802E+00 -.25227083169300E+01
 445 0.40619660603769E+01 0.10233912874417E+00 -.24618898532535E+01
 446 0.41622966220682E+01 0.93056885785975E-01 -.24025398639418E+01
 447 0.42651053486333E+01 0.84378853758026E-01 -.23446223507448E+01
 448 0.43704534507446E+01 0.76289883365946E-01 -.22881023195971E+01
 449 0.44784036509780E+01 0.68772972977308E-01 -.22329457279912E+01
 450 0.45890202211571E+01 0.61809445632554E-01 -.21791194389234E+01
 451 0.47023690206197E+01 0.55379135778367E-01 -.21265911804024E+01
 452 0.48185175354290E+01 0.49460584075265E-01 -.20753295096448E+01
 453 0.49375349185541E+01 0.44031238356263E-01 -.20253037811981E+01
 454 0.50594920310424E+01 0.39067658584239E-01 -.19764841183455E+01
 455 0.51844614842091E+01 0.34545723480699E-01 -.19288413872418E+01
 456 0.53125176828691E+01 0.30440836384315E-01 -.18823471733184E+01
 457 0.54437368696360E+01 0.26728127848239E-01 -.18369737595712E+01
 458 0.55781971703160E+01 0.23382652502550E-01 -.17926941064126E+01
 459 0.57159786404228E+01 0.20379577791661E-01 -.17494818328249E+01
 460 0.58571633128412E+01 0.17694362343137E-01 -.17073111986028E+01
 461 0.60018352466684E+01 0.15302921928885E-01 -.16661570875112E+01
 462 0.61500805772611E+01 0.13181781234839E-01 -.16259949912207E+01
 463 0.63019875675195E+01 0.11308209952345E-01 -.15868009939112E+01
 464 0.64576466604372E+01 0.96603420332328E-02 -.15485517574552E+01
 465 0.66171505329500E+01 0.82172773002617E-02 -.15112245071133E+01
 466 0.67805941511139E+01 0.69591649639762E-02 -.14747970176863E+01
 467 0.69480748266464E+01 0.58672689548087E-02 -.14392476000837E+01
 468 0.71196922748645E+01 0.49240153249719E-02 -.14045550882733E+01
 469 0.72955486740537E+01 0.41130222985014E-02 -.13706988265862E+01
 470 0.74757487263028E+01 0.34191138412666E-02 -.13376586573570E+01
 471 0.76603997198425E+01 0.28283178788397E-02 -.13054149088810E+01
 472 0.78496115929226E+01 0.23278505034509E-02 -.12739483836752E+01
 473 0.80434969992678E+01 0.19060876782750E-02 -.12432403470311E+01
 474 0.82421713751497E+01 0.15525260662012E-02 -.12132725158495E+01
 475 0.84457530081159E+01 0.12577346809795E-02 -.11840270477483E+01
 476 0.86543631074164E+01 0.10132990827763E-02 -.11554865304349E+01
 477 0.88681258761695E+01 0.81175982071610E-03 -.11276339713367E+01
 478 0.90871685853109E+01 0.64654676614492E-03 -.11004527874826E+01
 479 0.93116216493681E+01 0.51191088731326E-03 -.10739267956290E+01
 480 0.95416187041075E+01 0.40285489478444E-03 -.10480402026233E+01
 481 0.97772966860989E+01 0.31506404340189E-03 -.10227775960017E+01
 482 0.10018795914246E+02 0.24483821748087E-03 -.99812393481165E+00
 483 0.10266260173327E+02 0.18902625730216E-03 -.97406454065733E+00
 484 0.10519836799609E+02 0.14496331290939E-03 -.95058508895997E+00
 485 0.10779676768559E+02 0.11041184105242E-03 -.92767160042935E+00
 486 0.11045934784742E+02 0.83506697611640E-04 -.90531043274064E+00
 487 0.11318769373926E+02 0.62704624942635E-04 -.88348827241206E+00
 488 0.11598342977461E+02 0.46738294427585E-04 -.86219212687817E+00
 489 0.11884822049005E+02 0.34574941385830E-04 -.84140931675434E+00
 490 0.12178377153615E+02 0.25379523828182E-04 -.82112746828763E+00
 491 0.12479183069309E+02 0.18482248998910E-04 -.80133450598969E+00
 492 0.12787418891121E+02 0.13350242191027E-04 -.78201864544714E+00
 493 0.13103268137732E+02 0.95630802860064E-05 -.76316838630540E+00
 494 0.13426918860734E+02 0.67918766956713E-05 -.74477250542149E+00
 495 0.13758563756594E+02 0.47815833190262E-05 -.72682005018199E+00
 496 0.14098400281382E+02 0.33361669439264E-05 -.70930033198204E+00
 497 0.14446630768332E+02 0.23063202343200E-05 -.69220291986146E+00
 498 0.14803462548310E+02 0.15793790009637E-05 -.67551763429439E+00
 499 0.15169108073253E+02 0.10711358415884E-05 -.65923454112851E+00
 500 0.15543785042663E+02 0.71926354802458E-06 -.64334394567045E+00
 501 0.15927716533216E+02 0.47808817311852E-06 -.62783638691369E+00
 502 0.16321131131587E+02 0.31447980027934E-06 -.61270263190562E+00
 503 0.16724263070537E+02 0.20465757094028E-06 -.59793367025043E+00
 504 0.17137352368379E+02 0.13173335552412E-06 -.58352070874444E+00
 505 0.17560644971878E+02 0.83844802072921E-07 -.56945516614077E+00
 506 0.17994392902684E+02 0.52752794958971E-07 -.55572866804018E+00
 507 0.18438854407380E+02 0.32800243928450E-07 -.54233304190512E+00
 508 0.18894294111242E+02 0.20148421063389E-07 -.52926031219393E+00
 509 0.19360983175790E+02 0.12223738348520E-07 -.51650269561230E+00
 510 0.19839199460232E+02 0.73219954619615E-08 -.50405259647927E+00
 511 0.20329227686900E+02 0.43288946338445E-08 -.49190260220481E+00
 512 0.20831359610766E+02 0.25252411203763E-08 -.48004547887656E+00
 513 0.21345894193152E+02 0.14529790411902E-08 -.46847416695282E+00
 514 0.21873137779723E+02 0.82431846828240E-09 -.45718177705945E+00
 515 0.22413404282882E+02 0.46095065235227E-09 -.44616158588802E+00
 516 0.22967015368669E+02 0.25396742215098E-09 -.43540703219286E+00
 517 0.23534300648275E+02 0.13781670585932E-09 -.42491171288461E+00
 518 0.24115597874288E+02 0.73630524067036E-10 -.41466937921792E+00
 519 0.24711253141783E+02 0.38714314720531E-10 -.40467393307107E+00
 520 0.25321621094385E+02 0.20024737652002E-10 -.39491942331518E+00
 521 0.25947065135416E+02 0.10184326613595E-10 -.38540004227109E+00
 522 0.26587957644261E+02 0.50910067010071E-11 -.37611012225148E+00
 523 0.27244680198074E+02 0.00000000000000E+00 -.36704413218647E+00
 524 0.27917623798966E+02 0.00000000000000E+00 -.35819667433051E+00
 525 0.28607189106801E+02 0.00000000000000E+00 -.34956248104861E+00
 526 0.29313786677739E+02 0.00000000000000E+00 -.34113641168011E+00
 527 0.30037837208679E+02 0.00000000000000E+00 -.33291344947800E+00
 528 0.30779771787733E+02 0.00000000000000E+00 -.32488869862204E+00
 529 0.31540032150890E+02 0.00000000000000E+00 -.31705738130383E+00
 530 0.32319070945017E+02 0.00000000000000E+00 -.30941483488224E+00
 531 0.33117351997359E+02 0.00000000000000E+00 -.30195650910729E+00
 532 0.33935350591694E+02 0.00000000000000E+00 -.29467796341104E+00
 533 0.34773553751309E+02 0.00000000000000E+00 -.28757486426372E+00
 534 0.35632460528966E+02 0.00000000000000E+00 -.28064298259366E+00
 535 0.36512582304032E+02 0.00000000000000E+00 -.27387819126931E+00
 536 0.37414443086941E+02 0.00000000000000E+00 -.26727646264205E+00
 537 0.38338579831189E+02 0.00000000000000E+00 -.26083386614819E+00
 538 0.39285542753019E+02 0.00000000000000E+00 -.25454656596876E+00
 539 0.40255895659019E+02 0.00000000000000E+00 -.24841081874574E+00
 540 0.41250216281797E+02 0.00000000000000E+00 -.24242297135331E+00
 541 0.42269096623957E+02 0.00000000000000E+00 -.23657945872286E+00
 542 0.43313143310569E+02 0.00000000000000E+00 -.23087680172037E+00
 543 0.44382977950340E+02 0.00000000000000E+00 -.22531160507501E+00
 544 0.45479237505713E+02 0.00000000000000E+00 -.21988055535768E+00
 545 0.46602574672104E+02 0.00000000000000E+00 -.21458041900818E+00
 546 0.47753658266505E+02 0.00000000000000E+00 -.20940804041005E+00
 547 0.48933173625688E+02 0.00000000000000E+00 -.20436034001176E+00
 548 0.50141823014242E+02 0.00000000000000E+00 -.19943431249318E+00
 549 0.51380326042694E+02 0.00000000000000E+00 -.19462702497626E+00
 550 0.52649420095949E+02 0.00000000000000E+00 -.18993561527888E+00
 551 0.53949860772319E+02 0.00000000000000E+00 -.18535729021067E+00
 552 0.55282422333395E+02 0.00000000000000E+00 -.18088932391009E+00
 553 0.56647898165030E+02 0.00000000000000E+00 -.17652905622142E+00
 554 0.58047101249706E+02 0.00000000000000E+00 -.17227389111098E+00
 555 0.59480864650574E+02 0.00000000000000E+00 -.16812129512148E+00
 556 0.60950042007443E+02 0.00000000000000E+00 -.16406879586365E+00
 557 0.62455508045027E+02 0.00000000000000E+00 -.16011398054421E+00
 558 0.63998159093739E+02 0.00000000000000E+00 -.15625449452933E+00
 559 0.65578913623354E+02 0.00000000000000E+00 -.15248803994275E+00
 560 0.67198712789851E+02 0.00000000000000E+00 -.14881237429760E+00
 561 0.68858520995760E+02 0.00000000000000E+00 -.14522530916131E+00
 562 0.70559326464356E+02 0.00000000000000E+00 -.14172470885265E+00
 563 0.72302141828025E+02 0.00000000000000E+00 -.13830848917015E+00
 564 0.74088004731177E+02 0.00000000000000E+00 -.13497461615121E+00
 565 0.75917978448037E+02 0.00000000000000E+00 -.13172110486114E+00
 566 0.77793152515704E+02 0.00000000000000E+00 -.12854601821132E+00
 567 0.79714643382842E+02 0.00000000000000E+00 -.12544746580592E+00
