#   567 0.10247000000000E+01 0   2.4935 0.10000000000000E+02
   1 0.80128205128205E-04 0.94846400053703E-05 -.45037351783456E+01
   2 0.82107371794872E-04 0.97189106135029E-05 -.45037352145353E+01
   3 0.84135423878205E-04 0.99589677056564E-05 -.45037352498512E+01
   4 0.86213568847997E-04 0.10204954207986E-04 -.45037352843145E+01
   5 0.88343043998542E-04 0.10457016579329E-04 -.45037353179456E+01
   6 0.90525117185306E-04 0.10715304891541E-04 -.45037353507645E+01
   7 0.92761087579783E-04 0.10979972925329E-04 -.45037353827906E+01
   8 0.95052286443004E-04 0.11251178259843E-04 -.45037354140431E+01
   9 0.97400077918146E-04 0.11529082366430E-04 -.45037354445405E+01
  10 0.99805859842724E-04 0.11813850704780E-04 -.45037354743009E+01
  11 0.10227106458084E-03 0.12105652821441E-04 -.45037355033419E+01
  12 0.10479715987599E-03 0.12404662450759E-04 -.45037355316809E+01
  13 0.10738564972492E-03 0.12711057618323E-04 -.45037355593346E+01
  14 0.11003807527313E-03 0.13025020746954E-04 -.45037355863194E+01
  15 0.11275601573238E-03 0.13346738765320E-04 -.45037356126514E+01
  16 0.11554108932096E-03 0.13676403219228E-04 -.45037356383461E+01
  17 0.11839495422719E-03 0.14014210385669E-04 -.45037356634189E+01
  18 0.12131930959660E-03 0.14360361389679E-04 -.45037356878845E+01
  19 0.12431589654364E-03 0.14715062324084E-04 -.45037357117574E+01
  20 0.12738649918827E-03 0.15078524372205E-04 -.45037357350519E+01
  21 0.13053294571822E-03 0.15450963933597E-04 -.45037357577816E+01
  22 0.13375710947746E-03 0.15832602752884E-04 -.45037357799601E+01
  23 0.13706091008155E-03 0.16223668051787E-04 -.45037358016005E+01
  24 0.14044631456057E-03 0.16624392664407E-04 -.45037358227155E+01
  25 0.14391533853021E-03 0.17035015175853E-04 -.45037358433176E+01
  26 0.14747004739191E-03 0.17455780064287E-04 -.45037358634190E+01
  27 0.15111255756249E-03 0.17886937846491E-04 -.45037358830316E+01
  28 0.15484503773428E-03 0.18328745227012E-04 -.45037359021670E+01
  29 0.15866971016632E-03 0.18781465251007E-04 -.45037359208363E+01
  30 0.16258885200743E-03 0.19245367460855E-04 -.45037359390507E+01
  31 0.16660479665201E-03 0.19720728056635E-04 -.45037359568207E+01
  32 0.17071993512931E-03 0.20207830060579E-04 -.45037359741570E+01
  33 0.17493671752701E-03 0.20706963485571E-04 -.45037359910696E+01
  34 0.17925765444993E-03 0.21218425507824E-04 -.45037360075685E+01
  35 0.18368531851484E-03 0.21742520643811E-04 -.45037360236633E+01
  36 0.18822234588216E-03 0.22279560931569E-04 -.45037360393635E+01
  37 0.19287143782544E-03 0.22829866116488E-04 -.45037360546783E+01
  38 0.19763536233973E-03 0.23393763841677E-04 -.45037360696165E+01
  39 0.20251695578952E-03 0.23971589843041E-04 -.45037360841870E+01
  40 0.20751912459753E-03 0.24563688149174E-04 -.45037360983981E+01
  41 0.21264484697508E-03 0.25170411286190E-04 -.45037361122581E+01
  42 0.21789717469537E-03 0.25792120487612E-04 -.45037361257752E+01
  43 0.22327923491035E-03 0.26429185909445E-04 -.45037361389570E+01
  44 0.22879423201263E-03 0.27081986850564E-04 -.45037361518112E+01
  45 0.23444544954334E-03 0.27750911978544E-04 -.45037361643453E+01
  46 0.24023625214706E-03 0.28436359561068E-04 -.45037361765663E+01
  47 0.24617008757510E-03 0.29138737703049E-04 -.45037361884813E+01
  48 0.25225048873820E-03 0.29858464589614E-04 -.45037362000972E+01
  49 0.25848107581003E-03 0.30595968735088E-04 -.45037362114205E+01
  50 0.26486555838254E-03 0.31351689238120E-04 -.45037362224576E+01
  51 0.27140773767459E-03 0.32126076043128E-04 -.45037362332148E+01
  52 0.27811150879515E-03 0.32919590208182E-04 -.45037362436982E+01
  53 0.28498086306239E-03 0.33732704179520E-04 -.45037362539136E+01
  54 0.29201989038003E-03 0.34565902072833E-04 -.45037362638666E+01
  55 0.29923278167242E-03 0.35419679961508E-04 -.45037362735630E+01
  56 0.30662383137973E-03 0.36294546171983E-04 -.45037362830078E+01
  57 0.31419744001481E-03 0.37191021586398E-04 -.45037362922065E+01
  58 0.32195811678317E-03 0.38109639952732E-04 -.45037363011638E+01
  59 0.32991048226772E-03 0.39050948202581E-04 -.45037363098848E+01
  60 0.33805927117973E-03 0.40015506776808E-04 -.45037363183740E+01
  61 0.34640933517787E-03 0.41003889959220E-04 -.45037363266360E+01
  62 0.35496564575676E-03 0.42016686218493E-04 -.45037363346751E+01
  63 0.36373329720696E-03 0.43054498558545E-04 -.45037363424956E+01
  64 0.37271750964797E-03 0.44117944877560E-04 -.45037363501013E+01
  65 0.38192363213627E-03 0.45207658335882E-04 -.45037363574963E+01
  66 0.39135714585004E-03 0.46324287732995E-04 -.45037363646841E+01
  67 0.40102366735254E-03 0.47468497893818E-04 -.45037363716684E+01
  68 0.41092895193614E-03 0.48640970064539E-04 -.45037363784526E+01
  69 0.42107889704897E-03 0.49842402318226E-04 -.45037363850398E+01
  70 0.43147954580608E-03 0.51073509970459E-04 -.45037363914331E+01
  71 0.44213709058749E-03 0.52335026005231E-04 -.45037363976355E+01
  72 0.45305787672500E-03 0.53627701511363E-04 -.45037364036498E+01
  73 0.46424840628010E-03 0.54952306129704E-04 -.45037364094784E+01
  74 0.47571534191522E-03 0.56309628511376E-04 -.45037364151240E+01
  75 0.48746551086053E-03 0.57700476787341E-04 -.45037364205886E+01
  76 0.49950590897878E-03 0.59125679049561E-04 -.45037364258746E+01
  77 0.51184370493056E-03 0.60586083844051E-04 -.45037364309837E+01
  78 0.52448624444234E-03 0.62082560676104E-04 -.45037364359179E+01
  79 0.53744105468007E-03 0.63616000528004E-04 -.45037364406786E+01
  80 0.55071584873067E-03 0.65187316389520E-04 -.45037364452675E+01
  81 0.56431853019431E-03 0.66797443801511E-04 -.45037364496857E+01
  82 0.57825719789011E-03 0.68447341412952E-04 -.45037364539344E+01
  83 0.59254015067800E-03 0.70137991551729E-04 -.45037364580144E+01
  84 0.60717589239975E-03 0.71870400809527E-04 -.45037364619266E+01
  85 0.62217313694202E-03 0.73645600641165E-04 -.45037364656715E+01
  86 0.63754081342449E-03 0.75464647978749E-04 -.45037364692495E+01
  87 0.65328807151607E-03 0.77328625860978E-04 -.45037364726608E+01
  88 0.66942428688252E-03 0.79238644078010E-04 -.45037364759053E+01
  89 0.68595906676852E-03 0.81195839832253E-04 -.45037364789828E+01
  90 0.70290225571770E-03 0.83201378415481E-04 -.45037364818929E+01
  91 0.72026394143393E-03 0.85256453902673E-04 -.45037364846350E+01
  92 0.73805446078735E-03 0.87362289863002E-04 -.45037364872082E+01
  93 0.75628440596879E-03 0.89520140088377E-04 -.45037364896114E+01
  94 0.77496463079622E-03 0.91731289339995E-04 -.45037364918433E+01
  95 0.79410625717689E-03 0.93997054113320E-04 -.45037364939023E+01
  96 0.81372068172916E-03 0.96318783421982E-04 -.45037364957867E+01
  97 0.83381958256787E-03 0.98697859601022E-04 -.45037364974943E+01
  98 0.85441492625729E-03 0.10113569912999E-03 -.45037364990229E+01
  99 0.87551897493585E-03 0.10363375347639E-03 -.45037365003699E+01
 100 0.89714429361676E-03 0.10619350995993E-03 -.45037365015322E+01
 101 0.91930375766910E-03 0.10881649263816E-03 -.45037365025069E+01
 102 0.94201056048353E-03 0.11150426321398E-03 -.45037365032902E+01
 103 0.96527822132747E-03 0.11425842196554E-03 -.45037365038785E+01
 104 0.98912059339426E-03 0.11708060869918E-03 -.45037365042676E+01
 105 0.10135518720511E-02 0.11997250372583E-03 -.45037365044530E+01
 106 0.10385866032908E-02 0.12293582886162E-03 -.45037365044298E+01
 107 0.10642396923920E-02 0.12597234845313E-03 -.45037365041928E+01
 108 0.10905264127941E-02 0.12908387042807E-03 -.45037365037363E+01
 109 0.11174624151901E-02 0.13227224737182E-03 -.45037365030543E+01
 110 0.11450637368453E-02 0.13553937763062E-03 -.45037365021404E+01
 111 0.11733468111454E-02 0.13888720644204E-03 -.45037365009876E+01
 112 0.12023284773807E-02 0.14231772709335E-03 -.45037364995885E+01
 113 0.12320259907720E-02 0.14583298210851E-03 -.45037364979354E+01
 114 0.12624570327441E-02 0.14943506446454E-03 -.45037364960196E+01
 115 0.12936397214529E-02 0.15312611883786E-03 -.45037364938325E+01
 116 0.13255926225727E-02 0.15690834288156E-03 -.45037364913644E+01
 117 0.13583347603503E-02 0.16078398853408E-03 -.45037364886054E+01
 118 0.13918856289309E-02 0.16475536336038E-03 -.45037364855447E+01
 119 0.14262652039655E-02 0.16882483192616E-03 -.45037364821709E+01
 120 0.14614939545035E-02 0.17299481720606E-03 -.45037364784722E+01
 121 0.14975928551797E-02 0.17726780202673E-03 -.45037364744357E+01
 122 0.15345833987027E-02 0.18164633054544E-03 -.45037364700481E+01
 123 0.15724876086506E-02 0.18613300976538E-03 -.45037364652951E+01
 124 0.16113280525843E-02 0.19073051108831E-03 -.45037364601616E+01
 125 0.16511278554831E-02 0.19544157190568E-03 -.45037364546316E+01
 126 0.16919107135135E-02 0.20026899722895E-03 -.45037364486885E+01
 127 0.17337009081373E-02 0.20521566136039E-03 -.45037364423143E+01
 128 0.17765233205683E-02 0.21028450960503E-03 -.45037364354904E+01
 129 0.18204034465864E-02 0.21547856002501E-03 -.45037364281968E+01
 130 0.18653674117170E-02 0.22080090523732E-03 -.45037364204127E+01
 131 0.19114419867865E-02 0.22625471425595E-03 -.45037364121159E+01
 132 0.19586546038601E-02 0.23184323437959E-03 -.45037364032831E+01
 133 0.20070333725754E-02 0.23756979312605E-03 -.45037363938896E+01
 134 0.20566070968780E-02 0.24343780021450E-03 -.45037363839096E+01
 135 0.21074052921709E-02 0.24945074959669E-03 -.45037363733156E+01
 136 0.21594582028875E-02 0.25561222153850E-03 -.45037363620786E+01
 137 0.22127968204989E-02 0.26192588475287E-03 -.45037363501681E+01
 138 0.22674529019652E-02 0.26839549858560E-03 -.45037363375521E+01
 139 0.23234589886437E-02 0.27502491525513E-03 -.45037363241964E+01
 140 0.23808484256632E-02 0.28181808214777E-03 -.45037363100653E+01
 141 0.24396553817771E-02 0.28877904416974E-03 -.45037362951210E+01
 142 0.24999148697070E-02 0.29591194615738E-03 -.45037362793237E+01
 143 0.25616627669888E-02 0.30322103534702E-03 -.45037362626312E+01
 144 0.26249358373334E-02 0.31071066390596E-03 -.45037362449991E+01
 145 0.26897717525155E-02 0.31838529152610E-03 -.45037362263807E+01
 146 0.27562091148027E-02 0.32624948808182E-03 -.45037362067265E+01
 147 0.28242874799383E-02 0.33430793635355E-03 -.45037361859844E+01
 148 0.28940473806928E-02 0.34256543481890E-03 -.45037361640993E+01
 149 0.29655303509959E-02 0.35102690051283E-03 -.45037361410131E+01
 150 0.30387789506655E-02 0.35969737195866E-03 -.45037361166644E+01
 151 0.31138367907469E-02 0.36858201217169E-03 -.45037360909885E+01
 152 0.31907485594784E-02 0.37768611173723E-03 -.45037360639169E+01
 153 0.32695600488975E-02 0.38701509196491E-03 -.45037360353773E+01
 154 0.33503181821052E-02 0.39657450812107E-03 -.45037360052934E+01
 155 0.34330710412032E-02 0.40637005274137E-03 -.45037359735845E+01
 156 0.35178678959210E-02 0.41640755902545E-03 -.45037359401652E+01
 157 0.36047592329502E-02 0.42669300431572E-03 -.45037359049454E+01
 158 0.36937967860041E-02 0.43723251366252E-03 -.45037358678298E+01
 159 0.37850335666184E-02 0.44803236347759E-03 -.45037358287174E+01
 160 0.38785238957138E-02 0.45909898527821E-03 -.45037357875015E+01
 161 0.39743234359380E-02 0.47043896952430E-03 -.45037357440693E+01
 162 0.40724892248056E-02 0.48205906955061E-03 -.45037356983012E+01
 163 0.41730797086583E-02 0.49396620559667E-03 -.45037356500705E+01
 164 0.42761547774622E-02 0.50616746893672E-03 -.45037355992432E+01
 165 0.43817758004655E-02 0.51867012611218E-03 -.45037355456771E+01
 166 0.44900056627370E-02 0.53148162326940E-03 -.45037354892216E+01
 167 0.46009088026066E-02 0.54460959060500E-03 -.45037354297171E+01
 168 0.47145512500310E-02 0.55806184692194E-03 -.45037353669941E+01
 169 0.48310006659068E-02 0.57184640429867E-03 -.45037353008729E+01
 170 0.49503263823547E-02 0.58597147287458E-03 -.45037352311625E+01
 171 0.50725994439988E-02 0.60044546575438E-03 -.45037351576604E+01
 172 0.51978926502656E-02 0.61527700403471E-03 -.45037350801512E+01
 173 0.53262805987272E-02 0.63047492195575E-03 -.45037349984062E+01
 174 0.54578397295157E-02 0.64604827218131E-03 -.45037349121818E+01
 175 0.55926483708348E-02 0.66200633121043E-03 -.45037348212194E+01
 176 0.57307867855944E-02 0.67835860492385E-03 -.45037347252433E+01
 177 0.58723372191986E-02 0.69511483426899E-03 -.45037346239602E+01
 178 0.60173839485128E-02 0.71228500108665E-03 -.45037345170577E+01
 179 0.61660133320410E-02 0.72987933408325E-03 -.45037344042024E+01
 180 0.63183138613424E-02 0.74790831495230E-03 -.45037342850394E+01
 181 0.64743762137176E-02 0.76638268464883E-03 -.45037341591894E+01
 182 0.66342933061964E-02 0.78531344982079E-03 -.45037340262481E+01
 183 0.67981603508595E-02 0.80471188940136E-03 -.45037338857833E+01
 184 0.69660749115257E-02 0.82458956136641E-03 -.45037337373333E+01
 185 0.71381369618404E-02 0.84495830966123E-03 -.45037335804044E+01
 186 0.73144489447979E-02 0.86583027130100E-03 -.45037334144683E+01
 187 0.74951158337344E-02 0.88721788364948E-03 -.45037332389599E+01
 188 0.76802451948276E-02 0.90913389188041E-03 -.45037330532735E+01
 189 0.78699472511398E-02 0.93159135662660E-03 -.45037328567604E+01
 190 0.80643349482430E-02 0.95460366182134E-03 -.45037326487249E+01
 191 0.82635240214646E-02 0.97818452273733E-03 -.45037324284206E+01
 192 0.84676330647948E-02 0.10023479942282E-02 -.45037321950461E+01
 193 0.86767836014952E-02 0.10271084791779E-02 -.45037319477410E+01
 194 0.88911001564521E-02 0.10524807371636E-02 -.45037316855802E+01
 195 0.91107103303165E-02 0.10784798933376E-02 -.45037314075690E+01
 196 0.93357448754753E-02 0.11051214475339E-02 -.45037311126372E+01
 197 0.95663377738995E-02 0.11324212836059E-02 -.45037307996324E+01
 198 0.98026263169149E-02 0.11603956790003E-02 -.45037304673131E+01
 199 0.10044751186943E-01 0.11890613145755E-02 -.45037301143413E+01
 200 0.10292856541260E-01 0.12184352846683E-02 -.45037297392735E+01
 201 0.10547090097829E-01 0.12485351074181E-02 -.45037293405523E+01
 202 0.10807603223246E-01 0.12793787353546E-02 -.45037289164957E+01
 203 0.11074551022860E-01 0.13109845662552E-02 -.45037284652866E+01
 204 0.11348092433124E-01 0.13433714542813E-02 -.45037279849603E+01
 205 0.11628390316223E-01 0.13765587213995E-02 -.45037274733921E+01
 206 0.11915611557033E-01 0.14105661690967E-02 -.45037269282821E+01
 207 0.12209927162492E-01 0.14454140903964E-02 -.45037263471401E+01
 208 0.12511512363406E-01 0.14811232821848E-02 -.45037257272678E+01
 209 0.12820546718782E-01 0.15177150578560E-02 -.45037250657403E+01
 210 0.13137214222736E-01 0.15552112602839E-02 -.45037243593852E+01
 211 0.13461703414037E-01 0.15936342751316E-02 -.45037236047598E+01
 212 0.13794207488364E-01 0.16330070445063E-02 -.45037227981263E+01
 213 0.14134924413327E-01 0.16733530809711E-02 -.45037219354245E+01
 214 0.14484057046336E-01 0.17146964819226E-02 -.45037210122414E+01
 215 0.14841813255380E-01 0.17570619443455E-02 -.45037200237790E+01
 216 0.15208406042788E-01 0.18004747799562E-02 -.45037189648177E+01
 217 0.15584053672045E-01 0.18449609307437E-02 -.45037178296765E+01
 218 0.15968979797744E-01 0.18905469849240E-02 -.45037166121702E+01
 219 0.16363413598749E-01 0.19372601933155E-02 -.45037153055609E+01
 220 0.16767589914638E-01 0.19851284861525E-02 -.45037139025060E+01
 221 0.17181749385529E-01 0.20341804903464E-02 -.45037123950004E+01
 222 0.17606138595352E-01 0.20844455472101E-02 -.45037107743133E+01
 223 0.18041010218657E-01 0.21359537306604E-02 -.45037090309187E+01
 224 0.18486623171058E-01 0.21887358659105E-02 -.45037071544190E+01
 225 0.18943242763383E-01 0.22428235486714E-02 -.45037051334612E+01
 226 0.19411140859639E-01 0.22982491648752E-02 -.45037029556446E+01
 227 0.19890596038872E-01 0.23550459109392E-02 -.45037006074196E+01
 228 0.20381893761032E-01 0.24132478145860E-02 -.45036980739765E+01
 229 0.20885326536929E-01 0.24728897562401E-02 -.45036953391228E+01
 230 0.21401194102391E-01 0.25340074910179E-02 -.45036923851492E+01
 231 0.21929803596721E-01 0.25966376713308E-02 -.45036891926812E+01
 232 0.22471469745560E-01 0.26608178701242E-02 -.45036857405174E+01
 233 0.23026515048275E-01 0.27265866047701E-02 -.45036820054500E+01
 234 0.23595269969967E-01 0.27939833616399E-02 -.45036779620695E+01
 235 0.24178073138225E-01 0.28630486213769E-02 -.45036735825481E+01
 236 0.24775271544740E-01 0.29338238848962E-02 -.45036688364029E+01
 237 0.25387220751895E-01 0.30063517001357E-02 -.45036636902351E+01
 238 0.26014285104466E-01 0.30806756895856E-02 -.45036581074433E+01
 239 0.26656837946547E-01 0.31568405786254E-02 -.45036520479087E+01
 240 0.27315261843827E-01 0.32348922246967E-02 -.45036454676487E+01
 241 0.27989948811369E-01 0.33148776473440E-02 -.45036383184367E+01
 242 0.28681300547010E-01 0.33968450591548E-02 -.45036305473838E+01
 243 0.29389728670521E-01 0.34808438976356E-02 -.45036220964795E+01
 244 0.30115654968683E-01 0.35669248580563E-02 -.45036129020871E+01
 245 0.30859511646409E-01 0.36551399273047E-02 -.45036028943891E+01
 246 0.31621741584076E-01 0.37455424187882E-02 -.45035919967789E+01
 247 0.32402798601202E-01 0.38381870084262E-02 -.45035801251917E+01
 248 0.33203147726652E-01 0.39331297717770E-02 -.45035671873708E+01
 249 0.34023265475500E-01 0.40304282223460E-02 -.45035530820620E+01
 250 0.34863640132745E-01 0.41301413511248E-02 -.45035376981297E+01
 251 0.35724772044024E-01 0.42323296674127E-02 -.45035209135876E+01
 252 0.36607173913511E-01 0.43370552409764E-02 -.45035025945348E+01
 253 0.37511371109175E-01 0.44443817456054E-02 -.45034825939909E+01
 254 0.38437901975572E-01 0.45543745041248E-02 -.45034607506187E+01
 255 0.39387318154368E-01 0.46671005349311E-02 -.45034368873260E+01
 256 0.40360184912781E-01 0.47826286001195E-02 -.45034108097343E+01
 257 0.41357081480127E-01 0.49010292552751E-02 -.45033823045042E+01
 258 0.42378601392686E-01 0.50223749010077E-02 -.45033511375042E+01
 259 0.43425352847085E-01 0.51467398363089E-02 -.45033170518103E+01
 260 0.44497959062408E-01 0.52742003138228E-02 -.45032797655222E+01
 261 0.45597058651250E-01 0.54048345971187E-02 -.45032389693806E+01
 262 0.46723305999936E-01 0.55387230200675E-02 -.45031943241717E+01
 263 0.47877371658134E-01 0.56759480484245E-02 -.45031454579010E+01
 264 0.49059942738090E-01 0.58165943437298E-02 -.45030919627210E+01
 265 0.50271723323721E-01 0.59607488296454E-02 -.45030333915944E+01
 266 0.51513434889817E-01 0.61085007608546E-02 -.45029692546759E+01
 267 0.52785816731595E-01 0.62599417946565E-02 -.45028990153953E+01
 268 0.54089626404866E-01 0.64151660654003E-02 -.45028220862243E+01
 269 0.55425640177066E-01 0.65742702619097E-02 -.45027378241101E+01
 270 0.56794653489439E-01 0.67373537080616E-02 -.45026455255616E+01
 271 0.58197481430628E-01 0.69045184466899E-02 -.45025444213728E+01
 272 0.59634959221965E-01 0.70758693270011E-02 -.45024336709738E+01
 273 0.61107942714747E-01 0.72515140956979E-02 -.45023123564007E+01
 274 0.62617308899802E-01 0.74315634920210E-02 -.45021794758798E+01
 275 0.64163956429627E-01 0.76161313469355E-02 -.45020339370300E+01
 276 0.65748806153439E-01 0.78053346867010E-02 -.45018745496897E+01
 277 0.67372801665429E-01 0.79992938410836E-02 -.45017000183855E+01
 278 0.69036909866565E-01 0.81981325564837E-02 -.45015089344700E+01
 279 0.70742121540269E-01 0.84019781142753E-02 -.45012997679659E+01
 280 0.72489451942313E-01 0.86109614546712E-02 -.45010708591687E+01
 281 0.74279941405289E-01 0.88252173064509E-02 -.45008204100762E+01
 282 0.76114655957999E-01 0.90448843229142E-02 -.45005464757293E+01
 283 0.77994687960162E-01 0.92701052244452E-02 -.45002469555713E+01
 284 0.79921156752778E-01 0.95010269481047E-02 -.44999195849513E+01
 285 0.81895209324571E-01 0.97378008046936E-02 -.44995619269239E+01
 286 0.83918020994888E-01 0.99805826437652E-02 -.44991713645200E+01
 287 0.85990796113462E-01 0.10229533027100E-01 -.44987450936894E+01
 288 0.88114768777464E-01 0.10484817411187E-01 -.44982801171393E+01
 289 0.90291203566268E-01 0.10746606339315E-01 -.44977732393167E+01
 290 0.92521396294355E-01 0.11015075643882E-01 -.44972210628007E+01
 291 0.94806674782825E-01 0.11290406659639E-01 -.44966199863855E+01
 292 0.97148399649961E-01 0.11572786448558E-01 -.44959662051420E+01
 293 0.99547965121315E-01 0.11862408037147E-01 -.44952557127433E+01
 294 0.10200679985981E+00 0.12159470667036E-01 -.44944843063266E+01
 295 0.10452636781635E+00 0.12464180059742E-01 -.44936475941360E+01
 296 0.10710816910141E+00 0.12776748696598E-01 -.44927410061500E+01
 297 0.10975374087822E+00 0.13097396114899E-01 -.44917598078379E+01
 298 0.11246465827791E+00 0.13426349221386E-01 -.44906991171157E+01
 299 0.11524253533737E+00 0.13763842624291E-01 -.44895539244830E+01
 300 0.11808902596021E+00 0.14110118985259E-01 -.44883191162163E+01
 301 0.12100582490142E+00 0.14465429392554E-01 -.44869895003856E+01
 302 0.12399466877649E+00 0.14830033757075E-01 -.44855598353413E+01
 303 0.12705733709527E+00 0.15204201232819E-01 -.44840248602049E+01
 304 0.13019565332152E+00 0.15588210663565E-01 -.44823793267911E+01
 305 0.13341148595856E+00 0.15982351057679E-01 -.44806180323020E+01
 306 0.13670674966174E+00 0.16386922093109E-01 -.44787358520677E+01
 307 0.14008340637838E+00 0.16802234654774E-01 -.44767277715787E+01
 308 0.14354346651593E+00 0.17228611406756E-01 -.44745889170542E+01
 309 0.14708899013887E+00 0.17666387401879E-01 -.44723145838355E+01
 310 0.15072208819530E+00 0.18115910731462E-01 -.44699002619687E+01
 311 0.15444492377373E+00 0.18577543218269E-01 -.44673416584554E+01
 312 0.15825971339094E+00 0.19051661155914E-01 -.44646347157891E+01
 313 0.16216872831170E+00 0.19538656098246E-01 -.44617756265549E+01
 314 0.16617429590099E+00 0.20038935702518E-01 -.44587608440396E+01
 315 0.17027880100975E+00 0.20552924630465E-01 -.44555870889680E+01
 316 0.17448468739469E+00 0.21081065511749E-01 -.44522513526401E+01
 317 0.17879445917334E+00 0.21623819974583E-01 -.44487508968826E+01
 318 0.18321068231492E+00 0.22181669748768E-01 -.44450832513445E+01
 319 0.18773598616810E+00 0.22755117846773E-01 -.44412462087516E+01
 320 0.19237306502645E+00 0.23344689829006E-01 -.44372378187882E+01
 321 0.19712467973260E+00 0.23950935159880E-01 -.44330563813014E+01
 322 0.20199365932200E+00 0.24574428661871E-01 -.44287004395208E+01
 323 0.20698290270725E+00 0.25215772075353E-01 -.44241687739584E+01
 324 0.21209538040412E+00 0.25875595732662E-01 -.44194603976156E+01
 325 0.21733413630010E+00 0.26554560355520E-01 -.44145745530626E+01
 326 0.22270228946672E+00 0.27253358985794E-01 -.44095107118967E+01
 327 0.22820303601654E+00 0.27972719060322E-01 -.44042685770177E+01
 328 0.23383965100615E+00 0.28713404641550E-01 -.43988480880947E+01
 329 0.23961549038600E+00 0.29476218816640E-01 -.43932494305382E+01
 330 0.24553399299854E+00 0.30262006278876E-01 -.43874730482374E+01
 331 0.25159868262560E+00 0.31071656106311E-01 -.43815196602768E+01
 332 0.25781317008646E+00 0.31906104753953E-01 -.43753902818083E+01
 333 0.26418115538759E+00 0.32766339277143E-01 -.43690862492261E+01
 334 0.27070642992566E+00 0.33653400805336E-01 -.43626092497700E+01
 335 0.27739287874483E+00 0.34568388287157E-01 -.43559613556690E+01
 336 0.28424448284983E+00 0.35512462529398E-01 -.43491450629288E+01
 337 0.29126532157622E+00 0.36486850554600E-01 -.43421633348632E+01
 338 0.29845957501915E+00 0.37492850304010E-01 -.43350196504706E+01
 339 0.30583152652212E+00 0.38531835714984E-01 -.43277180577606E+01
 340 0.31338556522722E+00 0.39605262204477E-01 -.43202632321379E+01
 341 0.32112618868833E+00 0.40714672592925E-01 -.43126605399592E+01
 342 0.32905800554893E+00 0.41861703505826E-01 -.43049161073822E+01
 343 0.33718573828599E+00 0.43048092293467E-01 -.42970368946272E+01
 344 0.34551422602165E+00 0.44275684512718E-01 -.42890307757787E+01
 345 0.35404842740439E+00 0.45546442018482E-01 -.42809066242463E+01
 346 0.36279342356128E+00 0.46862451716387E-01 -.42726744040064E+01
 347 0.37175442112324E+00 0.48225935032529E-01 -.42643452667329E+01
 348 0.38093675532499E+00 0.49639258160653E-01 -.42559316549148E+01
 349 0.39034589318151E+00 0.51104943151946E-01 -.42474474110423E+01
 350 0.39998743674310E+00 0.52625679917726E-01 -.42389078929160E+01
 351 0.40986712643065E+00 0.54204339220690E-01 -.42303300951111E+01
 352 0.41999084445349E+00 0.55843986735959E-01 -.42217327765900E+01
 353 0.43036461831149E+00 0.57547898268942E-01 -.42131365944178E+01
 354 0.44099462438378E+00 0.59319576222978E-01 -.42045642434876E+01
 355 0.45188719160606E+00 0.61162767415651E-01 -.41960406021062E+01
 356 0.46304880523873E+00 0.63081482348564E-01 -.41875928832295E+01
 357 0.47448611072813E+00 0.65080016041018E-01 -.41792507910647E+01
 358 0.48620591766311E+00 0.67162970543257E-01 -.41710466826716E+01
 359 0.49821520382939E+00 0.69335279249481E-01 -.41630157341090E+01
 360 0.51052111936398E+00 0.71602233134283E-01 -.41551961105567E+01
 361 0.52313099101227E+00 0.73969509038254E-01 -.41476291397311E+01
 362 0.53605232649027E+00 0.76443200128441E-01 -.41403594877609E+01
 363 0.54929281895458E+00 0.79029848656748E-01 -.41334353365309E+01
 364 0.56286035158276E+00 0.81736481133090E-01 -.41269085612973E+01
 365 0.57676300226685E+00 0.84570646019333E-01 -.41208349071452E+01
 366 0.59100904842284E+00 0.87540454033330E-01 -.41152741625639E+01
 367 0.60560697191889E+00 0.90654621128134E-01 -.41102903280641E+01
 368 0.62056546412529E+00 0.93922514177759E-01 -.41059517773152E+01
 369 0.63589343108918E+00 0.97354199355329E-01 -.41023314077342E+01
 370 0.65159999883708E+00 0.10096049312910E+00 -.40995067767637E+01
 371 0.66769451880836E+00 0.10475301572327E+00 -.40975602192190E+01
 372 0.68418657342292E+00 0.10874424678960E+00 -.40965789400018E+01
 373 0.70108598178647E+00 0.11294758290719E+00 -.40966728775609E+01
 374 0.71840280553660E+00 0.11737739636647E+00 -.40978632063346E+01
 375 0.73614735483335E+00 0.12204909449121E+00 -.41003103509661E+01
 376 0.75433019449773E+00 0.12697917850267E+00 -.41041214964519E+01
 377 0.77296215030183E+00 0.13218530062238E+00 -.41094084831139E+01
 378 0.79205431541428E+00 0.13768631773535E+00 -.41162875287317E+01
 379 0.81161805700502E+00 0.14350233948105E+00 -.41248788256014E+01
 380 0.83166502301304E+00 0.14965476809374E+00 -.41353059833759E+01
 381 0.85220714908146E+00 0.15616632666330E+00 -.41476952828846E+01
 382 0.87325666566377E+00 0.16306107171876E+00 -.41621746998120E+01
 383 0.89482610530567E+00 0.17036438513816E+00 -.41788726502233E+01
 384 0.91692831010672E+00 0.17810293934882E+00 -.41979164026462E+01
 385 0.93957643936635E+00 0.18630462859625E+00 -.42194300940482E+01
 386 0.96278397741870E+00 0.19499845772818E+00 -.42435322800218E+01
 387 0.98656474166095E+00 0.20421437847461E+00 -.42703329434277E+01
 388 0.10109328907800E+01 0.21398306163062E+00 -.42999298814542E+01
 389 0.10359029331822E+01 0.22433559191589E+00 -.43324043896005E+01
 390 0.10614897356318E+01 0.23530307066898E+00 -.43678161637900E+01
 391 0.10877085321019E+01 0.24691611005248E+00 -.44061973502622E+01
 392 0.11145749328449E+01 0.25920420126061E+00 -.44475456889439E+01
 393 0.11421049336861E+01 0.27219493855897E+00 -.44918167217671E+01
 394 0.11703149255482E+01 0.28591308114336E+00 -.45389150751661E+01
 395 0.11992217042092E+01 0.30037943615692E+00 -.45886848781135E+01
 396 0.12288424803032E+01 0.31560954921655E+00 -.46408994458099E+01
 397 0.12591948895667E+01 0.33161219401325E+00 -.46952504464548E+01
 398 0.12902970033390E+01 0.34838766057760E+00 -.47513368756982E+01
 399 0.13221673393214E+01 0.36592585327315E+00 -.48086542906020E+01
 400 0.13548248726027E+01 0.38420422509462E+00 -.48665849008594E+01
 401 0.13882890469560E+01 0.40318559485109E+00 -.49243892760079E+01
 402 0.14225797864158E+01 0.42281591846911E+00 -.49812005968395E+01
 403 0.14577175071402E+01 0.44302211463027E+00 -.50359577160499E+01
 404 0.14937231295666E+01 0.46371007721970E+00 -.50876153300877E+01
 405 0.15306180908669E+01 0.48476304058986E+00 -.51349207232278E+01
 406 0.15684243577113E+01 0.50604049520219E+00 -.51765330107430E+01
 407 0.16071644393468E+01 0.52737787618390E+00 -.52110360190022E+01
 408 0.16468614009987E+01 0.54858725972108E+00 -.52369742137940E+01
 409 0.16875388776033E+01 0.56945929487144E+00 -.52528997214607E+01
 410 0.17292210878801E+01 0.58976656369014E+00 -.52574307665513E+01
 411 0.17719328487508E+01 0.60926849348946E+00 -.52493210769384E+01
 412 0.18156995901149E+01 0.62771783672653E+00 -.52275387834936E+01
 413 0.18605473699907E+01 0.64486858565793E+00 -.51913520663678E+01
 414 0.19065028900295E+01 0.66048500588951E+00 -.51404172954418E+01
 415 0.19535935114132E+01 0.67435126854789E+00 -.50748637207212E+01
 416 0.20018472711452E+01 0.68628095707119E+00 -.49953669400275E+01
 417 0.20512928987424E+01 0.69612555202592E+00 -.49032014369491E+01
 418 0.21019598333414E+01 0.70378089286483E+00 -.48002604003146E+01
 419 0.21538782412249E+01 0.70919061958331E+00 -.46890286148586E+01
 420 0.22070790337832E+01 0.71234575080367E+00 -.45724910069373E+01
 421 0.22615938859176E+01 0.71327989868010E+00 -.44539546481608E+01
 422 0.23174552548998E+01 0.71206019949192E+00 -.43367544999473E+01
 423 0.23746963996958E+01 0.70877490990175E+00 -.42238015376934E+01
 424 0.24333514007683E+01 0.70351987016493E+00 -.41169149740381E+01
 425 0.24934551803673E+01 0.69638780051897E+00 -.40158579691905E+01
 426 0.25550435233223E+01 0.68746596426584E+00 -.39181528358836E+01
 427 0.26181530983484E+01 0.67684351498447E+00 -.38229617903597E+01
 428 0.26828214798776E+01 0.66461760848365E+00 -.37301990818758E+01
 429 0.27490871704306E+01 0.65089128455144E+00 -.36397844815080E+01
 430 0.28169896235402E+01 0.63577284871467E+00 -.35516427667986E+01
 431 0.28865692672417E+01 0.61937537264823E+00 -.34657032460830E+01
 432 0.29578675281425E+01 0.60181590653983E+00 -.33818993218319E+01
 433 0.30309268560876E+01 0.58321471699653E+00 -.33001680920398E+01
 434 0.31057907494330E+01 0.56369449613221E+00 -.32204499883795E+01
 435 0.31825037809440E+01 0.54337955067376E+00 -.31426884495496E+01
 436 0.32611116243333E+01 0.52239497551987E+00 -.30668296279815E+01
 437 0.33416610814543E+01 0.50086581679277E+00 -.29928221278663E+01
 438 0.34242001101663E+01 0.47891623117258E+00 -.29206167723127E+01
 439 0.35087778528874E+01 0.45666864531663E+00 -.28501663973490E+01
 440 0.35954446658537E+01 0.43424292784372E+00 -.27814256704509E+01
 441 0.36842521491003E+01 0.41175557884535E+00 -.27143509312826E+01
 442 0.37752531771831E+01 0.38931894692786E+00 -.26489000524005E+01
 443 0.38685019306595E+01 0.36704048297226E+00 -.25850323177528E+01
 444 0.39640539283468E+01 0.34502204003452E+00 -.25227083169300E+01
 445 0.40619660603769E+01 0.32335922871486E+00 -.24618898532535E+01
 446 0.41622966220682E+01 0.30214083697908E+00 -.24025398639418E+01
 447 0.42651053486333E+01 0.28144832281289E+00 -.23446223507448E+01
 448 0.43704534507446E+01 0.26135538723299E+00 -.22881023195971E+01
 449 0.44784036509780E+01 0.24192763407993E+00 -.22329457279912E+01
 450 0.45890202211571E+01 0.22322232169864E+00 -.21791194389234E+01
 451 0.47023690206197E+01 0.20528821010553E+00 -.21265911804024E+01
 452 0.48185175354290E+01 0.18816550558435E+00 -.20753295096448E+01
 453 0.49375349185541E+01 0.17188590289449E+00 -.20253037811981E+01
 454 0.50594920310424E+01 0.15647272346470E+00 -.19764841183455E+01
 455 0.51844614842091E+01 0.14194114613823E+00 -.19288413872418E+01
 456 0.53125176828691E+01 0.12829852528636E+00 -.18823471733184E+01
 457 0.54437368696360E+01 0.11554478946992E+00 -.18369737595712E+01
 458 0.55781971703160E+01 0.10367291235369E+00 -.17926941064126E+01
 459 0.57159786404228E+01 0.92669446309533E-01 -.17494818328249E+01
 460 0.58571633128412E+01 0.82515108119622E-01 -.17073111986028E+01
 461 0.60018352466684E+01 0.73185405437744E-01 -.16661570875112E+01
 462 0.61500805772611E+01 0.64651292204657E-01 -.16259949912207E+01
 463 0.63019875675195E+01 0.56879841049814E-01 -.15868009939112E+01
 464 0.64576466604372E+01 0.49834920845327E-01 -.15485517574552E+01
 465 0.66171505329500E+01 0.43477867996189E-01 -.15112245071133E+01
 466 0.67805941511139E+01 0.37768140732422E-01 -.14747970176863E+01
 467 0.69480748266464E+01 0.32663946584351E-01 -.14392476000837E+01
 468 0.71196922748645E+01 0.28122834335483E-01 -.14045550882733E+01
 469 0.72955486740537E+01 0.24102243017171E-01 -.13706988265862E+01
 470 0.74757487263028E+01 0.20560001890764E-01 -.13376586573570E+01
 471 0.76603997198425E+01 0.17454776810279E-01 -.13054149088810E+01
 472 0.78496115929226E+01 0.14746459825910E-01 -.12739483836752E+01
 473 0.80434969992678E+01 0.12396500332218E-01 -.12432403470311E+01
 474 0.82421713751497E+01 0.10368177444340E-01 -.12132725158495E+01
 475 0.84457530081159E+01 0.86268145654655E-02 -.11840270477483E+01
 476 0.86543631074164E+01 0.71399382594667E-02 -.11554865304349E+01
 477 0.88681258761695E+01 0.58773845406287E-02 -.11276339713367E+01
 478 0.90871685853109E+01 0.48113565214348E-02 -.11004527874826E+01
 479 0.93116216493681E+01 0.39164380098377E-02 -.10739267956290E+01
 480 0.95416187041075E+01 0.31695681164985E-02 -.10480402026233E+01
 481 0.97772966860989E+01 0.25499822235423E-02 -.10227775960017E+01
 482 0.10018795914246E+02 0.20391247883876E-02 -.99812393481165E+00
 483 0.10266260173327E+02 0.16205394228667E-02 -.97406454065733E+00
 484 0.10519836799609E+02 0.12797415165945E-02 -.95058508895997E+00
 485 0.10779676768559E+02 0.10040783846139E-02 -.92767160042935E+00
 486 0.11045934784742E+02 0.78258153471339E-03 -.90531043274064E+00
 487 0.11318769373926E+02 0.60581519223973E-03 -.88348827241206E+00
 488 0.11598342977461E+02 0.46572471234360E-03 -.86219212687817E+00
 489 0.11884822049005E+02 0.35548797307490E-03 -.84140931675434E+00
 490 0.12178377153615E+02 0.26937229765146E-03 -.82112746828763E+00
 491 0.12479183069309E+02 0.20259891844393E-03 -.80133450598969E+00
 492 0.12787418891121E+02 0.15121648406096E-03 -.78201864544714E+00
 493 0.13103268137732E+02 0.11198463686023E-03 -.76316838630540E+00
 494 0.13426918860734E+02 0.82268260776702E-04 -.74477250542149E+00
 495 0.13758563756594E+02 0.59942625133182E-04 -.72682005018199E+00
 496 0.14098400281382E+02 0.43309332850478E-04 -.70930033198204E+00
 497 0.14446630768332E+02 0.31022722387212E-04 -.69220291986146E+00
 498 0.14803462548310E+02 0.22026170712555E-04 -.67551763429439E+00
 499 0.15169108073253E+02 0.15497596628511E-04 -.65923454112851E+00
 500 0.15543785042663E+02 0.10803365269914E-04 -.64334394567045E+00
 501 0.15927716533216E+02 0.74597399687791E-05 -.62783638691369E+00
 502 0.16321131131587E+02 0.51010105199618E-05 -.61270263190562E+00
 503 0.16724263070537E+02 0.34534405485450E-05 -.59793367025043E+00
 504 0.17137352368379E+02 0.23142144938053E-05 -.58352070874444E+00
 505 0.17560644971878E+02 0.15346203311830E-05 -.56945516614077E+00
 506 0.17994392902684E+02 0.10067717247419E-05 -.55572866804018E+00
 507 0.18438854407380E+02 0.65324770522959E-06 -.54233304190512E+00
 508 0.18894294111242E+02 0.41910486609503E-06 -.52926031219393E+00
 509 0.19360983175790E+02 0.26579296333554E-06 -.51650269561230E+00
 510 0.19839199460232E+02 0.16657702653457E-06 -.50405259647927E+00
 511 0.20329227686900E+02 0.10313574928356E-06 -.49190260220481E+00
 512 0.20831359610766E+02 0.63065836745745E-07 -.48004547887656E+00
 513 0.21345894193152E+02 0.38074551639051E-07 -.46847416695282E+00
 514 0.21873137779723E+02 0.22687806020623E-07 -.45718177705945E+00
 515 0.22413404282882E+02 0.13339053285640E-07 -.44616158588802E+00
 516 0.22967015368669E+02 0.77354631518276E-08 -.43540703219286E+00
 517 0.23534300648275E+02 0.44230983728979E-08 -.42491171288461E+00
 518 0.24115597874288E+02 0.24928263682124E-08 -.41466937921792E+00
 519 0.24711253141783E+02 0.13842824830518E-08 -.40467393307107E+00
 520 0.25321621094385E+02 0.75711626595947E-09 -.39491942331518E+00
 521 0.25947065135416E+02 0.40769853220196E-09 -.38540004227109E+00
 522 0.26587957644261E+02 0.21606455121888E-09 -.37611012225148E+00
 523 0.27244680198074E+02 0.11264713777968E-09 -.36704413218647E+00
 524 0.27917623798966E+02 0.57752233164137E-10 -.35819667433051E+00
 525 0.28607189106801E+02 0.29103430599946E-10 -.34956248104861E+00
 526 0.29313786677739E+02 0.14409738884007E-10 -.34113641168011E+00
 527 0.30037837208679E+02 0.70066283724480E-11 -.33291344947800E+00
 528 0.30779771787733E+02 0.33442770119476E-11 -.32488869862204E+00
 529 0.31540032150890E+02 0.15661349695812E-11 -.31705738130383E+00
 530 0.32319070945017E+02 0.71924655771204E-12 -.30941483488224E+00
 531 0.33117351997359E+02 0.32376511241021E-12 -.30195650910729E+00
 532 0.33935350591694E+02 0.14277819393284E-12 -.29467796341104E+00
 533 0.34773553751309E+02 0.61651405422662E-13 -.28757486426372E+00
 534 0.35632460528966E+02 0.26051732232554E-13 -.28064298259366E+00
 535 0.36512582304032E+02 0.10767116780846E-13 -.27387819126931E+00
 536 0.37414443086941E+02 0.43499205323339E-14 -.26727646264205E+00
 537 0.38338579831189E+02 0.17168218902631E-14 -.26083386614819E+00
 538 0.39285542753019E+02 0.66155655880717E-15 -.25454656596876E+00
 539 0.40255895659019E+02 0.24873395665971E-15 -.24841081874574E+00
 540 0.41250216281797E+02 0.91190682725516E-16 -.24242297135331E+00
 541 0.42269096623957E+02 0.32578194971827E-16 -.23657945872286E+00
 542 0.43313143310569E+02 0.11333620476372E-16 -.23087680172037E+00
 543 0.44382977950340E+02 0.38368823692352E-17 -.22531160507501E+00
 544 0.45479237505713E+02 0.12630567937230E-17 -.21988055535768E+00
 545 0.46602574672104E+02 0.40405519983365E-18 -.21458041900818E+00
 546 0.47753658266505E+02 0.12532058107433E-18 -.20940804041005E+00
 547 0.48933173625688E+02 0.37525844705228E-19 -.20436034001176E+00
 548 0.50141823014242E+02 0.00000000000000E+00 -.19943431249318E+00
 549 0.51380326042694E+02 0.00000000000000E+00 -.19462702497626E+00
 550 0.52649420095949E+02 0.00000000000000E+00 -.18993561527888E+00
 551 0.53949860772319E+02 0.00000000000000E+00 -.18535729021067E+00
 552 0.55282422333395E+02 0.00000000000000E+00 -.18088932391009E+00
 553 0.56647898165030E+02 0.00000000000000E+00 -.17652905622142E+00
 554 0.58047101249706E+02 0.00000000000000E+00 -.17227389111098E+00
 555 0.59480864650574E+02 0.00000000000000E+00 -.16812129512148E+00
 556 0.60950042007443E+02 0.00000000000000E+00 -.16406879586365E+00
 557 0.62455508045027E+02 0.00000000000000E+00 -.16011398054421E+00
 558 0.63998159093739E+02 0.00000000000000E+00 -.15625449452933E+00
 559 0.65578913623354E+02 0.00000000000000E+00 -.15248803994275E+00
 560 0.67198712789851E+02 0.00000000000000E+00 -.14881237429760E+00
 561 0.68858520995760E+02 0.00000000000000E+00 -.14522530916131E+00
 562 0.70559326464356E+02 0.00000000000000E+00 -.14172470885265E+00
 563 0.72302141828025E+02 0.00000000000000E+00 -.13830848917015E+00
 564 0.74088004731177E+02 0.00000000000000E+00 -.13497461615121E+00
 565 0.75917978448037E+02 0.00000000000000E+00 -.13172110486114E+00
 566 0.77793152515704E+02 0.00000000000000E+00 -.12854601821132E+00
 567 0.79714643382842E+02 0.00000000000000E+00 -.12544746580592E+00
