#   501 0.10247000000000E+01 2   0.9378 0.60000000000000E+01
   1 0.39062500000000E-03 0.55924529396796E-10 -.75049346950125E+01
   2 0.40027343750000E-03 0.60171736752723E-10 -.75049352755601E+01
   3 0.41016019140625E-03 0.64741499712045E-10 -.75049358777435E+01
   4 0.42029114813398E-03 0.69658314869482E-10 -.75049365023687E+01
   5 0.43067233949289E-03 0.74948543089902E-10 -.75049371718394E+01
   6 0.44130994627837E-03 0.80640539754457E-10 -.75049378650163E+01
   7 0.45221030195144E-03 0.86764817277949E-10 -.75049385826369E+01
   8 0.46337989640964E-03 0.93354205403219E-10 -.75049393256862E+01
   9 0.47482537985096E-03 0.10044402713166E-09 -.75049400951361E+01
  10 0.48655356673328E-03 0.10807228808297E-09 -.75049408920044E+01
  11 0.49857143983159E-03 0.11627988022746E-09 -.75049417173384E+01
  12 0.51088615439543E-03 0.12511080109097E-09 -.75049425722234E+01
  13 0.52350504240900E-03 0.13461238960733E-09 -.75049434577802E+01
  14 0.53643561695650E-03 0.14483557988276E-09 -.75049443751672E+01
  15 0.54968557669533E-03 0.15583517423238E-09 -.75049453255870E+01
  16 0.56326281043970E-03 0.16767013695270E-09 -.75049463102880E+01
  17 0.57717540185756E-03 0.18040391040462E-09 -.75049473305623E+01
  18 0.59143163428345E-03 0.19410475510150E-09 -.75049483877417E+01
  19 0.60603999565025E-03 0.20884611562533E-09 -.75049494832156E+01
  20 0.62100918354281E-03 0.22470701433245E-09 -.75049506184214E+01
  21 0.63634811037632E-03 0.24177247495938E-09 -.75049517948456E+01
  22 0.65206590870261E-03 0.26013397839956E-09 -.75049530140333E+01
  23 0.66817193664757E-03 0.27988995309404E-09 -.75049542775843E+01
  24 0.68467578348276E-03 0.30114630266517E-09 -.75049555871615E+01
  25 0.70158727533478E-03 0.32401697362140E-09 -.75049569444832E+01
  26 0.71891648103555E-03 0.34862456617669E-09 -.75049583513339E+01
  27 0.73667371811713E-03 0.37510099145863E-09 -.75049598095677E+01
  28 0.75486955895462E-03 0.40358817862844E-09 -.75049613211029E+01
  29 0.77351483706080E-03 0.43423883570327E-09 -.75049628879307E+01
  30 0.79262065353621E-03 0.46721726815942E-09 -.75049645121162E+01
  31 0.81219838367855E-03 0.50270025970437E-09 -.75049661958043E+01
  32 0.83225968375541E-03 0.54087801993932E-09 -.75049679412147E+01
  33 0.85281649794417E-03 0.58195520399208E-09 -.75049697506542E+01
  34 0.87388106544339E-03 0.62615200958612E-09 -.75049716265155E+01
  35 0.89546592775984E-03 0.67370535742667E-09 -.75049735712775E+01
  36 0.91758393617551E-03 0.72487016123143E-09 -.75049755875158E+01
  37 0.94024825939904E-03 0.77992069421387E-09 -.75049776778992E+01
  38 0.96347239140620E-03 0.83915205934428E-09 -.75049798451967E+01
  39 0.98727015947393E-03 0.90288177126984E-09 -.75049820922856E+01
  40 0.10116557324129E-02 0.97145145837382E-09 -.75049844221466E+01
  41 0.10366436290035E-02 0.10452286940976E-08 -.75049868378707E+01
  42 0.10622487266399E-02 0.11246089673429E-08 -.75049893426705E+01
  43 0.10884862701879E-02 0.12100178025153E-08 -.75049919398749E+01
  44 0.11153718810616E-02 0.13019130405760E-08 -.75049946329381E+01
  45 0.11429215665238E-02 0.14007872933261E-08 -.75049974254490E+01
  46 0.11711517292169E-02 0.15071705840834E-08 -.75050003211247E+01
  47 0.12000791769286E-02 0.16216331889034E-08 -.75050033238265E+01
  48 0.12297211325987E-02 0.17447886935778E-08 -.75050064375599E+01
  49 0.12600952445739E-02 0.18772972827960E-08 -.75050096664816E+01
  50 0.12912195971149E-02 0.20198692791013E-08 -.75050130149038E+01
  51 0.13231127211636E-02 0.21732689506129E-08 -.75050164873035E+01
  52 0.13557936053764E-02 0.23383186079245E-08 -.75050200883262E+01
  53 0.13892817074292E-02 0.25159030121409E-08 -.75050238227902E+01
  54 0.14235969656027E-02 0.27069741176818E-08 -.75050276956996E+01
  55 0.14587598106531E-02 0.29125561752764E-08 -.75050317122459E+01
  56 0.14947911779762E-02 0.31337512225037E-08 -.75050358778157E+01
  57 0.15317125200722E-02 0.33717449913094E-08 -.75050401980032E+01
  58 0.15695458193180E-02 0.36278132641669E-08 -.75050446786101E+01
  59 0.16083136010551E-02 0.39033287129551E-08 -.75050493256623E+01
  60 0.16480389470012E-02 0.41997682572098E-08 -.75050541454115E+01
  61 0.16887455089921E-02 0.45187209811956E-08 -.75050591443474E+01
  62 0.17304575230642E-02 0.48618966522337E-08 -.75050643292067E+01
  63 0.17731998238839E-02 0.52311348859503E-08 -.75050697069819E+01
  64 0.18169978595338E-02 0.56284150075726E-08 -.75050752849320E+01
  65 0.18618777066643E-02 0.60558666621345E-08 -.75050810705919E+01
  66 0.19078660860189E-02 0.65157812304660E-08 -.75050870717824E+01
  67 0.19549903783436E-02 0.70106241121607E-08 -.75050932966259E+01
  68 0.20032786406887E-02 0.75430479413617E-08 -.75050997535526E+01
  69 0.20527596231137E-02 0.81159068062086E-08 -.75051064513141E+01
  70 0.21034627858046E-02 0.87322715481652E-08 -.75051133989987E+01
  71 0.21554183166140E-02 0.93954462232381E-08 -.75051206060413E+01
  72 0.22086571490344E-02 0.10108985813324E-07 -.75051280822373E+01
  73 0.22632109806155E-02 0.10876715282620E-07 -.75051358377596E+01
  74 0.23191122918367E-02 0.11702750081257E-07 -.75051438831710E+01
  75 0.23763943654451E-02 0.12591518206036E-07 -.75051522294393E+01
  76 0.24350913062716E-02 0.13547783936552E-07 -.75051608879540E+01
  77 0.24952380615365E-02 0.14576673373908E-07 -.75051698705443E+01
  78 0.25568704416564E-02 0.15683701918927E-07 -.75051791894943E+01
  79 0.26200251415653E-02 0.16874803837147E-07 -.75051888575614E+01
  80 0.26847397625620E-02 0.18156364069074E-07 -.75051988879970E+01
  81 0.27510528346973E-02 0.19535252456199E-07 -.75052092945635E+01
  82 0.28190038397143E-02 0.21018860566236E-07 -.75052200915561E+01
  83 0.28886332345553E-02 0.22615141314966E-07 -.75052312938256E+01
  84 0.29599824754488E-02 0.24332651597077E-07 -.75052429167969E+01
  85 0.30330940425924E-02 0.26180598154481E-07 -.75052549764942E+01
  86 0.31080114654444E-02 0.28168886927985E-07 -.75052674895654E+01
  87 0.31847793486409E-02 0.30308176156830E-07 -.75052804733071E+01
  88 0.32634433985523E-02 0.32609933510716E-07 -.75052939456889E+01
  89 0.33440504504965E-02 0.35086497560538E-07 -.75053079253828E+01
  90 0.34266484966238E-02 0.37751143917306E-07 -.75053224317902E+01
  91 0.35112867144904E-02 0.40618156393753E-07 -.75053374850719E+01
  92 0.35980154963383E-02 0.43702903570045E-07 -.75053531061794E+01
  93 0.36868864790979E-02 0.47021921173969E-07 -.75053693168853E+01
  94 0.37779525751316E-02 0.50593000717139E-07 -.75053861398191E+01
  95 0.38712680037373E-02 0.54435284862293E-07 -.75054035985010E+01
  96 0.39668883234296E-02 0.58569370032811E-07 -.75054217173775E+01
  97 0.40648704650184E-02 0.63017416814411E-07 -.75054405218605E+01
  98 0.41652727655043E-02 0.67803268740737E-07 -.75054600383676E+01
  99 0.42681550028123E-02 0.72952580099466E-07 -.75054802943615E+01
 100 0.43735784313817E-02 0.78492953443918E-07 -.75055013183940E+01
 101 0.44816058186369E-02 0.84454087547157E-07 -.75055231401520E+01
 102 0.45923014823572E-02 0.90867936591524E-07 -.75055457905030E+01
 103 0.47057313289714E-02 0.97768881446752E-07 -.75055693015453E+01
 104 0.48219628927970E-02 0.10519391395459E-06 -.75055937066582E+01
 105 0.49410653762491E-02 0.11318283520754E-06 -.75056190405559E+01
 106 0.50631096910424E-02 0.12177846888438E-06 -.75056453393436E+01
 107 0.51881685004112E-02 0.13102689078558E-06 -.75056726405750E+01
 108 0.53163162623714E-02 0.14097767579892E-06 -.75057009833135E+01
 109 0.54476292740519E-02 0.15168416361863E-06 -.75057304081965E+01
 110 0.55821857171210E-02 0.16320374464192E-06 -.75057609574999E+01
 111 0.57200657043339E-02 0.17559816757522E-06 -.75057926752088E+01
 112 0.58613513272309E-02 0.18893387039812E-06 -.75058256070900E+01
 113 0.60061267050135E-02 0.20328233645882E-06 -.75058598007666E+01
 114 0.61544780346274E-02 0.21872047760896E-06 -.75058953057977E+01
 115 0.63064936420827E-02 0.23533104643100E-06 -.75059321737612E+01
 116 0.64622640350421E-02 0.25320307976671E-06 -.75059704583393E+01
 117 0.66218819567077E-02 0.27243237592352E-06 -.75060102154091E+01
 118 0.67854424410383E-02 0.29312200811533E-06 -.75060515031377E+01
 119 0.69530428693320E-02 0.31538287688894E-06 -.75060943820787E+01
 120 0.71247830282045E-02 0.33933430449561E-06 -.75061389152778E+01
 121 0.73007651690011E-02 0.36510467439236E-06 -.75061851683785E+01
 122 0.74810940686755E-02 0.39283211929888E-06 -.75062332097360E+01
 123 0.76658770921717E-02 0.42266526149630E-06 -.75062831105338E+01
 124 0.78552242563484E-02 0.45476400933357E-06 -.75063349449085E+01
 125 0.80492482954802E-02 0.48930041420822E-06 -.75063887900773E+01
 126 0.82480647283785E-02 0.52645959261230E-06 -.75064447264736E+01
 127 0.84517919271695E-02 0.56644071818220E-06 -.75065028378877E+01
 128 0.86605511877706E-02 0.60945808906630E-06 -.75065632116143E+01
 129 0.88744668021085E-02 0.65574227632729E-06 -.75066259386071E+01
 130 0.90936661321206E-02 0.70554135952988E-06 -.75066911136400E+01
 131 0.93182796855840E-02 0.75912225613134E-06 -.75067588354770E+01
 132 0.95484411938179E-02 0.81677215179414E-06 -.75068292070476E+01
 133 0.97842876913052E-02 0.87880003928044E-06 -.75069023356333E+01
 134 0.10025959597280E-01 0.94553837416879E-06 -.75069783330607E+01
 135 0.10273600799333E-01 0.10173448562588E-05 -.75070573159043E+01
 136 0.10527358739077E-01 0.10946043462022E-05 -.75071394056993E+01
 137 0.10787384499932E-01 0.11777309276209E-05 -.75072247291632E+01
 138 0.11053832897080E-01 0.12671701257536E-05 -.75073134184289E+01
 139 0.11326862569638E-01 0.13634012945060E-05 -.75074056112882E+01
 140 0.11606636075108E-01 0.14669401846839E-05 -.75075014514470E+01
 141 0.11893319986163E-01 0.15783417071548E-05 -.75076010887918E+01
 142 0.12187084989822E-01 0.16982029057269E-05 -.75077046796699E+01
 143 0.12488105989070E-01 0.18271661556567E-05 -.75078123871820E+01
 144 0.12796562207000E-01 0.19659226048986E-05 -.75079243814886E+01
 145 0.13112637293513E-01 0.21152158765129E-05 -.75080408401315E+01
 146 0.13436519434663E-01 0.22758460520394E-05 -.75081619483695E+01
 147 0.13768401464699E-01 0.24486739571468E-05 -.75082878995308E+01
 148 0.14108480980877E-01 0.26346257724839E-05 -.75084188953819E+01
 149 0.14456960461105E-01 0.28346979943932E-05 -.75085551465136E+01
 150 0.14814047384494E-01 0.30499627720188E-05 -.75086968727454E+01
 151 0.15179954354891E-01 0.32815736493468E-05 -.75088443035491E+01
 152 0.15554899227457E-01 0.35307717428804E-05 -.75089976784927E+01
 153 0.15939105238375E-01 0.37988923879767E-05 -.75091572477046E+01
 154 0.16332801137763E-01 0.40873722893710E-05 -.75093232723610E+01
 155 0.16736221325866E-01 0.43977572141065E-05 -.75094960251942E+01
 156 0.17149605992615E-01 0.47317102679780E-05 -.75096757910277E+01
 157 0.17573201260632E-01 0.50910207997102E-05 -.75098628673343E+01
 158 0.18007259331770E-01 0.54776139804386E-05 -.75100575648222E+01
 159 0.18452038637265E-01 0.58935611096558E-05 -.75102602080470E+01
 160 0.18907803991605E-01 0.63410907026612E-05 -.75104711360549E+01
 161 0.19374826750198E-01 0.68226004187090E-05 -.75106907030542E+01
 162 0.19853384970928E-01 0.73406698935296E-05 -.75109192791194E+01
 163 0.20343763579709E-01 0.78980745447079E-05 -.75111572509287E+01
 164 0.20846254540128E-01 0.84978004235831E-05 -.75114050225355E+01
 165 0.21361157027269E-01 0.91430601928934E-05 -.75116630161767E+01
 166 0.21888777605843E-01 0.98373103153801E-05 -.75119316731186E+01
 167 0.22429430412707E-01 0.10584269544994E-04 -.75122114545432E+01
 168 0.22983437343901E-01 0.11387938819268E-04 -.75125028424747E+01
 169 0.23551128246296E-01 0.12252622658861E-04 -.75128063407507E+01
 170 0.24132841113979E-01 0.13182952188268E-04 -.75131224760381E+01
 171 0.24728922289494E-01 0.14183909900297E-04 -.75134517988963E+01
 172 0.25339726670045E-01 0.15260856296143E-04 -.75137948848901E+01
 173 0.25965617918795E-01 0.16419558542852E-04 -.75141523357542E+01
 174 0.26606968681389E-01 0.17666221300602E-04 -.75145247806116E+01
 175 0.27264160807820E-01 0.19007519883762E-04 -.75149128772487E+01
 176 0.27937585579773E-01 0.20450635931989E-04 -.75153173134486E+01
 177 0.28627643943593E-01 0.22003295780894E-04 -.75157388083861E+01
 178 0.29334746749000E-01 0.23673811736073E-04 -.75161781140871E+01
 179 0.30059314993700E-01 0.25471126469597E-04 -.75166360169537E+01
 180 0.30801780074044E-01 0.27404860774532E-04 -.75171133393601E+01
 181 0.31562584041873E-01 0.29485364930725E-04 -.75176109413198E+01
 182 0.32342179867708E-01 0.31723773954100E-04 -.75181297222295E+01
 183 0.33141031710440E-01 0.34132067022133E-04 -.75186706226903E+01
 184 0.33959615193688E-01 0.36723131390091E-04 -.75192346264118E+01
 185 0.34798417688972E-01 0.39510831136172E-04 -.75198227622007E+01
 186 0.35657938605890E-01 0.42510081099003E-04 -.75204361060377E+01
 187 0.36538689689455E-01 0.45736926398104E-04 -.75210757832466E+01
 188 0.37441195324785E-01 0.49208627957134E-04 -.75217429707585E+01
 189 0.38365992849307E-01 0.52943754481032E-04 -.75224388994748E+01
 190 0.39313632872685E-01 0.56962281371845E-04 -.75231648567328E+01
 191 0.40284679604640E-01 0.61285697104125E-04 -.75239221888774E+01
 192 0.41279711190875E-01 0.65937117619555E-04 -.75247123039424E+01
 193 0.42299320057289E-01 0.70941409342066E-04 -.75255366744453E+01
 194 0.43344113262704E-01 0.76325321459359E-04 -.75263968402993E+01
 195 0.44414712860293E-01 0.82117628164650E-04 -.75272944118459E+01
 196 0.45511756267942E-01 0.88349281603857E-04 -.75282310730114E+01
 197 0.46635896647760E-01 0.95053576328567E-04 -.75292085845918E+01
 198 0.47787803294960E-01 0.10226632611425E-03 -.75302287876681E+01
 199 0.48968162036346E-01 0.11002605406660E-03 -.75312936071563E+01
 200 0.50177675638643E-01 0.11837419700677E-03 -.75324050554949E+01
 201 0.51417064226918E-01 0.12735532519925E-03 -.75335652364716E+01
 202 0.52687065713323E-01 0.13701737856404E-03 -.75347763491942E+01
 203 0.53988436236442E-01 0.14741192059855E-03 -.75360406922046E+01
 204 0.55321950611482E-01 0.15859441132412E-03 -.75373606677417E+01
 205 0.56688402791585E-01 0.17062450066802E-03 -.75387387861505E+01
 206 0.58088606340538E-01 0.18356634379454E-03 -.75401776704420E+01
 207 0.59523394917149E-01 0.19748894000854E-03 -.75416800610029E+01
 208 0.60993622771602E-01 0.21246649697265E-03 -.75432488204544E+01
 209 0.62500165254061E-01 0.22857882210467E-03 -.75448869386612E+01
 210 0.64043919335836E-01 0.24591174315669E-03 -.75465975378886E+01
 211 0.65625804143431E-01 0.26455756012073E-03 -.75483838781060E+01
 212 0.67246761505774E-01 0.28461553075931E-03 -.75502493624346E+01
 213 0.68907756514967E-01 0.30619239222361E-03 -.75521975427355E+01
 214 0.70609778100886E-01 0.32940292139627E-03 -.75542321253364E+01
 215 0.72353839619978E-01 0.35437053678314E-03 -.75563569768898E+01
 216 0.74140979458592E-01 0.38122794497702E-03 -.75585761303604E+01
 217 0.75972261651219E-01 0.41011783492851E-03 -.75608937911351E+01
 218 0.77848776514004E-01 0.44119362348525E-03 -.75633143432503E+01
 219 0.79771641293900E-01 0.47462025590100E-03 -.75658423557304E+01
 220 0.81742000833859E-01 0.51057506527189E-03 -.75684825890322E+01
 221 0.83761028254456E-01 0.54924869512877E-03 -.75712400015887E+01
 222 0.85829925652341E-01 0.59084608970338E-03 -.75741197564472E+01
 223 0.87949924815954E-01 0.63558755669185E-03 -.75771272279959E+01
 224 0.90122287958908E-01 0.68370990766389E-03 -.75802680087752E+01
 225 0.92348308471493E-01 0.73546768160904E-03 -.75835479163696E+01
 226 0.94629311690738E-01 0.79113445747506E-03 -.75869730003744E+01
 227 0.96966655689500E-01 0.85100426193682E-03 -.75905495494373E+01
 228 0.99361732085030E-01 0.91539307903875E-03 -.75942840983665E+01
 229 0.10181596686753E+00 0.98464046878013E-03 -.75981834353034E+01
 230 0.10433082124916E+00 0.10591113021601E-02 -.76022546089475E+01
 231 0.10690779253401E+00 0.11391976206692E-02 -.76065049358233E+01
 232 0.10954841500960E+00 0.12253206287078E-02 -.76109420075640E+01
 233 0.11225426086034E+00 0.13179328279223E-02 -.76155736981809E+01
 234 0.11502694110359E+00 0.14175203029912E-02 -.76204081712675E+01
 235 0.11786810654885E+00 0.15246051689451E-02 -.76254538870678E+01
 236 0.12077944878061E+00 0.16397481906822E-02 -.76307196093100E+01
 237 0.12376270116549E+00 0.17635515859386E-02 -.76362144116722E+01
 238 0.12681963988427E+00 0.18966620235798E-02 -.76419476837081E+01
 239 0.12995208498942E+00 0.20397738297058E-02 -.76479291360122E+01
 240 0.13316190148865E+00 0.21936324146988E-02 -.76541688043569E+01
 241 0.13645100045542E+00 0.23590379349794E-02 -.76606770524867E+01
 242 0.13982134016667E+00 0.25368492038823E-02 -.76674645731932E+01
 243 0.14327492726879E+00 0.27279878666949E-02 -.76745423872761E+01
 244 0.14681381797233E+00 0.29334428555273E-02 -.76819218399539E+01
 245 0.15044011927625E+00 0.31542751402779E-02 -.76896145942839E+01
 246 0.15415599022237E+00 0.33916227925288E-02 -.76976326211677E+01
 247 0.15796364318086E+00 0.36467063797191E-02 -.77059881855526E+01
 248 0.16186534516743E+00 0.39208347074051E-02 -.77146938285026E+01
 249 0.16586341919306E+00 0.42154109277867E-02 -.77237623448900E+01
 250 0.16996024564713E+00 0.45319390329587E-02 -.77332067565483E+01
 251 0.17415826371462E+00 0.48720307514869E-02 -.77430402808165E+01
 252 0.17845997282837E+00 0.52374128669038E-02 -.77532762944810E+01
 253 0.18286793415723E+00 0.56299349765188E-02 -.77639282931782E+01
 254 0.18738477213091E+00 0.60515777085122E-02 -.77750098463432E+01
 255 0.19201317600255E+00 0.65044614145816E-02 -.77865345477787E+01
 256 0.19675590144981E+00 0.69908553543903E-02 -.77985159618698E+01
 257 0.20161577221562E+00 0.75131873866578E-02 -.78109675653864E+01
 258 0.20659568178934E+00 0.80740541798783E-02 -.78239026847089E+01
 259 0.21169859512954E+00 0.86762319532709E-02 -.78373344281761E+01
 260 0.21692755042924E+00 0.93226877555679E-02 -.78512756131174E+01
 261 0.22228566092484E+00 0.10016591285538E-01 -.78657386869717E+01
 262 0.22777611674969E+00 0.10761327253605E-01 -.78807356417439E+01
 263 0.23340218683340E+00 0.11560508278441E-01 -.78962779208837E+01
 264 0.23916722084819E+00 0.12417988305825E-01 -.79123763175086E+01
 265 0.24507465120314E+00 0.13337876529244E-01 -.79290408627108E+01
 266 0.25112799508786E+00 0.14324551782430E-01 -.79462807025051E+01
 267 0.25733085656653E+00 0.15382677363172E-01 -.79641039617612E+01
 268 0.26368692872372E+00 0.16517216234994E-01 -.79825175932382E+01
 269 0.27019999586320E+00 0.17733446538489E-01 -.80015272095801E+01
 270 0.27687393576102E+00 0.19036977326969E-01 -.80211368958442E+01
 271 0.28371272197431E+00 0.20433764421296E-01 -.80413489998164E+01
 272 0.29072042620708E+00 0.21930126256089E-01 -.80621638970128E+01
 273 0.29790122073439E+00 0.23532759563553E-01 -.80835797268814E+01
 274 0.30525938088653E+00 0.25248754711653E-01 -.81055920962978E+01
 275 0.31279928759443E+00 0.27085610479906E-01 -.81281937460033E+01
 276 0.32052542999801E+00 0.29051248018316E-01 -.81513741751571E+01
 277 0.32844240811896E+00 0.31154023692655E-01 -.81751192186894E+01
 278 0.33655493559950E+00 0.33402740471941E-01 -.81994105716409E+01
 279 0.34486784250881E+00 0.35806657461477E-01 -.82242252541827E+01
 280 0.35338607821878E+00 0.38375497126842E-01 -.82495350105377E+01
 281 0.36211471435078E+00 0.41119449690693E-01 -.82753056345896E+01
 282 0.37105894779525E+00 0.44049174115193E-01 -.83014962146020E+01
 283 0.38022410380579E+00 0.47175795008503E-01 -.83280582891947E+01
 284 0.38961563916979E+00 0.50510894714506E-01 -.83549349065866E+01
 285 0.39923914545729E+00 0.54066499761624E-01 -.83820595791560E+01
 286 0.40910035235008E+00 0.57855060760337E-01 -.84093551256349E+01
 287 0.41920513105313E+00 0.61889424751690E-01 -.84367323938256E+01
 288 0.42955949779014E+00 0.66182798922915E-01 -.84640888576622E+01
 289 0.44016961738556E+00 0.70748704524646E-01 -.84913070838386E+01
 290 0.45104180693498E+00 0.75600919751095E-01 -.85182530651850E+01
 291 0.46218253956627E+00 0.80753410285485E-01 -.85447744206184E+01
 292 0.47359844829356E+00 0.86220246174545E-01 -.85706984649540E+01
 293 0.48529632996641E+00 0.92015503686392E-01 -.85958301563001E+01
 294 0.49728314931658E+00 0.98153150835658E-01 -.86199499343404E+01
 295 0.50956604310470E+00 0.10464691534033E+00 -.86428114697247E+01
 296 0.52215232436939E+00 0.11151013392065E+00 -.86641393532489E+01
 297 0.53504948678131E+00 0.11875558207812E+00 -.86836267637120E+01
 298 0.54826520910481E+00 0.12639528381995E+00 -.87009331655140E+01
 299 0.56180735976970E+00 0.13444030124318E+00 -.87156821013789E+01
 300 0.57568400155601E+00 0.14290050448272E+00 -.87274591622123E+01
 301 0.58990339639444E+00 0.15178432328359E+00 -.87358102350860E+01
 302 0.60447401028539E+00 0.16109848239961E+00 -.87402401515149E+01
 303 0.61940451833944E+00 0.17084772416959E+00 -.87402118821484E+01
 304 0.63470380994242E+00 0.18103452299116E+00 -.87351464471643E+01
 305 0.65038099404800E+00 0.19165879801022E+00 -.87244237394230E+01
 306 0.66644540460098E+00 0.20271763216465E+00 -.87073844798836E+01
 307 0.68290660609463E+00 0.21420500774416E+00 -.86833335486778E+01
 308 0.69977439926516E+00 0.22611157081281E+00 -.86515449522510E+01
 309 0.71705882692701E+00 0.23842443911713E+00 -.86112686988640E+01
 310 0.73477017995211E+00 0.25112707037167E+00 -.85617398587015E+01
 311 0.75291900339693E+00 0.26419920993723E+00 -.85021900816494E+01
 312 0.77151610278083E+00 0.27761693870731E+00 -.84318618383335E+01
 313 0.79057255051952E+00 0.29135284327193E+00 -.83500256441271E+01
 314 0.81009969251735E+00 0.30537633086782E+00 -.82560005291486E+01
 315 0.83010915492253E+00 0.31965411093260E+00 -.81491780349086E+01
 316 0.85061285104912E+00 0.33415086289706E+00 -.80290500447356E+01
 317 0.87162298847003E+00 0.34883010576658E+00 -.78952407632247E+01
 318 0.89315207628524E+00 0.36365527862503E+00 -.77475430911690E+01
 319 0.91521293256948E+00 0.37859103200441E+00 -.75859594060413E+01
 320 0.93781869200395E+00 0.39360471772782E+00 -.74107462471098E+01
 321 0.96098281369645E+00 0.40866804914527E+00 -.72224615274047E+01
 322 0.98471908919475E+00 0.42375888475749E+00 -.70220116290725E+01
 323 0.10090416506979E+01 0.43886306458778E+00 -.68107218939913E+01
 324 0.10339649794701E+01 0.45397620507918E+00 -.65902841345747E+01
 325 0.10595039144630E+01 0.46910535178789E+00 -.63628577766441E+01
 326 0.10856736611502E+01 0.48427036073611E+00 -.61310280623214E+01
 327 0.11124898005807E+01 0.49950484118920E+00 -.58977586335034E+01
 328 0.11399682986550E+01 0.51485654392629E+00 -.56663014660573E+01
 329 0.11681255156318E+01 0.53038706576850E+00 -.54400603034904E+01
 330 0.11969782158679E+01 0.54617079142492E+00 -.52224092333553E+01
 331 0.12265435777998E+01 0.56229305215493E+00 -.50164756487418E+01
 332 0.12568392041715E+01 0.57884756189709E+00 -.48249056790324E+01
 333 0.12878831325145E+01 0.59593328631289E+00 -.46496387077835E+01
 334 0.13196938458876E+01 0.61365099781973E+00 -.44917235915021E+01
 335 0.13522902838810E+01 0.63209985427999E+00 -.43512101630358E+01
 336 0.13856918538929E+01 0.65137439172909E+00 -.42271435471795E+01
 337 0.14199184426841E+01 0.67156232397677E+00 -.41176751324882E+01
 338 0.14549904282184E+01 0.69274348107390E+00 -.40202842686509E+01
 339 0.14909286917953E+01 0.71499009229333E+00 -.39320827374140E+01
 340 0.15277546304827E+01 0.73836844038747E+00 -.38501552557028E+01
 341 0.15654901698556E+01 0.76294171171467E+00 -.37718793397540E+01
 342 0.16041577770510E+01 0.78877368299602E+00 -.36951706669047E+01
 343 0.16437804741442E+01 0.81593276445863E+00 -.36186160998474E+01
 344 0.16843818518556E+01 0.84449589494395E+00 -.35414821746606E+01
 345 0.17259860835964E+01 0.87455186777382E+00 -.34636150982539E+01
 346 0.17686179398612E+01 0.90620383692379E+00 -.33852708729535E+01
 347 0.18123028029758E+01 0.93957096464999E+00 -.33069244292349E+01
 348 0.18570666822093E+01 0.97478936526735E+00 -.32291022323962E+01
 349 0.19029362292599E+01 0.10120126251443E+01 -.31522666887918E+01
 350 0.19499387541226E+01 0.10514122129004E+01 -.30767598273248E+01
 351 0.19981022413494E+01 0.10931780464910E+01 -.30027960712577E+01
 352 0.20474553667108E+01 0.11375193908423E+01 -.29304847216966E+01
 353 0.20980275142685E+01 0.11846661634337E+01 -.28598627897770E+01
 354 0.21498487938709E+01 0.12348706568855E+01 -.27909248830208E+01
 355 0.22029500590796E+01 0.12884096579472E+01 -.27236444076439E+01
 356 0.22573629255388E+01 0.13455869443257E+01 -.26579859803948E+01
 357 0.23131197897996E+01 0.00000000000000E+00 -.25939115666406E+01
 358 0.23702538486077E+01 0.00000000000000E+00 -.25313828403252E+01
 359 0.24287991186683E+01 0.00000000000000E+00 -.24703623549579E+01
 360 0.24887904568994E+01 0.00000000000000E+00 -.24108134748942E+01
 361 0.25502635811848E+01 0.00000000000000E+00 -.23527005215653E+01
 362 0.26132550916401E+01 0.00000000000000E+00 -.22959887319261E+01
 363 0.26778024924036E+01 0.00000000000000E+00 -.22406442222293E+01
 364 0.27439442139660E+01 0.00000000000000E+00 -.21866339560618E+01
 365 0.28117196360509E+01 0.00000000000000E+00 -.21339257157885E+01
 366 0.28811691110614E+01 0.00000000000000E+00 -.20824880767208E+01
 367 0.29523339881046E+01 0.00000000000000E+00 -.20322903834694E+01
 368 0.30252566376108E+01 0.00000000000000E+00 -.19833027280554E+01
 369 0.30999804765598E+01 0.00000000000000E+00 -.19354959294447E+01
 370 0.31765499943308E+01 0.00000000000000E+00 -.18888415142487E+01
 371 0.32550107791907E+01 0.00000000000000E+00 -.18433116983871E+01
 372 0.33354095454368E+01 0.00000000000000E+00 -.17988793695603E+01
 373 0.34177941612090E+01 0.00000000000000E+00 -.17555180704119E+01
 374 0.35022136769909E+01 0.00000000000000E+00 -.17132019822897E+01
 375 0.35887183548126E+01 0.00000000000000E+00 -.16719059095370E+01
 376 0.36773596981765E+01 0.00000000000000E+00 -.16316052642601E+01
 377 0.37681904827214E+01 0.00000000000000E+00 -.15922760515325E+01
 378 0.38612647876446E+01 0.00000000000000E+00 -.15538948550026E+01
 379 0.39566380278995E+01 0.00000000000000E+00 -.15164388228816E+01
 380 0.40543669871886E+01 0.00000000000000E+00 -.14798856542918E+01
 381 0.41545098517721E+01 0.00000000000000E+00 -.14442135859579E+01
 382 0.42571262451109E+01 0.00000000000000E+00 -.14094013792306E+01
 383 0.43622772633651E+01 0.00000000000000E+00 -.13754283074281E+01
 384 0.44700255117703E+01 0.00000000000000E+00 -.13422741434883E+01
 385 0.45804351419110E+01 0.00000000000000E+00 -.13099191479209E+01
 386 0.46935718899162E+01 0.00000000000000E+00 -.12783440570514E+01
 387 0.48095031155971E+01 0.00000000000000E+00 -.12475300715502E+01
 388 0.49282978425524E+01 0.00000000000000E+00 -.12174588452390E+01
 389 0.50500267992634E+01 0.00000000000000E+00 -.11881124741670E+01
 390 0.51747624612052E+01 0.00000000000000E+00 -.11594734859511E+01
 391 0.53025790939970E+01 0.00000000000000E+00 -.11315248293735E+01
 392 0.54335527976187E+01 0.00000000000000E+00 -.11042498642292E+01
 393 0.55677615517199E+01 0.00000000000000E+00 -.10776323514198E+01
 394 0.57052852620474E+01 0.00000000000000E+00 -.10516564432849E+01
 395 0.58462058080199E+01 0.00000000000000E+00 -.10263066741671E+01
 396 0.59906070914780E+01 0.00000000000000E+00 -.10015679512042E+01
 397 0.61385750866375E+01 0.00000000000000E+00 -.97742554534388E+00
 398 0.62901978912775E+01 0.00000000000000E+00 -.95386508257421E+00
 399 0.64455657791920E+01 0.00000000000000E+00 -.93087253536599E+00
 400 0.66047712539381E+01 0.00000000000000E+00 -.90843421432119E+00
 401 0.67679091039103E+01 0.00000000000000E+00 -.88653676002259E+00
 402 0.69350764587769E+01 0.00000000000000E+00 -.86516713507991E+00
 403 0.71063728473087E+01 0.00000000000000E+00 -.84431261636756E+00
 404 0.72819002566372E+01 0.00000000000000E+00 -.82396078744941E+00
 405 0.74617631929762E+01 0.00000000000000E+00 -.80409953118612E+00
 406 0.76460687438427E+01 0.00000000000000E+00 -.78471702252062E+00
 407 0.78349266418156E+01 0.00000000000000E+00 -.76580172143740E+00
 408 0.80284493298685E+01 0.00000000000000E+00 -.74734236609146E+00
 409 0.82267520283162E+01 0.00000000000000E+00 -.72932796610289E+00
 410 0.84299528034156E+01 0.00000000000000E+00 -.71174779601295E+00
 411 0.86381726376600E+01 0.00000000000000E+00 -.69459138889791E+00
 412 0.88515355018102E+01 0.00000000000000E+00 -.67784853013684E+00
 413 0.90701684287049E+01 0.00000000000000E+00 -.66150925132949E+00
 414 0.92942015888939E+01 0.00000000000000E+00 -.64556382436089E+00
 415 0.95237683681396E+01 0.00000000000000E+00 -.63000275560897E+00
 416 0.97590054468326E+01 0.00000000000000E+00 -.61481678029180E+00
 417 0.10000052881369E+02 0.00000000000000E+00 -.59999685695111E+00
 418 0.10247054187539E+02 0.00000000000000E+00 -.58553416206886E+00
 419 0.10500156425971E+02 0.00000000000000E+00 -.57142008481351E+00
 420 0.10759510289693E+02 0.00000000000000E+00 -.55764622191310E+00
 421 0.11025270193848E+02 0.00000000000000E+00 -.54420437265179E+00
 422 0.11297594367636E+02 0.00000000000000E+00 -.53108653398720E+00
 423 0.11576644948517E+02 0.00000000000000E+00 -.51828489578539E+00
 424 0.11862588078745E+02 0.00000000000000E+00 -.50579183617080E+00
 425 0.12155594004290E+02 0.00000000000000E+00 -.49359991698830E+00
 426 0.12455837176196E+02 0.00000000000000E+00 -.48170187937465E+00
 427 0.12763496354448E+02 0.00000000000000E+00 -.47009063943678E+00
 428 0.13078754714403E+02 0.00000000000000E+00 -.45875928403430E+00
 429 0.13401799955849E+02 0.00000000000000E+00 -.44770106666358E+00
 430 0.13732824414759E+02 0.00000000000000E+00 -.43690940344123E+00
 431 0.14072025177803E+02 0.00000000000000E+00 -.42637786918433E+00
 432 0.14419604199695E+02 0.00000000000000E+00 -.41610019358512E+00
 433 0.14775768423427E+02 0.00000000000000E+00 -.40607025747802E+00
 434 0.15140729903486E+02 0.00000000000000E+00 -.39628208919652E+00
 435 0.15514705932102E+02 0.00000000000000E+00 -.38672986101798E+00
 436 0.15897919168625E+02 0.00000000000000E+00 -.37740788569405E+00
 437 0.16290597772090E+02 0.00000000000000E+00 -.36831061306476E+00
 438 0.16692975537061E+02 0.00000000000000E+00 -.35943262675422E+00
 439 0.17105292032826E+02 0.00000000000000E+00 -.35076864094590E+00
 440 0.17527792746037E+02 0.00000000000000E+00 -.34231349723569E+00
 441 0.17960729226864E+02 0.00000000000000E+00 -.33406216156081E+00
 442 0.18404359238767E+02 0.00000000000000E+00 -.32600972120261E+00
 443 0.18858946911965E+02 0.00000000000000E+00 -.31815138186180E+00
 444 0.19324762900691E+02 0.00000000000000E+00 -.31048246480398E+00
 445 0.19802084544338E+02 0.00000000000000E+00 -.30299840407406E+00
 446 0.20291196032583E+02 0.00000000000000E+00 -.29569474377779E+00
 447 0.20792388574588E+02 0.00000000000000E+00 -.28856713542883E+00
 448 0.21305960572380E+02 0.00000000000000E+00 -.28161133535970E+00
 449 0.21832217798518E+02 0.00000000000000E+00 -.27482320219520E+00
 450 0.22371473578141E+02 0.00000000000000E+00 -.26819869438665E+00
 451 0.22924048975521E+02 0.00000000000000E+00 -.26173386780562E+00
 452 0.23490272985216E+02 0.00000000000000E+00 -.25542487339567E+00
 453 0.24070482727951E+02 0.00000000000000E+00 -.24926795488059E+00
 454 0.24665023651332E+02 0.00000000000000E+00 -.24325944652801E+00
 455 0.25274249735520E+02 0.00000000000000E+00 -.23739577096683E+00
 456 0.25898523703987E+02 0.00000000000000E+00 -.23167343705728E+00
 457 0.26538217239475E+02 0.00000000000000E+00 -.22608903781232E+00
 458 0.27193711205290E+02 0.00000000000000E+00 -.22063924836918E+00
 459 0.27865395872061E+02 0.00000000000000E+00 -.21532082400974E+00
 460 0.28553671150101E+02 0.00000000000000E+00 -.21013059822868E+00
 461 0.29258946827508E+02 0.00000000000000E+00 -.20506548084813E+00
 462 0.29981642814148E+02 0.00000000000000E+00 -.20012245617787E+00
 463 0.30722189391657E+02 0.00000000000000E+00 -.19529858121979E+00
 464 0.31481027469631E+02 0.00000000000000E+00 -.19059098391565E+00
 465 0.32258608848131E+02 0.00000000000000E+00 -.18599686143713E+00
 466 0.33055396486680E+02 0.00000000000000E+00 -.18151347851703E+00
 467 0.33871864779901E+02 0.00000000000000E+00 -.17713816582074E+00
 468 0.34708499839965E+02 0.00000000000000E+00 -.17286831835697E+00
 469 0.35565799786012E+02 0.00000000000000E+00 -.16870139392672E+00
 470 0.36444275040726E+02 0.00000000000000E+00 -.16463491160979E+00
 471 0.37344448634232E+02 0.00000000000000E+00 -.16066645028757E+00
 472 0.38266856515498E+02 0.00000000000000E+00 -.15679364720146E+00
 473 0.39212047871430E+02 0.00000000000000E+00 -.15301419654676E+00
 474 0.40180585453855E+02 0.00000000000000E+00 -.14932584809872E+00
 475 0.41173045914565E+02 0.00000000000000E+00 -.14572640587364E+00
 476 0.42190020148655E+02 0.00000000000000E+00 -.14221372682116E+00
 477 0.43232113646327E+02 0.00000000000000E+00 -.13878571954832E+00
 478 0.44299946853391E+02 0.00000000000000E+00 -.13544034307438E+00
 479 0.45394155540670E+02 0.00000000000000E+00 -.13217560561567E+00
 480 0.46515391182524E+02 0.00000000000000E+00 -.12898956339970E+00
 481 0.47664321344732E+02 0.00000000000000E+00 -.12588031950786E+00
 482 0.48841630081947E+02 0.00000000000000E+00 -.12284602274603E+00
 483 0.50048018344971E+02 0.00000000000000E+00 -.11988486654243E+00
 484 0.51284204398092E+02 0.00000000000000E+00 -.11699508787199E+00
 485 0.52550924246725E+02 0.00000000000000E+00 -.11417496620669E+00
 486 0.53848932075619E+02 0.00000000000000E+00 -.11142282249116E+00
 487 0.55179000697887E+02 0.00000000000000E+00 -.10873701814302E+00
 488 0.56541922015125E+02 0.00000000000000E+00 -.10611595407731E+00
 489 0.57938507488898E+02 0.00000000000000E+00 -.10355806975438E+00
 490 0.59369588623874E+02 0.00000000000000E+00 -.10106184225079E+00
 491 0.60836017462884E+02 0.00000000000000E+00 -.98625785352577E-01
 492 0.62338667094217E+02 0.00000000000000E+00 -.96248448670418E-01
 493 0.63878432171444E+02 0.00000000000000E+00 -.93928416776049E-01
 494 0.65456229446079E+02 0.00000000000000E+00 -.91664308359568E-01
 495 0.67072998313397E+02 0.00000000000000E+00 -.89454775407015E-01
 496 0.68729701371738E+02 0.00000000000000E+00 -.87298502397789E-01
 497 0.70427324995620E+02 0.00000000000000E+00 -.85194205521410E-01
 498 0.72166879923012E+02 0.00000000000000E+00 -.83140631913155E-01
 499 0.73949401857110E+02 0.00000000000000E+00 -.81136558908125E-01
 500 0.75775952082981E+02 0.00000000000000E+00 -.79180793313287E-01
 501 0.77647618099430E+02 0.00000000000000E+00 -.77272170697069E-01
