#   527 0.10247000000000E+01 1   2.2705 0.12000000000000E+02
   1 0.20833333333333E-03 0.54643523937931E-08 -.12397781451272E+02
   2 0.21347916666667E-03 0.57376251487984E-08 -.12397825689053E+02
   3 0.21875210208333E-03 0.60245642988761E-08 -.12397872134268E+02
   4 0.22415527900479E-03 0.63258533016737E-08 -.12397920898917E+02
   5 0.22969191439621E-03 0.66422098410470E-08 -.12397972099682E+02
   6 0.23536530468180E-03 0.69743874021752E-08 -.12398025857890E+02
   7 0.24117882770744E-03 0.73231771954424E-08 -.12398082300168E+02
   8 0.24713594475181E-03 0.76894100002895E-08 -.12398141562957E+02
   9 0.25324020258718E-03 0.80739581434295E-08 -.12398203785600E+02
  10 0.25949523559108E-03 0.84777375767201E-08 -.12398269117588E+02
  11 0.26590476791018E-03 0.89017100588609E-08 -.12398337713137E+02
  12 0.27247261567756E-03 0.93468854461987E-08 -.12398409736464E+02
  13 0.27920268928480E-03 0.98143240980950E-08 -.12398485358584E+02
  14 0.28609899571014E-03 0.10305139402587E-07 -.12398564760041E+02
  15 0.29316564090418E-03 0.10820500428359E-07 -.12398648129953E+02
  16 0.30040683223451E-03 0.11361634709331E-07 -.12398735665917E+02
  17 0.30782688099070E-03 0.11929831168519E-07 -.12398827576950E+02
  18 0.31543020495117E-03 0.12526443188104E-07 -.12398924081816E+02
  19 0.32322133101346E-03 0.13152891833044E-07 -.12399025410276E+02
  20 0.33120489788950E-03 0.13810669235894E-07 -.12399131803908E+02
  21 0.33938565886737E-03 0.14501342150907E-07 -.12399243516384E+02
  22 0.34776848464139E-03 0.15226555685869E-07 -.12399360812093E+02
  23 0.35635836621203E-03 0.15988037220571E-07 -.12399483972031E+02
  24 0.36516041785747E-03 0.16787600521234E-07 -.12399613288216E+02
  25 0.37417988017855E-03 0.17627150060711E-07 -.12399749069643E+02
  26 0.38342212321896E-03 0.18508685554729E-07 -.12399891639059E+02
  27 0.39289264966247E-03 0.19434306724996E-07 -.12400041335999E+02
  28 0.40259709810913E-03 0.20406218300511E-07 -.12400198516999E+02
  29 0.41254124643243E-03 0.21426735268989E-07 -.12400363556365E+02
  30 0.42273101521931E-03 0.22498288390910E-07 -.12400536846752E+02
  31 0.43317247129523E-03 0.23623429989328E-07 -.12400718801247E+02
  32 0.44387183133622E-03 0.24804840029224E-07 -.12400909853201E+02
  33 0.45483546557022E-03 0.26045332500898E-07 -.12401110457173E+02
  34 0.46606990156981E-03 0.27347862122582E-07 -.12401321091146E+02
  35 0.47758182813858E-03 0.28715531378264E-07 -.12401542256671E+02
  36 0.48937809929360E-03 0.30151597907464E-07 -.12401774479762E+02
  37 0.50146573834616E-03 0.31659482264581E-07 -.12402018314266E+02
  38 0.51385194208331E-03 0.33242776066282E-07 -.12402274340324E+02
  39 0.52654408505276E-03 0.34905250546343E-07 -.12402543167700E+02
  40 0.53954972395357E-03 0.36650865538320E-07 -.12402825436400E+02
  41 0.55287660213522E-03 0.38483778907444E-07 -.12403121818522E+02
  42 0.56653265420796E-03 0.40408356454204E-07 -.12403433019950E+02
  43 0.58052601076690E-03 0.42429182313212E-07 -.12403759781586E+02
  44 0.59486500323284E-03 0.44551069872115E-07 -.12404102881420E+02
  45 0.60955816881269E-03 0.46779073236564E-07 -.12404463136407E+02
  46 0.62461425558236E-03 0.49118499268545E-07 -.12404841404204E+02
  47 0.64004222769525E-03 0.51574920226753E-07 -.12405238585564E+02
  48 0.65585127071932E-03 0.54154187039106E-07 -.12405655626065E+02
  49 0.67205079710609E-03 0.56862443239025E-07 -.12406093518610E+02
  50 0.68865045179461E-03 0.59706139598667E-07 -.12406553305784E+02
  51 0.70566011795394E-03 0.62692049493965E-07 -.12407036082265E+02
  52 0.72308992286740E-03 0.65827285038078E-07 -.12407542997155E+02
  53 0.74095024396222E-03 0.69119314021678E-07 -.12408075257347E+02
  54 0.75925171498809E-03 0.72575977700420E-07 -.12408634129875E+02
  55 0.77800523234829E-03 0.76205509471969E-07 -.12409220945180E+02
  56 0.79722196158730E-03 0.80016554487060E-07 -.12409837100229E+02
  57 0.81691334403850E-03 0.84018190241321E-07 -.12410484061583E+02
  58 0.83709110363625E-03 0.88219948196885E-07 -.12411163368985E+02
  59 0.85776725389607E-03 0.92631836485307E-07 -.12411876639799E+02
  60 0.87895410506730E-03 0.97264363745858E-07 -.12412625571147E+02
  61 0.90066427146247E-03 0.10212856415597E-06 -.12413411945893E+02
  62 0.92291067896759E-03 0.10723602371345E-06 -.12414237635353E+02
  63 0.94570657273809E-03 0.11259890783312E-06 -.12415104604551E+02
  64 0.96906552508472E-03 0.11822999032346E-06 -.12416014916566E+02
  65 0.99300144355431E-03 0.12414268381253E-06 -.12416970737647E+02
  66 0.10175285792101E-02 0.13035107169534E-06 -.12417974342075E+02
  67 0.10426615351166E-02 0.13686994167902E-06 -.12419028117763E+02
  68 0.10684152750340E-02 0.14371482100555E-06 -.12420134571739E+02
  69 0.10948051323273E-02 0.15090201343600E-06 -.12421296336411E+02
  70 0.11218468190958E-02 0.15844863808432E-06 -.12422516175448E+02
  71 0.11495564355275E-02 0.16637267019325E-06 -.12423796990525E+02
  72 0.11779504794850E-02 0.17469298394944E-06 -.12425141827966E+02
  73 0.12070458563283E-02 0.18342939743972E-06 -.12426553886366E+02
  74 0.12368598889796E-02 0.19260271985571E-06 -.12428036523792E+02
  75 0.12674103282374E-02 0.20223480105906E-06 -.12429593265800E+02
  76 0.12987153633448E-02 0.21234858362552E-06 -.12431227813924E+02
  77 0.13307936328195E-02 0.22296815749172E-06 -.12432944054124E+02
  78 0.13636642355501E-02 0.23411881733480E-06 -.12434746066377E+02
  79 0.13973467421682E-02 0.24582712282173E-06 -.12436638133812E+02
  80 0.14318612066997E-02 0.25812096187154E-06 -.12438624753262E+02
  81 0.14672281785052E-02 0.27102961708144E-06 -.12440710645477E+02
  82 0.15034687145143E-02 0.28458383547488E-06 -.12442900766592E+02
  83 0.15406043917628E-02 0.29881590173770E-06 -.12445200319435E+02
  84 0.15786573202393E-02 0.31375971511685E-06 -.12447614766093E+02
  85 0.16176501560493E-02 0.32945087016486E-06 -.12450149840421E+02
  86 0.16576061149037E-02 0.34592674152232E-06 -.12452811561767E+02
  87 0.16985489859418E-02 0.36322657294034E-06 -.12455606248835E+02
  88 0.17405031458946E-02 0.38139157075510E-06 -.12458540534624E+02
  89 0.17834935735981E-02 0.40046500203702E-06 -.12461621381931E+02
  90 0.18275458648660E-02 0.42049229764844E-06 -.12464856099506E+02
  91 0.18726862477282E-02 0.44152116045520E-06 -.12468252359156E+02
  92 0.19189415980471E-02 0.46360167894995E-06 -.12471818213508E+02
  93 0.19663394555189E-02 0.48678644655775E-06 -.12475562114829E+02
  94 0.20149080400702E-02 0.51113068690817E-06 -.12479492934457E+02
  95 0.20646762686599E-02 0.53669238537236E-06 -.12483619983441E+02
  96 0.21156737724958E-02 0.56353242717821E-06 -.12487953033931E+02
  97 0.21679309146765E-02 0.59171474243278E-06 -.12492502341625E+02
  98 0.22214788082690E-02 0.62130645839730E-06 -.12497278669424E+02
  99 0.22763493348332E-02 0.65237805937748E-06 -.12502293311852E+02
 100 0.23325751634036E-02 0.68500355461004E-06 -.12507558120882E+02
 101 0.23901897699397E-02 0.71926065454522E-06 -.12513085532819E+02
 102 0.24492274572572E-02 0.75523095594533E-06 -.12518888596326E+02
 103 0.25097233754514E-02 0.79300013624005E-06 -.12524981001794E+02
 104 0.25717135428251E-02 0.83265815760157E-06 -.12531377111960E+02
 105 0.26352348673328E-02 0.87429948122558E-06 -.12538091993808E+02
 106 0.27003251685560E-02 0.91802329232855E-06 -.12545141451806E+02
 107 0.27670232002193E-02 0.96393373639721E-06 -.12552542062625E+02
 108 0.28353686732647E-02 0.10121401672529E-05 -.12560311211109E+02
 109 0.29054022794944E-02 0.10627574075220E-05 -.12568467127774E+02
 110 0.29771657157979E-02 0.11159060221320E-05 -.12577028927698E+02
 111 0.30507017089781E-02 0.11717126054860E-05 -.12586016650799E+02
 112 0.31260540411898E-02 0.12303100829984E-05 -.12595451303623E+02
 113 0.32032675760072E-02 0.12918380277106E-05 -.12605354902399E+02
 114 0.32823882851346E-02 0.13564429927414E-05 -.12615750517589E+02
 115 0.33634632757774E-02 0.14242788603623E-05 -.12626662319578E+02
 116 0.34465408186891E-02 0.14955072085314E-05 -.12638115625693E+02
 117 0.35316703769107E-02 0.15702976957571E-05 -.12650136948202E+02
 118 0.36189026352204E-02 0.16488284652097E-05 -.12662754043297E+02
 119 0.37082895303104E-02 0.17312865690423E-05 -.12675995960799E+02
 120 0.37998842817090E-02 0.18178684139323E-05 -.12689893094336E+02
 121 0.38937414234673E-02 0.19087802289055E-05 -.12704477231725E+02
 122 0.39899168366269E-02 0.20042385565554E-05 -.12719781605123E+02
 123 0.40884677824916E-02 0.21044707688296E-05 -.12735840940577E+02
 124 0.41894529367191E-02 0.22097156086104E-05 -.12752691506323E+02
 125 0.42929324242561E-02 0.23202237583810E-05 -.12770371159226E+02
 126 0.43989678551352E-02 0.24362584373302E-05 -.12788919388551E+02
 127 0.45076223611571E-02 0.25580960283202E-05 -.12808377356072E+02
 128 0.46189606334776E-02 0.26860267362083E-05 -.12828787931447E+02
 129 0.47330489611245E-02 0.28203552790930E-05 -.12850195721445E+02
 130 0.48499552704643E-02 0.29614016141290E-05 -.12872647091484E+02
 131 0.49697491656448E-02 0.31095016996421E-05 -.12896190177588E+02
 132 0.50925019700362E-02 0.32650082953575E-05 -.12920874886647E+02
 133 0.52182867686961E-02 0.34282918026488E-05 -.12946752882339E+02
 134 0.53471784518829E-02 0.35997411468087E-05 -.12973877553871E+02
 135 0.54792537596444E-02 0.37797647034435E-05 -.13002303964112E+02
 136 0.56145913275076E-02 0.39687912711976E-05 -.13032088773176E+02
 137 0.57532717332971E-02 0.41672710931253E-05 -.13063290133055E+02
 138 0.58953775451095E-02 0.43756769291431E-05 -.13095967548219E+02
 139 0.60409933704737E-02 0.45945051821169E-05 -.13130181696427E+02
 140 0.61902059067244E-02 0.48242770802665E-05 -.13165994203373E+02
 141 0.63431039926205E-02 0.50655399187047E-05 -.13203467364026E+02
 142 0.64997786612382E-02 0.53188683630670E-05 -.13242663802765E+02
 143 0.66603231941708E-02 0.55848658183393E-05 -.13283646063747E+02
 144 0.68248331770668E-02 0.58641658661426E-05 -.13326476122144E+02
 145 0.69934065565404E-02 0.61574337738997E-05 -.13371214806370E+02
 146 0.71661436984869E-02 0.64653680794782E-05 -.13417921120730E+02
 147 0.73431474478395E-02 0.67887022550853E-05 -.13466651457558E+02
 148 0.75245231898012E-02 0.71282064543778E-05 -.13517458687563E+02
 149 0.77103789125893E-02 0.74846893469492E-05 -.13570391116933E+02
 150 0.79008252717302E-02 0.78590000445648E-05 -.13625491299700E+02
 151 0.80959756559420E-02 0.82520301237321E-05 -.13682794693962E+02
 152 0.82959462546437E-02 0.86647157494266E-05 -.13742328150687E+02
 153 0.85008561271334E-02 0.90980399050308E-05 -.13804108223910E+02
 154 0.87108272734736E-02 0.95530347337998E-05 -.13868139291246E+02
 155 0.89259847071284E-02 0.10030783997431E-04 -.13934411473421E+02
 156 0.91464565293945E-02 0.10532425657595E-04 -.14002898341306E+02
 157 0.93723740056705E-02 0.11059154586579E-04 -.14073554398473E+02
 158 0.96038716436106E-02 0.11612225413500E-04 -.14146312327060E+02
 159 0.98410872732078E-02 0.12192955512863E-04 -.14221079984928E+02
 160 0.10084162128856E-01 0.12802728142603E-04 -.14297737143536E+02
 161 0.10333240933439E-01 0.13442995739053E-04 -.14376131959294E+02
 162 0.10588471984495E-01 0.14115283376732E-04 -.14456077177540E+02
 163 0.10850007242512E-01 0.14821192401152E-04 -.14537346078540E+02
 164 0.11118002421402E-01 0.15562404243338E-04 -.14619668190096E+02
 165 0.11392617081210E-01 0.16340684425119E-04 -.14702724811900E+02
 166 0.11674014723116E-01 0.17157886764749E-04 -.14786144423044E+02
 167 0.11962362886777E-01 0.18015957792885E-04 -.14869498075677E+02
 168 0.12257833250081E-01 0.18916941389416E-04 -.14952294914015E+02
 169 0.12560601731358E-01 0.19862983652232E-04 -.15033977997565E+02
 170 0.12870848594122E-01 0.20856338009490E-04 -.15113920649085E+02
 171 0.13188758554397E-01 0.21899370587599E-04 -.15191423589728E+02
 172 0.13514520890691E-01 0.22994565847686E-04 -.15265713164108E+02
 173 0.13848329556691E-01 0.24144532503990E-04 -.15335940994245E+02
 174 0.14190383296741E-01 0.25352009738281E-04 -.15401185430727E+02
 175 0.14540885764170E-01 0.26619873725115E-04 -.15460455188192E+02
 176 0.14900045642545E-01 0.27951144483478E-04 -.15512695555978E+02
 177 0.15268076769916E-01 0.29348993071141E-04 -.15556797557980E+02
 178 0.15645198266133E-01 0.30816749138877E-04 -.15591610392390E+02
 179 0.16031634663307E-01 0.32357908862543E-04 -.15615957405698E+02
 180 0.16427616039490E-01 0.33976143271930E-04 -.15628655740445E+02
 181 0.16833378155666E-01 0.35675306996234E-04 -.15628539638370E+02
 182 0.17249162596111E-01 0.37459447446993E-04 -.15614487178431E+02
 183 0.17675216912235E-01 0.39332814460376E-04 -.15585449985282E+02
 184 0.18111794769967E-01 0.41299870421812E-04 -.15540485166113E+02
 185 0.18559156100785E-01 0.43365300897088E-04 -.15478788436910E+02
 186 0.19017567256474E-01 0.45534025795262E-04 -.15399727104484E+02
 187 0.19487301167709E-01 0.47811211090010E-04 -.15302871306154E+02
 188 0.19968637506552E-01 0.50202281127334E-04 -.15188021707991E+02
 189 0.20461862852964E-01 0.52712931548992E-04 -.15055231760351E+02
 190 0.20967270865432E-01 0.55349142862454E-04 -.14904822639821E+02
 191 0.21485162455808E-01 0.58117194689736E-04 -.14737389195852E+02
 192 0.22015845968466E-01 0.61023680729107E-04 -.14553795582136E+02
 193 0.22559637363887E-01 0.64075524465320E-04 -.14355159782600E+02
 194 0.23116860406776E-01 0.67279995665857E-04 -.14142826913999E+02
 195 0.23687846858823E-01 0.70644727702519E-04 -.13918331953286E+02
 196 0.24272936676236E-01 0.74177735739670E-04 -.13683353330656E+02
 197 0.24872478212139E-01 0.77887435832535E-04 -.13439659568183E+02
 198 0.25486828423979E-01 0.81782664981085E-04 -.13189051746404E+02
 199 0.26116353086051E-01 0.85872702187375E-04 -.12933304973450E+02
 200 0.26761427007276E-01 0.90167290566549E-04 -.12674112160879E+02
 201 0.27422434254356E-01 0.94676660564295E-04 -.12413033254881E+02
 202 0.28099768380439E-01 0.99411554336115E-04 -.12151452644011E+02
 203 0.28793832659436E-01 0.10438325134663E-03 -.11890546811715E+02
 204 0.29505040326124E-01 0.10960359524996E-03 -.11631263498083E+02
 205 0.30233814822179E-01 0.11508502211543E-03 -.11374312770619E+02
 206 0.30980590048287E-01 0.12084059006585E-03 -.11120169571214E+02
 207 0.31745810622479E-01 0.12688401039926E-03 -.10869086587977E+02
 208 0.32529932144855E-01 0.13322968026832E-03 -.10621115756801E+02
 209 0.33333421468832E-01 0.13989271699552E-03 -.10376136361878E+02
 210 0.34156756979113E-01 0.14688899410602E-03 -.10133887581560E+02
 211 0.35000428876497E-01 0.15423517916425E-03 -.98940033956816E+01
 212 0.35864939469746E-01 0.16194877350475E-03 -.96560479938805E+01
 213 0.36750803474649E-01 0.17004815395192E-03 -.94195501525785E+01
 214 0.37658548320473E-01 0.17855261662870E-03 -.91840354298435E+01
 215 0.38588714463988E-01 0.18748242295860E-03 -.89490554157576E+01
 216 0.39541855711249E-01 0.19685884797119E-03 -.87142136335254E+01
 217 0.40518539547317E-01 0.20670423102653E-03 -.84791879870955E+01
 218 0.41519347474135E-01 0.21704202907972E-03 -.82437498796624E+01
 219 0.42544875356747E-01 0.22789687261318E-03 -.80077802792722E+01
 220 0.43595733778058E-01 0.23929462437017E-03 -.77712830859166E+01
 221 0.44672548402376E-01 0.25126244103037E-03 -.75343961673343E+01
 222 0.45775960347915E-01 0.26382883797489E-03 -.72974003896052E+01
 223 0.46906626568508E-01 0.27702375729591E-03 -.70607268859821E+01
 224 0.48065220244751E-01 0.29087863921370E-03 -.68249626955437E+01
 225 0.49252431184796E-01 0.30542649707205E-03 -.65908547735843E+01
 226 0.50468966235060E-01 0.32070199609187E-03 -.63593122384817E+01
 227 0.51715549701066E-01 0.33674153607158E-03 -.61314065845195E+01
 228 0.52992923778683E-01 0.35358333823260E-03 -.59083694656311E+01
 229 0.54301848996016E-01 0.37126753641809E-03 -.56915875500550E+01
 230 0.55643104666218E-01 0.38983627286382E-03 -.54825938695074E+01
 231 0.57017489351473E-01 0.40933379877084E-03 -.52830550482316E+01
 232 0.58425821338455E-01 0.42980657992143E-03 -.50947538070734E+01
 233 0.59868939125515E-01 0.45130340759195E-03 -.49195662053005E+01
 234 0.61347701921915E-01 0.47387551502892E-03 -.47594332168840E+01
 235 0.62862990159386E-01 0.49757669976840E-03 -.46163264445472E+01
 236 0.64415706016323E-01 0.52246345209263E-03 -.44922080559822E+01
 237 0.66006773954926E-01 0.54859508993300E-03 -.43889853779757E+01
 238 0.67637141271613E-01 0.57603390054394E-03 -.43084609934850E+01
 239 0.69307778661022E-01 0.60484528928891E-03 -.42522796322341E+01
 240 0.71019680793949E-01 0.63509793589686E-03 -.42218735955668E+01
 241 0.72773866909559E-01 0.66686395856588E-03 -.42184088705344E+01
 242 0.74571381422225E-01 0.70021908630974E-03 -.42427344196233E+01
 243 0.76413294543354E-01 0.73524283996333E-03 -.42953373324539E+01
 244 0.78300702918575E-01 0.77201872228405E-03 -.43763065497919E+01
 245 0.80234730280664E-01 0.81063441760858E-03 -.44853076852820E+01
 246 0.82216528118597E-01 0.85118200154774E-03 -.46215710617453E+01
 247 0.84247276363126E-01 0.89375816122708E-03 -.47838944558266E+01
 248 0.86328184089295E-01 0.93846442660646E-03 -.49706612429207E+01
 249 0.88460490236301E-01 0.98540741343926E-03 -.51798737146321E+01
 250 0.90645464345137E-01 0.10346990784609E-02 -.54092003843054E+01
 251 0.92884407314462E-01 0.10864569874259E-02 -.56560351935373E+01
 252 0.95178652175129E-01 0.11408045966453E-02 -.59175657736091E+01
 253 0.97529564883855E-01 0.11978715487091E-02 -.61908473760018E+01
 254 0.99938545136486E-01 0.12577939831139E-02 -.64728788164309E+01
 255 0.10240702720136E+00 0.13207148625532E-02 -.67606767964416E+01
 256 0.10493648077323E+00 0.13867843156664E-02 -.70513452614235E+01
 257 0.10752841184833E+00 0.14561599970843E-02 -.73421369798685E+01
 258 0.11018436362098E+00 0.15290074656519E-02 -.76305052195393E+01
 259 0.11290591740242E+00 0.16055005817545E-02 -.79141441740456E+01
 260 0.11569469356226E+00 0.16858219247223E-02 -.81910175796763E+01
 261 0.11855235249325E+00 0.17701632313390E-02 -.84593756880235E+01
 262 0.12148059559983E+00 0.18587258565314E-02 -.87177613721121E+01
 263 0.12448116631115E+00 0.19517212573774E-02 -.89650066095080E+01
 264 0.12755585111903E+00 0.20493715016250E-02 -.92002208925129E+01
 265 0.13070648064167E+00 0.21519098019787E-02 -.94227732680664E+01
 266 0.13393493071352E+00 0.22595810774786E-02 -.96322697267625E+01
 267 0.13724312350215E+00 0.23726425433609E-02 -.98285275683152E+01
 268 0.14063302865265E+00 0.24913643308692E-02 -.10011548200316E+02
 269 0.14410666446037E+00 0.26160301385562E-02 -.10181489608246E+02
 270 0.14766609907254E+00 0.27469379167031E-02 -.10338639494133E+02
 271 0.15131345171963E+00 0.28844005865663E-02 -.10483389840649E+02
 272 0.15505089397711E+00 0.30287467962525E-02 -.10616213432735E+02
 273 0.15888065105834E+00 0.31803217151215E-02 -.10737642670486E+02
 274 0.16280500313948E+00 0.33394878687132E-02 -.10848250840450E+02
 275 0.16682628671703E+00 0.35066260163072E-02 -.10948635879462E+02
 276 0.17094689599894E+00 0.36821360733304E-02 -.11039406564288E+02
 277 0.17516928433011E+00 0.38664380809527E-02 -.11121170988755E+02
 278 0.17949596565307E+00 0.40599732253326E-02 -.11194527143448E+02
 279 0.18392951600470E+00 0.42632049091090E-02 -.11260055387104E+02
 280 0.18847257505001E+00 0.44766198778758E-02 -.11318312588930E+02
 281 0.19312784765375E+00 0.47007294045220E-02 -.11369827723360E+02
 282 0.19789810549080E+00 0.49360705344782E-02 -.11415098709491E+02
 283 0.20278618869642E+00 0.51832073950746E-02 -.11454590303908E+02
 284 0.20779500755722E+00 0.54427325723871E-02 -.11488732875226E+02
 285 0.21292754424389E+00 0.57152685591353E-02 -.11517921909847E+02
 286 0.21818685458671E+00 0.60014692773845E-02 -.11542518119605E+02
 287 0.22357606989500E+00 0.63020216800120E-02 -.11562848042333E+02
 288 0.22909839882141E+00 0.66176474351079E-02 -.11579205045102E+02
 289 0.23475712927230E+00 0.69491046977081E-02 -.11591850656624E+02
 290 0.24055563036532E+00 0.72971899734934E-02 -.11601016169739E+02
 291 0.24649735443535E+00 0.76627400793355E-02 -.11606904466822E+02
 292 0.25258583908990E+00 0.80466342058319E-02 -.11609692030448E+02
 293 0.25882470931542E+00 0.84497960872431E-02 -.11609531108503E+02
 294 0.26521767963551E+00 0.88731962845284E-02 -.11606552007475E+02
 295 0.27176855632251E+00 0.93178545874726E-02 -.11600865489798E+02
 296 0.27848123966367E+00 0.97848425421997E-02 -.11592565251231E+02
 297 0.28535972628337E+00 0.10275286110689E-01 -.11581730452478E+02
 298 0.29240811152256E+00 0.10790368469229E-01 -.11568428276025E+02
 299 0.29963059187717E+00 0.11331332953081E-01 -.11552716474881E+02
 300 0.30703146749654E+00 0.11899486154956E-01 -.11534645875066E+02
 301 0.31461514474370E+00 0.12496201185251E-01 -.11514262788893E+02
 302 0.32238613881887E+00 0.13122921102323E-01 -.11491611291945E+02
 303 0.33034907644770E+00 0.13781162521406E-01 -.11466735313798E+02
 304 0.33850869863596E+00 0.14472519411099E-01 -.11439680491619E+02
 305 0.34686986349226E+00 0.15198667086630E-01 -.11410495737219E+02
 306 0.35543754912052E+00 0.15961366409372E-01 -.11379234472492E+02
 307 0.36421685658380E+00 0.16762468202307E-01 -.11345955495505E+02
 308 0.37321301294142E+00 0.17603917891258E-01 -.11310723449864E+02
 309 0.38243137436107E+00 0.18487760381831E-01 -.11273608883171E+02
 310 0.39187742930779E+00 0.19416145181931E-01 -.11234687895771E+02
 311 0.40155680181169E+00 0.20391331779594E-01 -.11194041398043E+02
 312 0.41147525481644E+00 0.21415695285518E-01 -.11151754012185E+02
 313 0.42163869361041E+00 0.22491732349175E-01 -.11107912672050E+02
 314 0.43205316934259E+00 0.23622067356562E-01 -.11062604990988E+02
 315 0.44272488262535E+00 0.24809458916544E-01 -.11015917482372E+02
 316 0.45366018722619E+00 0.26056806641245E-01 -.10967933729770E+02
 317 0.46486559385068E+00 0.27367158223943E-01 -.10918732613763E+02
 318 0.47634777401879E+00 0.28743716815343E-01 -.10868386710342E+02
 319 0.48811356403706E+00 0.30189848695849E-01 -.10816960983046E+02
 320 0.50016996906877E+00 0.31709091237258E-01 -.10764511899446E+02
 321 0.51252416730477E+00 0.33305161142188E-01 -.10711087116159E+02
 322 0.52518351423720E+00 0.34981962943072E-01 -.10656725902295E+02
 323 0.53815554703886E+00 0.36743597734684E-01 -.10601460522999E+02
 324 0.55144798905072E+00 0.38594372104505E-01 -.10545318913695E+02
 325 0.56506875438027E+00 0.40538807213417E-01 -.10488329218241E+02
 326 0.57902595261346E+00 0.42581647965037E-01 -.10430527347487E+02
 327 0.59332789364301E+00 0.44727872184755E-01 -.10371970232182E+02
 328 0.60798309261600E+00 0.46982699708985E-01 -.10312761575237E+02
 329 0.62300027500361E+00 0.49351601260466E-01 -.10253107385527E+02
 330 0.63838838179620E+00 0.51840306956170E-01 -.10193434025201E+02
 331 0.65415657482657E+00 0.54454814259651E-01 -.10134550077110E+02
 332 0.67031424222478E+00 0.57201395148743E-01 -.10077482050543E+02
 333 0.68687100400774E+00 0.60086602221435E-01 -.10022491278655E+02
 334 0.70383671780673E+00 0.63117273406668E-01 -.99685224142703E+01
 335 0.72122148473655E+00 0.66300534881541E-01 -.99141978542267E+01
 336 0.73903565540955E+00 0.69643801721151E-01 -.98586061632244E+01
 337 0.75728983609816E+00 0.73154775720831E-01 -.98012646917254E+01
 338 0.77599489504979E+00 0.76841439732130E-01 -.97419228454864E+01
 339 0.79516196895752E+00 0.80712047742673E-01 -.96804505049538E+01
 340 0.81480246959077E+00 0.84775109805620E-01 -.96167880089077E+01
 341 0.83492809058966E+00 0.89039370786880E-01 -.95509226437230E+01
 342 0.85555081442722E+00 0.93513781748167E-01 -.94828758663376E+01
 343 0.87668291954358E+00 0.98207462623089E-01 -.94126951046556E+01
 344 0.89833698765630E+00 0.10312965467468E+00 -.93404476369959E+01
 345 0.92052591125141E+00 0.10828966105078E+00 -.92662154603347E+01
 346 0.94326290125932E+00 0.11369677358527E+00 -.91900906567243E+01
 347 0.96656149492043E+00 0.11936018383835E+00 -.91121710544222E+01
 348 0.99043556384496E+00 0.12528887624075E+00 -.90325561300480E+01
 349 0.10148993222719E+01 0.13149150112283E+00 -.89513431776748E+01
 350 0.10399673355320E+01 0.13797622539292E+00 -.88686238095939E+01
 351 0.10656545287197E+01 0.14475055870784E+00 -.87844808672154E+01
 352 0.10919761955791E+01 0.15182115318842E+00 -.86989858190596E+01
 353 0.11189480076099E+01 0.15919357511532E+00 -.86121967119439E+01
 354 0.11465860233978E+01 0.16687204764464E+00 -.85241567218828E+01
 355 0.11749066981758E+01 0.17485916446307E+00 -.84348933158921E+01
 356 0.12039268936207E+01 0.18315557551650E+00 -.83444179687897E+01
 357 0.12336638878931E+01 0.19175964755276E+00 -.82527262578867E+01
 358 0.12641353859241E+01 0.20066710426789E+00 -.81597979652654E+01
 359 0.12953595299564E+01 0.20987065337563E+00 -.80655965606973E+01
 360 0.13273549103463E+01 0.21935961093698E+00 -.79700671851002E+01
 361 0.13601405766319E+01 0.22911953676007E+00 -.78731321599893E+01
 362 0.13937360488747E+01 0.23913189851194E+00 -.77746833558158E+01
 363 0.14281613292819E+01 0.24937378619236E+00 -.76745717204488E+01
 364 0.14634369141152E+01 0.25981770251674E+00 -.75725959964740E+01
 365 0.14995838058938E+01 0.27043145811866E+00 -.74684948227119E+01
 366 0.15366235258994E+01 0.28117820274635E+00 -.73619480889874E+01
 367 0.15745781269891E+01 0.29201662407217E+00 -.72525931879231E+01
 368 0.16134702067257E+01 0.30290134350743E+00 -.71400585304269E+01
 369 0.16533229208319E+01 0.31378353257543E+00 -.70240106402553E+01
 370 0.16941599969764E+01 0.32461176300174E+00 -.69042048050063E+01
 371 0.17360057489017E+01 0.33533308792441E+00 -.67805265276753E+01
 372 0.17788850908996E+01 0.34589433002849E+00 -.66530146181246E+01
 373 0.18228235526448E+01 0.35624352507290E+00 -.65218656886956E+01
 374 0.18678472943951E+01 0.36633143721618E+00 -.63874292473366E+01
 375 0.19139831225667E+01 0.37611302809115E+00 -.62502066108154E+01
 376 0.19612585056941E+01 0.38554872889757E+00 -.61108620346749E+01
 377 0.20097015907847E+01 0.39460534060965E+00 -.59702420526169E+01
 378 0.20593412200771E+01 0.40325638209148E+00 -.58293875305393E+01
 379 0.21102069482130E+01 0.41148173513188E+00 -.56894942644947E+01
 380 0.21623290598339E+01 0.41926652273723E+00 -.55517677327851E+01
 381 0.22157385876118E+01 0.42659933805727E+00 -.54172079115479E+01
 382 0.22704673307258E+01 0.43347026963538E+00 -.52862781937386E+01
 383 0.23265478737947E+01 0.43986961426253E+00 -.51586754695909E+01
 384 0.23840136062775E+01 0.44578799152450E+00 -.50341854161372E+01
 385 0.24428987423525E+01 0.45121696578512E+00 -.49127251493679E+01
 386 0.25032383412886E+01 0.45614897774769E+00 -.47942153954247E+01
 387 0.25650683283185E+01 0.46057733674807E+00 -.46785801366827E+01
 388 0.26284255160279E+01 0.46449626296771E+00 -.45657462824072E+01
 389 0.26933476262738E+01 0.46790089620862E+00 -.44556433736225E+01
 390 0.27598733126428E+01 0.47078730547921E+00 -.43482033269039E+01
 391 0.28280421834650E+01 0.47315249362860E+00 -.42433602177016E+01
 392 0.28978948253966E+01 0.47499439738362E+00 -.41410501008132E+01
 393 0.29694728275839E+01 0.47631188284034E+00 -.40412108637702E+01
 394 0.30428188064253E+01 0.47710473653596E+00 -.39437821080252E+01
 395 0.31179764309440E+01 0.47737365236043E+00 -.38487050526927E+01
 396 0.31949904487883E+01 0.47712021471987E+00 -.37559224559544E+01
 397 0.32739067128733E+01 0.47634687855058E+00 -.36653785498749E+01
 398 0.33547722086813E+01 0.47505694700710E+00 -.35770189851308E+01
 399 0.34376350822357E+01 0.47325454791339E+00 -.34907907829004E+01
 400 0.35225446687670E+01 0.47094461036932E+00 -.34066422918492E+01
 401 0.36095515220855E+01 0.46813284323780E+00 -.33245231487178E+01
 402 0.36987074446810E+01 0.46482571758582E+00 -.32443842414831E+01
 403 0.37900655185646E+01 0.46103045549764E+00 -.31661776744139E+01
 404 0.38836801368732E+01 0.45675502798285E+00 -.30898567345983E+01
 405 0.39796070362540E+01 0.45200816492614E+00 -.30153758596943E+01
 406 0.40779033300494E+01 0.44679938011000E+00 -.29426906067717E+01
 407 0.41786275423017E+01 0.44113901421348E+00 -.28717576221783E+01
 408 0.42818396425965E+01 0.43503829826050E+00 -.28025346124032E+01
 409 0.43876010817686E+01 0.42850943915763E+00 -.27349803159202E+01
 410 0.44959748284883E+01 0.42156572761487E+00 -.26690544760001E+01
 411 0.46070254067520E+01 0.41422166678172E+00 -.26047178144725E+01
 412 0.47208189342988E+01 0.40649311728664E+00 -.25419320064094E+01
 413 0.48374231619759E+01 0.39839745104264E+00 -.24806596556974E+01
 414 0.49569075140767E+01 0.38995370230392E+00 -.24208642714551E+01
 415 0.50793431296744E+01 0.38118270034682E+00 -.23625102452509E+01
 416 0.52048029049774E+01 0.37210716437859E+00 -.23055628290724E+01
 417 0.53333615367303E+01 0.36275173871521E+00 -.22499881139980E+01
 418 0.54650955666876E+01 0.35314294603767E+00 -.21957530095272E+01
 419 0.56000834271848E+01 0.34330903582369E+00 -.21428252235233E+01
 420 0.57384054878362E+01 0.33327973933374E+00 -.20911732427308E+01
 421 0.58801441033858E+01 0.32308588487444E+00 -.20407663138329E+01
 422 0.60253836627394E+01 0.31275894051928E+00 -.19915744250172E+01
 423 0.61742106392091E+01 0.30233049556708E+00 -.19435682880246E+01
 424 0.63267136419975E+01 0.29183173601325E+00 -.18967193206568E+01
 425 0.64829834689549E+01 0.28129297131485E+00 -.18509996297252E+01
 426 0.66431131606381E+01 0.27074326478705E+00 -.18063819944228E+01
 427 0.68071980557058E+01 0.26021020224583E+00 -.17628398501044E+01
 428 0.69753358476817E+01 0.24971980622761E+00 -.17203472724639E+01
 429 0.71476266431195E+01 0.23929657354480E+00 -.16788789620947E+01
 430 0.73241730212045E+01 0.22896359121553E+00 -.16384102294251E+01
 431 0.75050800948283E+01 0.21874267726032E+00 -.15989169800173E+01
 432 0.76904555731705E+01 0.20865450047212E+00 -.15603757002211E+01
 433 0.78804098258279E+01 0.19871865242608E+00 -.15227634431743E+01
 434 0.80750559485258E+01 0.18895366675885E+00 -.14860578151402E+01
 435 0.82745098304544E+01 0.17937699663072E+00 -.14502369621744E+01
 436 0.84788902232666E+01 0.17000496750713E+00 -.14152795571137E+01
 437 0.86883188117813E+01 0.16085272068446E+00 -.13811647868778E+01
 438 0.89029202864323E+01 0.15193415784656E+00 -.13478723400778E+01
 439 0.91228224175072E+01 0.14326189215355E+00 -.13153823949232E+01
 440 0.93481561312196E+01 0.13484720839440E+00 -.12836756074200E+01
 441 0.95790555876607E+01 0.12670003331303E+00 -.12527330998536E+01
 442 0.98156582606759E+01 0.11882891660468E+00 -.12225364495497E+01
 443 0.10058105019715E+02 0.11124102276323E+00 -.11930676779054E+01
 444 0.10306540213702E+02 0.10394213372933E+00 -.11643092396852E+01
 445 0.10561111756980E+02 0.96936662087502E-01 -.11362440125746E+01
 446 0.10821971217377E+02 0.90227674381571E-01 -.11088552869861E+01
 447 0.11089273906447E+02 0.83816923963598E-01 -.10821267561101E+01
 448 0.11363178971936E+02 0.77704892665149E-01 -.10560425062068E+01
 449 0.11643849492543E+02 0.71890840481604E-01 -.10305870071307E+01
 450 0.11931452575008E+02 0.66372862390244E-01 -.10057451030845E+01
 451 0.12226159453611E+02 0.61147951379157E-01 -.98150200359571E+00
 452 0.12528145592115E+02 0.56212066745547E-01 -.95784327471036E+00
 453 0.12837590788241E+02 0.51560206732886E-01 -.93475483039949E+00
 454 0.13154679280710E+02 0.47186484426151E-01 -.91222292417243E+00
 455 0.13479599858944E+02 0.43084207261303E-01 -.89023414089239E+00
 456 0.13812545975460E+02 0.39245953722643E-01 -.86877538878930E+00
 457 0.14153715861054E+02 0.35663662329167E-01 -.84783389166517E+00
 458 0.14503312642822E+02 0.32328707857315E-01 -.82739718128737E+00
 459 0.14861544465099E+02 0.29231978492522E-01 -.80745308996523E+00
 460 0.15228624613387E+02 0.26363958073141E-01 -.78798974330558E+00
 461 0.15604771641338E+02 0.23714804987805E-01 -.76899555314295E+00
 462 0.15990209500879E+02 0.21274427748903E-01 -.75045921064014E+00
 463 0.16385167675551E+02 0.19032557878970E-01 -.73236967955513E+00
 464 0.16789881317137E+02 0.16978819689292E-01 -.71471618967027E+00
 465 0.17204591385670E+02 0.15102796571391E-01 -.69748823037989E+00
 466 0.17629544792896E+02 0.13394093459484E-01 -.68067554443241E+00
 467 0.18064994549281E+02 0.11842395155671E-01 -.66426812182337E+00
 468 0.18511199914648E+02 0.10437520240166E-01 -.64825619383563E+00
 469 0.18968426552540E+02 0.91694703096111E-02 -.63263022722322E+00
 470 0.19436946688387E+02 0.80284743535264E-02 -.61738091853539E+00
 471 0.19917039271590E+02 0.70050278892989E-02 -.60249918857753E+00
 472 0.20408990141599E+02 0.60899269647460E-02 -.58797617700549E+00
 473 0.20913092198096E+02 0.52743065639949E-02 -.57380323705035E+00
 474 0.21429645575389E+02 0.45495536416225E-02 -.55997193037020E+00
 475 0.21958957821101E+02 0.39080520709792E-02 -.54647402202616E+00
 476 0.22501344079282E+02 0.33405659442359E-02 -.53330147557932E+00
 477 0.23057127278041E+02 0.28420119666476E-02 -.52044644830619E+00
 478 0.23626638321808E+02 0.24080271685273E-02 -.50790128652892E+00
 479 0.24210216288357E+02 0.20322751376960E-02 -.49565852105877E+00
 480 0.24808208630679E+02 0.17082276725260E-02 -.48371086274887E+00
 481 0.25420971383857E+02 0.14299026878299E-02 -.47205119815446E+00
 482 0.26048869377039E+02 0.11918427566920E-02 -.46067258529761E+00
 483 0.26692276450651E+02 0.98909121946041E-03 -.44956824953411E+00
 484 0.27351575678982E+02 0.81716668919189E-03 -.43873157951997E+00
 485 0.28027159598253E+02 0.67203630566452E-03 -.42815612327508E+00
 486 0.28719430440330E+02 0.55008808906659E-03 -.41783558434183E+00
 487 0.29428800372206E+02 0.44810273739485E-03 -.40776381803634E+00
 488 0.30155691741400E+02 0.36322519880867E-03 -.39793482778993E+00
 489 0.30900537327412E+02 0.29293633217153E-03 -.38834276157893E+00
 490 0.31663780599399E+02 0.23502494637325E-03 -.37898190844045E+00
 491 0.32445875980205E+02 0.18756048246963E-03 -.36984669507216E+00
 492 0.33247289116916E+02 0.14886657298284E-03 -.36093168251407E+00
 493 0.34068497158104E+02 0.11749568070819E-03 -.35223156291019E+00
 494 0.34909989037909E+02 0.92204985928081E-04 -.34374115634838E+00
 495 0.35772265767145E+02 0.71933656896701E-04 -.33545540777631E+00
 496 0.36655840731593E+02 0.55781604653586E-04 -.32736938399171E+00
 497 0.37561239997664E+02 0.42989790421689E-04 -.31947827070529E+00
 498 0.38489002625606E+02 0.32922122740006E-04 -.31177736967433E+00
 499 0.39439680990459E+02 0.25048952671721E-04 -.30426209590547E+00
 500 0.40413841110923E+02 0.18932149406833E-04 -.29692797492483E+00
 501 0.41412062986363E+02 0.14211715715680E-04 -.28977064011401E+00
 502 0.42434940942126E+02 0.10593883256516E-04 -.28278583011029E+00
 503 0.43483083983396E+02 0.78406118239420E-05 -.27596938626943E+00
 504 0.44557116157786E+02 0.57604042566647E-05 -.26931725018974E+00
 505 0.45657676926884E+02 0.42003398066368E-05 -.26282546129574E+00
 506 0.46785421546978E+02 0.30392231168760E-05 -.25649015448008E+00
 507 0.47941021459188E+02 0.21817432937181E-05 -.25030755780236E+00
 508 0.49125164689230E+02 0.15535375618098E-05 -.24427399024335E+00
 509 0.50338556257054E+02 0.10970562854745E-05 -.23838585951337E+00
 510 0.51581918596603E+02 0.76813033307828E-06 -.23263965991351E+00
 511 0.52855991985939E+02 0.53314745022838E-06 -.22703197024837E+00
 512 0.54161534987992E+02 0.36675110100525E-06 -.22155945178918E+00
 513 0.55499324902195E+02 0.24998276477728E-06 -.21621884628592E+00
 514 0.56870158227280E+02 0.16879660400924E-06 -.21100697402744E+00
 515 0.58274851135493E+02 0.11288345196404E-06 -.20592073194832E+00
 516 0.59714239958540E+02 0.74748960879188E-07 -.20095709178132E+00
 517 0.61189181685516E+02 0.48998302726253E-07 -.19611309825443E+00
 518 0.62700554473148E+02 0.31786874626482E-07 -.19138586733135E+00
 519 0.64249258168635E+02 0.20402928444257E-07 -.18677258449434E+00
 520 0.65836214845400E+02 0.12953844050253E-07 -.18227050306855E+00
 521 0.67462369352082E+02 0.81329108165315E-08 -.17787694258666E+00
 522 0.69128689875078E+02 0.50478564660330E-08 -.17358928719299E+00
 523 0.70836168514992E+02 0.30963336773231E-08 -.16940498408606E+00
 524 0.72585821877313E+02 0.00000000000000E+00 -.16532154199870E+00
 525 0.74378691677682E+02 0.00000000000000E+00 -.16133652971474E+00
 526 0.76215845362121E+02 0.00000000000000E+00 -.15744757462159E+00
 527 0.78098376742566E+02 0.00000000000000E+00 -.15365236129754E+00
