  1.250000000000000E-004  2.540870709779438E-009
  1.280875000000000E-004  2.667939953629827E-009
  1.312512612500000E-004  2.801363948038681E-009
  1.344931674028700E-004  2.941460495425008E-009
  1.378151486377300E-004  3.088563303479462E-009
  1.412191828090800E-004  3.243022744975221E-009
  1.447072966244600E-004  3.405206726655109E-009
  1.482815668510900E-004  3.575501554459455E-009
  1.519441215523100E-004  3.754312853247057E-009
  1.556971413546500E-004  3.942066533410205E-009
  1.595428607461100E-004  4.139209805396610E-009
  1.634835694065400E-004  4.346212244774992E-009
  1.675216135708800E-004  4.563566910816985E-009
  1.716593974260800E-004  4.791791520169250E-009
  1.758993845425100E-004  5.031429681561275E-009
  1.802440993407100E-004  5.283052189398998E-009
  1.846961285944200E-004  5.547258383472737E-009
  1.892581229707000E-004  5.824677577372123E-009
  1.939327986080800E-004  6.115970555974231E-009
  1.987229387337000E-004  6.421831151050765E-009
  2.036313953204200E-004  6.742987893098648E-009
  2.086610907848400E-004  7.080205746208665E-009
  2.138150197272200E-004  7.434287931092066E-009
  2.190962507144800E-004  7.806077837387050E-009
  2.245079281071300E-004  8.196461033834027E-009
  2.300532739313800E-004  8.606367376074215E-009
  2.357355897974800E-004  9.036773222279288E-009
  2.415582588654800E-004  9.488703759226469E-009
  2.475247478594600E-004  9.963235443565456E-009
  2.536386091315900E-004  1.046149856585402E-008
  2.599034827771400E-004  1.098467994344676E-008
  2.663230988017300E-004  1.153402574672401E-008
  2.729012793421300E-004  1.211084446764654E-008
  2.796419409418800E-004  1.271651003676335E-008
  2.865490968831500E-004  1.335246509600811E-008
  2.936268595761600E-004  1.402022443392098E-008
  3.008794430076900E-004  1.472137859532741E-008
  3.083111652499800E-004  1.545759766839700E-008
  3.159264510316600E-004  1.623063526424902E-008
  3.237298343721400E-004  1.704233269278323E-008
  3.317259612811300E-004  1.789462334916164E-008
  3.399195925247800E-004  1.878953731907437E-008
  3.483156064601400E-004  1.972920621424462E-008
  3.569190019397000E-004  2.071586824997874E-008
  3.657349012876100E-004  2.175187357620003E-008
  3.747685533494200E-004  2.283968987603802E-008
  3.840253366171500E-004  2.398190824338071E-008
  3.935107624315900E-004  2.518124935461296E-008
  4.032304782636500E-004  2.644056995082658E-008
  4.131902710767600E-004  2.776286963924201E-008
  4.233960707723600E-004  2.915129804200991E-008
  4.338539537204400E-004  3.060916229619071E-008
  4.445701463773300E-004  3.213993493224755E-008
  4.555510289928500E-004  3.374726214594524E-008
  4.668031394089800E-004  3.543497248239882E-008
  4.783331769523800E-004  3.720708595657401E-008
  4.901480064231000E-004  3.906782363047327E-008
  5.022546621817500E-004  4.102161766391289E-008
  5.146603523376400E-004  4.307312187689151E-008
  5.273724630403800E-004  4.522722283174554E-008
  5.403985628774800E-004  4.748905147337083E-008
  5.537464073805500E-004  4.986399535399312E-008
  5.674239436428500E-004  5.235771146398787E-008
  5.814393150508300E-004  5.497613970743529E-008
  5.958008661325900E-004  5.772551705301435E-008
  6.105171475260600E-004  6.061239238936676E-008
  6.255969210699500E-004  6.364364212567938E-008
  6.410491650203800E-004  6.682648657177102E-008
  6.568830793963900E-004  7.016850713719457E-008
  6.731080914574800E-004  7.367766439189491E-008
  6.897338613164800E-004  7.736231702864560E-008
  7.067702876909900E-004  8.123124177363202E-008
  7.242275137969600E-004  8.529365429528349E-008
  7.421159333877500E-004  8.955923115486097E-008
  7.604461969424200E-004  9.403813286130019E-008
  7.792292180069000E-004  9.874102807054863E-008
  7.984761796916700E-004  1.036791190038929E-007
  8.181985413300600E-004  1.088641681292225E-007
  8.384080453009100E-004  1.143085261873006E-007
  8.591167240198400E-004  1.200251616084856E-007
  8.803369071031300E-004  1.260276914085142E-007
  9.020812287085800E-004  1.323304136254737E-007
  9.243626350576800E-004  1.389483413824650E-007
  9.471943921436000E-004  1.458972386542335E-007
  9.705900936295500E-004  1.531936578155432E-007
  9.945636689422000E-004  1.608549790777992E-007
  1.019129391565100E-003  1.688994518920271E-007
  1.044301887536700E-003  1.773462384250214E-007
  1.070096144158900E-003  1.862154592082776E-007
  1.096527518919600E-003  1.955282410715510E-007
  1.123611748636900E-003  2.053067674753974E-007
  1.151364958828300E-003  2.155743313598896E-007
  1.179803673311300E-003  2.263553906342382E-007
  1.208944824042100E-003  2.376756264480233E-007
  1.238805761195900E-003  2.495620043731239E-007
  1.269404263497500E-003  2.620428386465486E-007
  1.300758548805900E-003  2.751478596249054E-007
  1.332887284961400E-003  2.889082846236006E-007
  1.365809600899900E-003  3.033568922807440E-007
  1.399545098042200E-003  3.185281006588308E-007
  1.434113861963800E-003  3.344580492468842E-007
  1.469536474354300E-003  3.511846850608976E-007
  1.505834025270900E-003  3.687478530559016E-007
  1.543028125695000E-003  3.871893910632725E-007
  1.581140920399700E-003  4.065532294667439E-007
  1.620195101133600E-003  4.268854958804994E-007
  1.660213920131600E-003  4.482346250532456E-007
  1.701221203958800E-003  4.706514742694502E-007
  1.743241367696600E-003  4.941894445312680E-007
  1.786299429478700E-003  5.189046078013189E-007
  1.830421025386800E-003  5.448558406016236E-007
  1.875632424713900E-003  5.721049643181323E-007
  1.921960545604300E-003  6.007168924959732E-007
  1.969432971080800E-003  6.307597855304234E-007
  2.018077965466500E-003  6.623052130839777E-007
  2.067924491213500E-003  6.954283246305247E-007
  2.119002226146400E-003  7.302080285349723E-007
  2.171341581132300E-003  7.667271800914375E-007
  2.224973718186200E-003  8.050727789779197E-007
  2.279930569025400E-003  8.453361765739468E-007
  2.336244854080400E-003  8.876132936686270E-007
  2.393950101976100E-003  9.320048490593474E-007
  2.453080669495000E-003  9.786165995729320E-007
  2.513671762031500E-003  1.027559592128100E-006
  2.575759454553700E-003  1.078950428375563E-006
  2.639380713081100E-003  1.132911542615184E-006
  2.704573416694200E-003  1.189571493596326E-006
  2.771376380086600E-003  1.249065270934154E-006
  2.839829376674700E-003  1.311534616853405E-006
  2.909973162278600E-003  1.377128364040588E-006
  2.981849499386900E-003  1.446002790399244E-006
  3.055501182021700E-003  1.518321991564165E-006
  3.130972061217700E-003  1.594258272051151E-006
  3.208307071129700E-003  1.673992556001589E-006
  3.287552255786600E-003  1.757714818470688E-006
  3.368754796504600E-003  1.845624538300479E-006
  3.451963039978200E-003  1.937931173674139E-006
  3.537226527065700E-003  2.034854661474175E-006
  3.624596022284200E-003  2.136625941611481E-006
  3.714123544034600E-003  2.243487507639126E-006
  3.805862395572300E-003  2.355693984902537E-006
  3.899867196742900E-003  2.473512737643976E-006
  3.996193916502500E-003  2.597224506485177E-006
  4.094899906240100E-003  2.727124077851220E-006
  4.196043933924200E-003  2.863520986887597E-006
  4.299686219092100E-003  3.006740255573437E-006
  4.405888468703700E-003  3.157123167788396E-006
  4.514713913880700E-003  3.315028083211432E-006
  4.626227347553600E-003  3.480831291907561E-006
  4.740495163038100E-003  3.654927911804729E-006
  4.857585393565200E-003  3.837732831013916E-006
  4.977567752786200E-003  4.029681697391612E-006
  5.100513676280100E-003  4.231231957633730E-006
  5.226496364084200E-003  4.442863948419059E-006
  5.355590824277000E-003  4.665082042185569E-006
  5.487873917636700E-003  4.898415850304076E-006
  5.623424403402300E-003  5.143421486468043E-006
  5.762322986166400E-003  5.400682893414417E-006
  5.904652363924700E-003  5.670813236068699E-006
  6.050497277313600E-003  5.954456364444065E-006
  6.199944560063200E-003  6.252288349835613E-006
  6.353083190696800E-003  6.565019097995303E-006
  6.510004345507000E-003  6.893394043040336E-006
  6.670801452841000E-003  7.238195926250030E-006
  6.835570248726200E-003  7.600246663988742E-006
  7.004408833869700E-003  7.980409309170448E-006
  7.177417732066300E-003  8.379590110958158E-006
  7.354699950048400E-003  8.798740677729964E-006
  7.536361038814600E-003  9.238860248291602E-006
  7.722509156473300E-003  9.700998076965093E-006
  7.913255132638200E-003  1.018625593813505E-005
  8.108712534414300E-003  1.069579075622620E-005
  8.308997734014400E-003  1.123081736748421E-005
  8.514229978044499E-003  1.179261142016063E-005
  8.724531458502200E-003  1.238251241985161E-005
  8.940027385527200E-003  1.300192692759720E-005
  9.160846061949701E-003  1.365233191803136E-005
  9.387118959679900E-003  1.433527830586088E-005
  9.618980797983999E-003  1.505239464901092E-005
  9.856569623694200E-003  1.580539103722951E-005
  1.010002689339900E-002  1.659606317556104E-005
  1.034949755766600E-002  1.742629667232172E-005
  1.060513014734100E-002  1.829807154189741E-005
  1.086707686198000E-002  1.921346693304199E-005
  1.113549366047100E-002  2.017466609410699E-005
  1.141054035388500E-002  2.118396158679972E-005
  1.169238070062600E-002  2.224376076114539E-005
  1.198118250393100E-002  2.335659150461584E-005
  1.227711771177800E-002  2.452510827913197E-005
  1.258036251925900E-002  2.575209846019943E-005
  1.289109747348500E-002  2.704048899363432E-005
  1.320950758108000E-002  2.839335338524485E-005
  1.353578241833200E-002  2.981391904049005E-005
  1.387011624406500E-002  3.130557497146658E-005
  1.421270811529400E-002  3.287187988929041E-005
  1.456376200574100E-002  3.451657070159089E-005
  1.492348692728300E-002  3.624357143472180E-005
  1.529209705438700E-002  3.805700260239981E-005
  1.566981185163100E-002  3.996119104247166E-005
  1.605685620436600E-002  4.196068024549478E-005
  1.645346055261400E-002  4.406024119936993E-005
  1.685986102826300E-002  4.626488377559375E-005
  1.727629959566100E-002  4.857986868430028E-005
  1.770302419567400E-002  5.101072002591762E-005
  1.814028889330700E-002  5.356323846926255E-005
  1.858835402897200E-002  5.624351508696449E-005
  1.904748637348800E-002  5.905794588077282E-005
  1.951795928691300E-002  6.201324703067924E-005
  2.000005288129900E-002  6.511647090373273E-005
  2.049405418746800E-002  6.837502285986090E-005
  2.100025732589800E-002  7.179667889392388E-005
  2.151896368184800E-002  7.538960415503470E-005
  2.205048208478900E-002  7.916237238635813E-005
  2.259512899228400E-002  8.312398633014397E-005
  2.315322867839300E-002  8.728389914549826E-005
  2.372511342674900E-002  9.165203688804168E-005
  2.431112372839000E-002  9.623882210344293E-005
  2.491160848448100E-002  1.010551985885120E-004
  2.552692521404800E-002  1.061126573770931E-004
  2.615744026683500E-002  1.114232640092121E-004
  2.680352904142600E-002  1.169996871462193E-004
  2.746557620874900E-002  1.228552285959346E-004
  2.814397594110500E-002  1.290038548158811E-004
  2.883913214685000E-002  1.354602299653031E-004
  2.955145871087800E-002  1.422397505794721E-004
  3.028137974103600E-002  1.493585819437277E-004
  3.102932982064000E-002  1.568336962475935E-004
  3.179575426721000E-002  1.646829126029224E-004
  3.258110939761000E-002  1.729249390136211E-004
  3.338586279973100E-002  1.815794163884582E-004
  3.421049361088400E-002  1.906669646922158E-004
  3.505549280307300E-002  2.002092313340690E-004
  3.592136347530900E-002  2.102289418971256E-004
  3.680862115314900E-002  2.207499533163320E-004
  3.771779409563200E-002  2.317973096170623E-004
  3.864942360979400E-002  2.433973003308182E-004
  3.960406437295600E-002  2.555775217093651E-004
  4.058228476296800E-002  2.683669408630571E-004
  4.158466719661300E-002  2.817959629543318E-004
  4.261180847636900E-002  2.958965015817371E-004
  4.366432014573600E-002  3.107020524950513E-004
  4.474282885333500E-002  3.262477707873774E-004
  4.584797672601300E-002  3.425705517137042E-004
  4.698042175114500E-002  3.597091152924191E-004
  4.814083816839800E-002  3.777040948486928E-004
  4.932991687115800E-002  3.965981296656687E-004
  5.054836581787600E-002  4.164359619123849E-004
  5.179691045357700E-002  4.372645380229690E-004
  5.307629414178000E-002  4.591331147054280E-004
  5.438727860708200E-002  4.820933697628282E-004
  5.573064438867700E-002  5.061995179138528E-004
  5.710719130507800E-002  5.315084318030688E-004
  5.851773893031300E-002  5.580797683947306E-004
  5.996312708189200E-002  5.859761009486681E-004
  6.144421632081400E-002  6.152630567762788E-004
  6.296188846393901E-002  6.460094609808830E-004
  6.451704710899800E-002  6.782874863868851E-004
  6.611061817258999E-002  7.121728098621556E-004
  6.774355044145300E-002  7.477447752436144E-004
  6.941681613735699E-002  7.850865630714027E-004
  7.113141149594999E-002  8.242853673407327E-004
  7.288835735990000E-002  8.654325794779935E-004
  7.468869978668900E-002  9.086239797480169E-004
  7.653351067142000E-002  9.539599362967263E-004
  7.842388838500400E-002  1.001545612029992E-003
  8.036095842811400E-002  1.051491179528562E-003
  8.234587410128801E-002  1.103912044194309E-003
  8.437981719159000E-002  1.158929075814250E-003
  8.646399867622299E-002  1.216668848727711E-003
  8.859965944352501E-002  1.277263890767649E-003
  9.078807103177999E-002  1.340852941141158E-003
  9.303053638626500E-002  1.407581217394580E-003
  9.532839063500601E-002  1.477600691592852E-003
  9.768300188369100E-002  1.551070375818644E-003
  0.100095772030220       1.628156617061694E-003
  0.102568137599360       1.709033401530522E-003
  0.105101570598070       1.793882668366413E-003
  0.107697579391840       1.882894632672505E-003
  0.110357709602820       1.976268117693269E-003
  0.113083545030010       2.074210895878489E-003
  0.115876708592250       2.176940038460494E-003
  0.118738863294480       2.284682273035684E-003
  0.121671713217850       2.397674348512714E-003
  0.124677004534330       2.516163406644317E-003
  0.127756526546330       2.640407359226611E-003
  0.130912112752030       2.770675269950605E-003
  0.134145641937000       2.907247739817713E-003
  0.137459039292840       3.050417295036403E-003
  0.140854277563380       3.200488776384176E-003
  0.144333378219190       3.357779729163516E-003
  0.147898412661210       3.522620793068580E-003
  0.151551503453940       3.695356091485264E-003
  0.155294825589250       3.876343619816580E-003
  0.159130607781310       4.065955632393176E-003
  0.163061133793500       4.264579027043167E-003
  0.167088743798200       4.472615725612838E-003
  0.171215835770020       4.690483047390704E-003
  0.175444866913540       4.918614070612593E-003
  0.179778355126300       5.157457975121520E-003
  0.184218880497920       5.407480356913377E-003
  0.188769086846220       5.669163503047215E-003
  0.193431683291320       5.943006613281044E-003
  0.198209445868620       6.229525953044541E-003
  0.203105219181570       6.529254920940521E-003
  0.208121918095360       6.842744012921013E-003
  0.213262529472310       7.170560664530786E-003
  0.218530113950280       7.513288952123811E-003
  0.223927807764850       7.871529133712316E-003
  0.229458824616640       8.245897010143638E-003
  0.235126457584670       8.637023087711396E-003
  0.240934081087020       9.045551524151858E-003
  0.246885152889870       9.472138841438226E-003
  0.252983216166250       9.917452390910606E-003
  0.259231901605550       1.038216855918435E-002
  0.265634929575210       1.086697070698158E-002
  0.272196112335720       1.137254683743700E-002
  0.278919356310410       1.189958699547286E-002
  0.285808664411280       1.244878040509362E-002
  0.292868138422230       1.302081235662690E-002
  0.300101981441260       1.361636086019171E-002
  0.307514500382860       1.423609308418136E-002
  0.315110108542320       1.488066159698312E-002
  0.322893328223310       1.555070042501840E-002
  0.330868793430430       1.624682092822700E-002
  0.339041252628160       1.696960747337971E-002
  0.347415571568080       1.771961285296459E-002
  0.355996736185810       1.849735335063524E-002
  0.364789855569600       1.930330329080844E-002
  0.373800165002170       2.013788882922076E-002
  0.383033029077720       2.100148064491121E-002
  0.392493944895940       2.189438508870656E-002
  0.402188545334870       2.281683324310556E-002
  0.412122602404640       2.376896727882427E-002
  0.422302030684040       2.475082349254124E-002
  0.432732890841930       2.576231153207092E-002
  0.443421393245730       2.680318961457679E-002
  0.454373901658900       2.787303608218034E-002
  0.465596937029870       2.897121839821898E-002
  0.477097181374510       3.009686160149420E-002
  0.488881481754460       3.124881907727540E-002
  0.500956854353800       3.242564892410580E-002
  0.513330488656330       3.362559880990977E-002
  0.526009751726150       3.484660077590415E-002
  0.539002192593780       3.608627507863226E-002
  0.552315546750850       3.734193942686577E-002
  0.565957740755590       3.861061772860856E-002
  0.579936896952260       3.988904146633519E-002
  0.594261338306980       4.117363732666290E-002
  0.608939593363160       4.246049637482997E-002
  0.623980401319230       4.374532216497744E-002
  0.639392717231810       4.502335701436816E-002
  0.655185717347440       4.628928685799578E-002
  0.671368804565920       4.753712561573885E-002
  0.687951614038700       4.876008006352493E-002
  0.704944018905460       4.995039608512827E-002
  0.722356136172420       5.109918712795491E-002
  0.740198332735880       5.219624583823347E-002
  0.758481231554460       5.322984027520426E-002
  0.777215717973850       5.418649681536041E-002
  0.796412946207800       5.505077284960305E-002
  0.816084345979140       5.580502363686980E-002
  0.836241629324820       5.642916919844494E-002
  0.856896797569140       5.690046891510240E-002
  0.878062148469100       5.719331352335130E-002
  0.899750283536290       5.727904649855300E-002
  0.921974115539640       5.712582935467530E-002
  0.944746876193460       5.669856816779305E-002
  0.968082124035440       5.595892160700348E-002
  0.991993752499120       5.486541387533634E-002
   1.01649599818580       5.337367912162556E-002
   1.04160344934100       5.143686694074269E-002
   1.06733105453980       4.900624128047707E-002
   1.09369413158690       4.603200741216223E-002
   1.12070837663710       4.246440221355496E-002
   1.14838987354000       3.825508311842890E-002
   1.17675510341650       3.335884849536470E-002
   1.20582095447090       2.773571525117209E-002
   1.23560473204630       2.135337116827963E-002
   1.26612416892780       1.419000289495393E-002
   1.29739743590030       6.237478811735757E-003
   1.32944315256710      -2.495164454044782E-003
   1.36228039843550      -1.197802306573805E-002
   1.39592872427680      -2.215655576276767E-002
   1.43040816376650      -3.294794419887916E-002
   1.46573924541150      -4.423785937090567E-002
   1.50194300477320      -5.588696035080550E-002
   1.53904099699110      -6.770889830175449E-002
   1.57705530961680      -7.947862340369390E-002
   1.61600857576430      -9.094452302798355E-002
   1.65592398758570      -0.101827677755387     
   1.69682531007900      -0.111830172340070     
   1.73873689523800      -0.120646772005413     
   1.78168369655040      -0.127979938747893     
   1.82569128385520      -0.133557776913958     
   1.87078585856640      -0.137154004676784     
   1.91699426927300      -0.138608494672353     
   1.96434402772400      -0.137846381762446     
   2.01286332520880      -0.134893301597726     
   2.06258104934140      -0.129884127969825     
   2.11352680126020      -0.123062754004744     
   2.16573091325130      -0.114771122162681     
   2.21922446680860      -0.105426895995382     
   2.27403931113880      -9.549081907665020E-002
   2.33020808212390      -8.542671744120826E-002
   2.38776422175240      -7.565891821850701E-002
   2.44674199802970      -6.653312223242319E-002
   2.50717652538100      -5.828702289228299E-002
   2.56910378555790      -5.103589425607097E-002
   2.63256064906120      -4.477596600633227E-002
   2.69758489709300      -3.940505130035023E-002
   2.76421524405120      -3.475635813222991E-002
   2.83249136057930      -3.063864592565687E-002
   2.90245389718560      -2.687471165930159E-002
   2.97414450844600      -2.333098301763965E-002
   3.04760587780470      -1.993351610666708E-002
   3.12288174298640      -1.666915064362471E-002
   3.20001692203820      -1.357393779661118E-002
   3.27905734001250      -1.071335360535090E-002
   3.36005005631090      -8.159807435356268E-003
   3.44304329270170      -5.972586954980003E-003
   3.52808646203150      -4.184002403219019E-003
   3.61523019764360      -2.793568394336245E-003
   3.70452638352540      -1.770043368947764E-003
   3.79602818519850      -1.059442523584794E-003
   3.88979008137290      -5.960932725040188E-004
   3.98586789638280      -3.136215338059367E-004
   4.08431883342350      -1.534183976766955E-004
   4.18520150860900      -6.934975489879718E-005
   4.28857598587170      -2.877349009208101E-005
   4.39450381272270      -1.087800407825026E-005
   4.50304805689700      -3.717610889545738E-006
   4.61427334390230      -1.138621597333554E-006
   4.72824589549670      -3.096021525434536E-007
   4.84503356911550      -7.397432988754055E-008
   4.96470589827260      -1.535877011743898E-008
   5.08733413396000      -2.737429622850415E-009
   5.21299128706880        0.00000000000000     
   5.34175217185940        0.00000000000000     
   5.47369345050430        0.00000000000000     
   5.60889367873180        0.00000000000000     
   5.74743335259640        0.00000000000000     
   5.88939495640560        0.00000000000000     
   6.03486301182880        0.00000000000000     
   6.18392412822100        0.00000000000000     
   6.33666705418800        0.00000000000000     
   6.49318273042650        0.00000000000000     
   6.65356434386800        0.00000000000000     
   6.81790738316150        0.00000000000000     
   6.98630969552560        0.00000000000000     
   7.15887154500510        0.00000000000000     
   7.33569567216670        0.00000000000000     
   7.51688735526920        0.00000000000000     
   7.70255447294440        0.00000000000000     
   7.89280756842610        0.00000000000000     
   8.08775991536620        0.00000000000000     
   8.28752758527580        0.00000000000000     
   8.49222951663210        0.00000000000000     
   8.70198758569290        0.00000000000000     
   8.91692667905950        0.00000000000000     
   9.13717476803230        0.00000000000000     
   9.36286298480270        0.00000000000000     
   9.59412570052730        0.00000000000000     
   9.83110060533030        0.00000000000000     
   10.0739287902820        0.00000000000000     
   10.3227548314020        0.00000000000000     
   10.5777268757380        0.00000000000000     
   10.8389967295680        0.00000000000000     
   11.1067199487890        0.00000000000000     
   11.3810559315240        0.00000000000000     
   11.6621680130320        0.00000000000000     
   11.9502235629540        0.00000000000000     
   12.2453940849590        0.00000000000000     
   12.5478553188580        0.00000000000000     
   12.8577873452340        0.00000000000000     
   13.1753746926610        0.00000000000000     
   13.5008064475700        0.00000000000000     
   13.8342763668240        0.00000000000000     
   14.1759829930850        0.00000000000000     
   14.5261297730140        0.00000000000000     
   14.8849251784080        0.00000000000000     
   15.2525828303140        0.00000000000000     
   15.6293216262230        0.00000000000000     
   16.0153658703910        0.00000000000000     
   16.4109454073890        0.00000000000000     
   16.8162957589520        0.00000000000000     
   17.2316582641980        0.00000000000000     
   17.6572802233240        0.00000000000000     
   18.0934150448400        0.00000000000000     
   18.5403223964470        0.00000000000000     
   18.9982683596400        0.00000000000000     
   19.4675255881230        0.00000000000000     
   19.9483734701490        0.00000000000000     
   20.4410982948620        0.00000000000000     
   20.9459934227450        0.00000000000000     
   21.4633594602870        0.00000000000000     
   21.9935044389560        0.00000000000000     
   22.5367439985980        0.00000000000000     
   23.0934015753640        0.00000000000000     
   23.6638085942750        0.00000000000000     
   24.2483046665540        0.00000000000000     
   24.8472377918180        0.00000000000000     
   25.4609645652760        0.00000000000000     
   26.0898503900380        0.00000000000000     
   26.7342696946720        0.00000000000000     
   27.3946061561300        0.00000000000000     
   28.0712529281870        0.00000000000000     
   28.7646128755130        0.00000000000000     
   29.4750988135380        0.00000000000000     
   30.2031337542320        0.00000000000000     
   30.9491511579620        0.00000000000000     
   31.7135951915640        0.00000000000000     
   32.4969209927950        0.00000000000000     
   33.2995949413170        0.00000000000000     
   34.1220949363680        0.00000000000000     
   34.9649106812960        0.00000000000000     
   35.8285439751240        0.00000000000000     
   36.7135090113100        0.00000000000000     
   37.6203326838890        0.00000000000000     
   38.5495549011810        0.00000000000000     
   39.5017289072400        0.00000000000000     
   40.4774216112490        0.00000000000000     
   41.4772139250470        0.00000000000000     
   42.5017011089950        0.00000000000000     
   43.5514931263880        0.00000000000000     
   44.6272150066090        0.00000000000000     
   45.7295072172730        0.00000000000000     
   46.8590260455390        0.00000000000000     
   48.0164439888640        0.00000000000000     
   49.2024501553890        0.00000000000000     
   50.4177506742270        0.00000000000000     
   51.6630691158810        0.00000000000000     
   52.9391469230430        0.00000000000000     
   54.2467438520420        0.00000000000000     
   55.5866384251870        0.00000000000000     
   56.9596283942900        0.00000000000000     
   58.3665312156280        0.00000000000000     
   59.8081845366550        0.00000000000000     
   61.2854466947100        0.00000000000000     
   62.7991972280690        0.00000000000000     
   64.3503373996030        0.00000000000000     
   65.9397907333730        0.00000000000000     
   67.5685035644870        0.00000000000000     
   69.2374456025300        0.00000000000000     
   70.9476105089120        0.00000000000000     
   72.7000164884820        0.00000000000000     
   74.4957068957480        0.00000000000000     
   76.3357508560730        0.00000000000000     
