  4.464285714285700E-004   0.00000000000000     
  4.574553571428600E-004   0.00000000000000     
  4.687545044642900E-004   0.00000000000000     
  4.803327407245500E-004   0.00000000000000     
  4.921969594204500E-004   0.00000000000000     
  5.043542243181400E-004   0.00000000000000     
  5.168117736587900E-004   0.00000000000000     
  5.295770244681700E-004   0.00000000000000     
  5.426575769725300E-004   0.00000000000000     
  5.560612191237500E-004   0.00000000000000     
  5.697959312361100E-004   0.00000000000000     
  5.838698907376400E-004   0.00000000000000     
  5.982914770388599E-004   0.00000000000000     
  6.130692765217200E-004   0.00000000000000     
  6.282120876518001E-004   0.00000000000000     
  6.437289262168000E-004   0.00000000000000     
  6.596290306943600E-004   0.00000000000000     
  6.759218677525100E-004   0.00000000000000     
  6.926171378860000E-004   0.00000000000000     
  7.097247811917800E-004   0.00000000000000     
  7.272549832872200E-004   0.00000000000000     
  7.452181813744100E-004   0.00000000000000     
  7.636250704543600E-004   0.00000000000000     
  7.824866096945800E-004   0.00000000000000     
  8.018140289540400E-004   0.00000000000000     
  8.216188354692000E-004   0.00000000000000     
  8.419128207052900E-004   0.00000000000000     
  8.627080673767100E-004   0.00000000000000     
  8.840169566409200E-004   0.00000000000000     
  9.058521754699501E-004   0.00000000000000     
  9.282267242040600E-004   0.00000000000000     
  9.511539242919000E-004   0.00000000000000     
  9.746474262219100E-004   0.00000000000000     
  9.987212176495899E-004   0.00000000000000     
  1.023389631725500E-003   0.00000000000000     
  1.048667355629200E-003   0.00000000000000     
  1.074569439313200E-003   0.00000000000000     
  1.101111304464200E-003   0.00000000000000     
  1.128308753684500E-003   0.00000000000000     
  1.156177979900500E-003   0.00000000000000     
  1.184735576004000E-003   0.00000000000000     
  1.213998544731300E-003   0.00000000000000     
  1.243984308786200E-003   0.00000000000000     
  1.274710721213200E-003   0.00000000000000     
  1.306196076027200E-003   0.00000000000000     
  1.338459119105100E-003   0.00000000000000     
  1.371519059347000E-003   0.00000000000000     
  1.405395580112800E-003   0.00000000000000     
  1.440108850941600E-003   0.00000000000000     
  1.475679539559900E-003   0.00000000000000     
  1.512128824187000E-003   0.00000000000000     
  1.549478406144400E-003   0.00000000000000     
  1.587750522776200E-003   0.00000000000000     
  1.626967960688800E-003   0.00000000000000     
  1.667154069317800E-003   0.00000000000000     
  1.708332774829900E-003   0.00000000000000     
  1.750528594368200E-003   0.00000000000000     
  1.793766650649100E-003   0.00000000000000     
  1.838072686920100E-003   0.00000000000000     
  1.883473082287100E-003   0.00000000000000     
  1.929994867419600E-003   0.00000000000000     
  1.977665740644800E-003   0.00000000000000     
  2.026514084438800E-003   0.00000000000000     
  2.076568982324400E-003   0.00000000000000     
  2.127860236187800E-003   0.00000000000000     
  2.180418384021600E-003   0.00000000000000     
  2.234274718107000E-003   0.00000000000000     
  2.289461303644200E-003   0.00000000000000     
  2.346010997844200E-003   0.00000000000000     
  2.403957469491000E-003   0.00000000000000     
  2.463335218987400E-003   0.00000000000000     
  2.524179598896400E-003   0.00000000000000     
  2.586526834989100E-003   0.00000000000000     
  2.650414047813400E-003   0.00000000000000     
  2.715879274794400E-003   0.00000000000000     
  2.782961492881800E-003   0.00000000000000     
  2.851700641756000E-003   0.00000000000000     
  2.922137647607300E-003   0.00000000000000     
  2.994314447503200E-003   0.00000000000000     
  3.068274014356600E-003   0.00000000000000     
  3.144060382511200E-003   0.00000000000000     
  3.221718673959200E-003   0.00000000000000     
  3.301295125206000E-003   0.00000000000000     
  3.382837114798600E-003   0.00000000000000     
  3.466393191534100E-003   0.00000000000000     
  3.552013103365000E-003   0.00000000000000     
  3.639747827018100E-003   0.00000000000000     
  3.729649598345500E-003   0.00000000000000     
  3.821771943424600E-003   0.00000000000000     
  3.916169710427200E-003   0.00000000000000     
  4.012899102274700E-003   0.00000000000000     
  4.112017710100900E-003   0.00000000000000     
  4.213584547540400E-003   0.00000000000000     
  4.317660085864700E-003   0.00000000000000     
  4.424306289985500E-003   0.00000000000000     
  4.533586655348200E-003   0.00000000000000     
  4.645566245735300E-003   0.00000000000000     
  4.760311732004900E-003   0.00000000000000     
  4.877891431785400E-003   0.00000000000000     
  4.998375350150500E-003   0.00000000000000     
  5.121835221299300E-003   0.00000000000000     
  5.248344551265400E-003   0.00000000000000     
  5.377978661681600E-003   0.00000000000000     
  5.510814734625100E-003   0.00000000000000     
  5.646931858570400E-003   0.00000000000000     
  5.786411075477100E-003   0.00000000000000     
  5.929335429041400E-003   0.00000000000000     
  6.075790014138700E-003   0.00000000000000     
  6.225862027487900E-003   0.00000000000000     
  6.379640819566900E-003   0.00000000000000     
  6.537217947810200E-003   0.00000000000000     
  6.698687231121100E-003   0.00000000000000     
  6.864144805729800E-003   0.00000000000000     
  7.033689182431300E-003   0.00000000000000     
  7.207421305237300E-003   0.00000000000000     
  7.385444611476700E-003   0.00000000000000     
  7.567865093380200E-003   0.00000000000000     
  7.754791361186700E-003   0.00000000000000     
  7.946334707808001E-003   0.00000000000000     
  8.142609175090800E-003   0.00000000000000     
  8.343731621715599E-003   0.00000000000000     
  8.549821792771899E-003   0.00000000000000     
  8.761002391053400E-003   0.00000000000000     
  8.977399150112400E-003   0.00000000000000     
  9.199140909120201E-003   0.00000000000000     
  9.426359689575500E-003   0.00000000000000     
  9.659190773908000E-003   0.00000000000000     
  9.897772786023501E-003   0.00000000000000     
  1.014224777383800E-002   0.00000000000000     
  1.039276129385200E-002   0.00000000000000     
  1.064946249781000E-002   0.00000000000000     
  1.091250422150600E-002   0.00000000000000     
  1.118204307577700E-002   0.00000000000000     
  1.145823953974900E-002   0.00000000000000     
  1.174125805638100E-002   0.00000000000000     
  1.203126713037300E-002   0.00000000000000     
  1.232843942849400E-002   0.00000000000000     
  1.263295188237700E-002   0.00000000000000     
  1.294498579387200E-002   0.00000000000000     
  1.326472694298100E-002   0.00000000000000     
  1.359236569847200E-002   0.00000000000000     
  1.392809713122500E-002   0.00000000000000     
  1.427212113036600E-002   0.00000000000000     
  1.462464252228600E-002   0.00000000000000     
  1.498587119258600E-002   0.00000000000000     
  1.535602221104300E-002   0.00000000000000     
  1.573531595965600E-002   0.00000000000000     
  1.612397826386000E-002   0.00000000000000     
  1.652224052697700E-002   0.00000000000000     
  1.693033986799300E-002   0.00000000000000     
  1.734851926273300E-002   0.00000000000000     
  1.777702768852200E-002   0.00000000000000     
  1.821612027242900E-002   0.00000000000000     
  1.866605844315800E-002   0.00000000000000     
  1.912711008670400E-002   0.00000000000000     
  1.959954970584500E-002   0.00000000000000     
  2.008365858358000E-002   0.00000000000000     
  2.057972495059400E-002   0.00000000000000     
  2.108804415687400E-002   0.00000000000000     
  2.160891884754900E-002   0.00000000000000     
  2.214265914308300E-002   0.00000000000000     
  2.268958282391700E-002   0.00000000000000     
  2.325001551966800E-002   0.00000000000000     
  2.382429090300400E-002   0.00000000000000     
  2.441275088830800E-002   0.00000000000000     
  2.501574583524900E-002   0.00000000000000     
  2.563363475738000E-002   0.00000000000000     
  2.626678553588700E-002   0.00000000000000     
  2.691557513862300E-002   0.00000000000000     
  2.758038984454700E-002   0.00000000000000     
  2.826162547370800E-002   0.00000000000000     
  2.895968762290800E-002   0.00000000000000     
  2.967499190719400E-002   0.00000000000000     
  3.040796420730200E-002   0.00000000000000     
  3.115904092322200E-002   0.00000000000000     
  3.192866923402600E-002   0.00000000000000     
  3.271730736410600E-002   0.00000000000000     
  3.352542485600000E-002   0.00000000000000     
  3.435350284994300E-002   0.00000000000000     
  3.520203437033600E-002   0.00000000000000     
  3.607152461928400E-002   0.00000000000000     
  3.696249127738000E-002   0.00000000000000     
  3.787546481193100E-002   0.00000000000000     
  3.881098879278600E-002   0.00000000000000     
  3.976962021596800E-002   0.00000000000000     
  4.075192983530200E-002   0.00000000000000     
  4.175850250223400E-002   0.00000000000000     
  4.278993751403900E-002   0.00000000000000     
  4.384684897063600E-002   0.00000000000000     
  4.492986614021100E-002   0.00000000000000     
  4.603963383387400E-002   0.00000000000000     
  4.717681278957100E-002   0.00000000000000     
  4.834208006547300E-002   0.00000000000000     
  4.953612944309000E-002   0.00000000000000     
  5.075967184033500E-002   0.00000000000000     
  5.201343573479100E-002   0.00000000000000     
  5.329816759744000E-002   0.00000000000000     
  5.461463233709700E-002   0.00000000000000     
  5.596361375582300E-002   0.00000000000000     
  5.734591501559200E-002   0.00000000000000     
  5.876235911647700E-002   0.00000000000000     
  6.021378938665400E-002   0.00000000000000     
  6.170106998450500E-002   0.00000000000000     
  6.322508641312199E-002   0.00000000000000     
  6.478674604752600E-002   0.00000000000000     
  6.638697867490000E-002   0.00000000000000     
  6.802673704817000E-002   0.00000000000000     
  6.970699745326001E-002   0.00000000000000     
  7.142876029035500E-002   0.00000000000000     
  7.319305066952700E-002   0.00000000000000     
  7.500091902106400E-002   0.00000000000000     
  7.685344172088500E-002   0.00000000000000     
  7.875172173139000E-002   0.00000000000000     
  8.069688925815600E-002   0.00000000000000     
  8.269010242283199E-002   0.00000000000000     
  8.473254795267600E-002   0.00000000000000     
  8.682544188710700E-002   0.00000000000000     
  8.897003030171900E-002   0.00000000000000     
  9.116759005017100E-002   0.00000000000000     
  9.341942952441000E-002   0.00000000000000     
  9.572688943366300E-002   0.00000000000000     
  9.809134360267500E-002   0.00000000000000     
  0.100514199789660        0.00000000000000     
  0.102996900524470        0.00000000000000     
  0.105540923967420        0.00000000000000     
  0.108147784789420        0.00000000000000     
  0.110819035073710        0.00000000000000     
  0.113556265240030        0.00000000000000     
  0.116361104991460        0.00000000000000     
  0.119235224284750        0.00000000000000     
  0.122180334324590        0.00000000000000     
  0.125198188582400        0.00000000000000     
  0.128290583840390        0.00000000000000     
  0.131459361261250        0.00000000000000     
  0.134706407484400        0.00000000000000     
  0.138033655749260        0.00000000000000     
  0.141443087046270        0.00000000000000     
  0.144936731296310        0.00000000000000     
  0.148516668559330        0.00000000000000     
  0.152185030272750        0.00000000000000     
  0.155944000520480        0.00000000000000     
  0.159795817333340        0.00000000000000     
  0.163742774021470        0.00000000000000     
  0.167787220539800        0.00000000000000     
  0.171931564887140        0.00000000000000     
  0.176178274539850        0.00000000000000     
  0.180529877920980        0.00000000000000     
  0.184988965905630        0.00000000000000     
  0.189558193363500        0.00000000000000     
  0.194240280739580        0.00000000000000     
  0.199038015673850        0.00000000000000     
  0.203954254660990        0.00000000000000     
  0.208991924751120        0.00000000000000     
  0.214154025292470        0.00000000000000     
  0.219443629717190        0.00000000000000     
  0.224863887371210        0.00000000000000     
  0.230418025389280        0.00000000000000     
  0.236109350616390        0.00000000000000     
  0.241941251576620        0.00000000000000     
  0.247917200490560        0.00000000000000     
  0.254040755342680        0.00000000000000     
  0.260315561999640        0.00000000000000     
  0.266745356381030        0.00000000000000     
  0.273333966683640        0.00000000000000     
  0.280085315660730        0.00000000000000     
  0.287003422957550        0.00000000000000     
  0.294092407504600        0.00000000000000     
  0.301356489969970        0.00000000000000     
  0.308799995272220        0.00000000000000     
  0.316427355155450        0.00000000000000     
  0.324243110827790        0.00000000000000     
  0.332251915665230        0.00000000000000     
  0.340458537982160        0.00000000000000     
  0.348867863870320        0.00000000000000     
  0.357484900107920        0.00000000000000     
  0.366314777140590        0.00000000000000     
  0.375362752135960        0.00000000000000     
  0.384634212113720        0.00000000000000     
  0.394134677152930        0.00000000000000     
  0.403869803678600        0.00000000000000     
  0.413845387829460        0.00000000000000     
  0.424067368908850        0.00000000000000     
  0.434541832920900        0.00000000000000     
  0.445275016194050        0.00000000000000     
  0.456273309094040        0.00000000000000     
  0.467543259828660        0.00000000000000     
  0.479091578346430        0.00000000000000     
  0.490925140331590        0.00000000000000     
  0.503050991297780        0.00000000000000     
  0.515476350782830        0.00000000000000     
  0.528208616647170        0.00000000000000     
  0.541255369478350        0.00000000000000     
  0.554624377104470        0.00000000000000     
  0.568323599218950        0.00000000000000     
  0.582361192119660        0.00000000000000     
  0.596745513565010        0.00000000000000     
  0.611485127750070        0.00000000000000     
  0.626588810405500        0.00000000000000     
  0.642065554022510        0.00000000000000     
  0.657924573206870        0.00000000000000     
  0.674175310165080        0.00000000000000     
  0.690827440326150        0.00000000000000     
  0.707890878102210        0.00000000000000     
  0.725375782791330        0.00000000000000     
  0.743292564626280        0.00000000000000     
  0.761651890972550        0.00000000000000     
  0.780464692679570        0.00000000000000     
  0.799742170588760        0.00000000000000     
  0.819495802202300        0.00000000000000     
  0.839737348516700        0.00000000000000     
  0.860478861025060        0.00000000000000     
  0.881732688892380        0.00000000000000     
  0.903511486308020        0.00000000000000     
  0.925828220019830        0.00000000000000     
  0.948696177054320        0.00000000000000     
  0.972128972627560        0.00000000000000     
  0.996140558251460        0.00000000000000     
   1.02074523004030        0.00000000000000     
   1.04595763722230        0.00000000000000     
   1.07179279086170        0.00000000000000     
   1.09826607279590        0.00000000000000     
   1.12539324479400        0.00000000000000     
   1.15319045794040        0.00000000000000     
   1.18167426225150        0.00000000000000     
   1.21086161652910        0.00000000000000     
   1.24076989845740        0.00000000000000     
   1.27141691494930        0.00000000000000     
   1.30282091274860        0.00000000000000     
   1.33500058929350        0.00000000000000     
   1.36797510384900        0.00000000000000     
   1.40176408891410        0.00000000000000     
   1.43638766191030        0.00000000000000     
   1.47186643715940        0.00000000000000     
   1.50822153815730        0.00000000000000     
   1.54547461014980        0.00000000000000     
   1.58364783302050        0.00000000000000     
   1.62276393449610        0.00000000000000     
   1.66284620367810        0.00000000000000     
   1.70391850490900        0.00000000000000     
   1.74600529198020        0.00000000000000     
   1.78913162269210        0.00000000000000     
   1.83332317377260        0.00000000000000     
   1.87860625616480        0.00000000000000     
   1.92500783069210        0.00000000000000     
   1.97255552411020        0.00000000000000     
   2.02127764555570        0.00000000000000     
   2.07120320340090        0.00000000000000     
   2.12236192252490        0.00000000000000     
   2.17478426201130        0.00000000000000     
   2.22850143328300        0.00000000000000     
   2.28354541868510        0.00000000000000     
   2.33994899052660        0.00000000000000     
   2.39774573059260        0.00000000000000     
   2.45697005013820        0.00000000000000     
   2.51765721037660        0.00000000000000     
   2.57984334347290        0.00000000000000     
   2.64356547405670        0.00000000000000     
   2.70886154126590        0.00000000000000     
   2.77577042133520        0.00000000000000     
   2.84433195074220        0.00000000000000     
   2.91458694992550        0.00000000000000     
   2.98657724758870        0.00000000000000     
   3.06034570560410        0.00000000000000     
   3.13593624453250        0.00000000000000     
   3.21339386977250        0.00000000000000     
   3.29276469835580        0.00000000000000     
   3.37409598640520        0.00000000000000     
   3.45743615726940        0.00000000000000     
   3.54283483035400        0.00000000000000     
   3.63034285066370        0.00000000000000     
   3.72001231907510        0.00000000000000     
   3.81189662335630        0.00000000000000     
   3.90605046995320        0.00000000000000     
   4.00252991656100        0.00000000000000     
   4.10139240550010        0.00000000000000     
   4.20269679791590        0.00000000000000     
   4.30650340882450        0.00000000000000     
   4.41287404302240        0.00000000000000     
   4.52187203188510        0.00000000000000     
   4.63356227107260        0.00000000000000     
   4.74801125916810        0.00000000000000     
   4.86528713726960        0.00000000000000     
   4.98545972956020        0.00000000000000     
   5.10860058488030        0.00000000000000     
   5.23478301932680        0.00000000000000     
   5.36408215990420        0.00000000000000     
   5.49657498925380        0.00000000000000     
   5.63234039148840        0.00000000000000     
   5.77145919915820        0.00000000000000     
   5.91401424137740        0.00000000000000     
   6.06009039313940        0.00000000000000     
   6.20977462584990        0.00000000000000     
   6.36315605910840        0.00000000000000     
   6.52032601376840        0.00000000000000     
   6.68137806630850        0.00000000000000     
   6.84640810454630        0.00000000000000     
   7.01551438472860        0.00000000000000     
   7.18879759003140        0.00000000000000     
   7.36636089050520        0.00000000000000     
   7.54831000450070        0.00000000000000     
   7.73475326161180        0.00000000000000     
   7.92580166717360        0.00000000000000     
   8.12156896835280        0.00000000000000     
   8.32217172187110        0.00000000000000     
   8.52772936340130        0.00000000000000     
   8.73836427867740        0.00000000000000     
   8.95420187636070        0.00000000000000     
   9.17537066270680        0.00000000000000     
   9.40200231807570        0.00000000000000     
   9.63423177533210        0.00000000000000     
   9.87219730018280        0.00000000000000     
   10.1160405734970        0.00000000000000     
   10.3659067756630        0.00000000000000     
   10.6219446730220        0.00000000000000     
   10.8843067064450        0.00000000000000     
   11.1531490820940        0.00000000000000     
   11.4286318644220        0.00000000000000     
   11.7109190714730        0.00000000000000     
   12.0001787725390        0.00000000000000     
   12.2965831882200        0.00000000000000     
   12.6003087929700        0.00000000000000     
   12.9115364201560        0.00000000000000     
   13.2304513697340        0.00000000000000     
   13.5572435185660        0.00000000000000     
   13.8921074334750        0.00000000000000     
   14.2352424870820        0.00000000000000     
   14.5868529765120        0.00000000000000     
   14.9471482450320        0.00000000000000     
   15.3163428066850        0.00000000000000     
   15.6946564740100        0.00000000000000     
   16.0823144889180        0.00000000000000     
   16.4795476567940        0.00000000000000     
   16.8865924839170        0.00000000000000     
   17.3036913182700        0.00000000000000     
   17.7310924938310        0.00000000000000     
   18.1690504784280        0.00000000000000     
   18.6178260252460        0.00000000000000     
   19.0776863280690        0.00000000000000     
   19.5489051803730        0.00000000000000     
   20.0317631383280        0.00000000000000     
   20.5265476878440        0.00000000000000     
   21.0335534157340        0.00000000000000     
   21.5530821851030        0.00000000000000     
   22.0854433150750        0.00000000000000     
   22.6309537649570        0.00000000000000     
   23.1899383229520        0.00000000000000     
   23.7627297995290        0.00000000000000     
   24.3496692255770        0.00000000000000     
   24.9511060554490        0.00000000000000     
   25.5673983750180        0.00000000000000     
   26.1989131148810        0.00000000000000     
   26.8460262688190        0.00000000000000     
   27.5091231176590        0.00000000000000     
   28.1885984586650        0.00000000000000     
   28.8848568405940        0.00000000000000     
   29.5983128045560        0.00000000000000     
   30.3293911308290        0.00000000000000     
   31.0785270917600        0.00000000000000     
   31.8461667109270        0.00000000000000     
   32.6327670286870        0.00000000000000     
   33.4387963742950        0.00000000000000     
   34.2647346447400        0.00000000000000     
   35.1110735904660        0.00000000000000     
   35.9783171081500        0.00000000000000     
   36.8669815407210        0.00000000000000     
   37.7775959847770        0.00000000000000     
   38.7107026056010        0.00000000000000     
   39.6668569599600        0.00000000000000     
   40.6466283268700        0.00000000000000     
   41.6506000465440        0.00000000000000     
   42.6793698676940        0.00000000000000     
   43.7335503034260        0.00000000000000     
   44.8137689959200        0.00000000000000     
   45.9206690901200        0.00000000000000     
   47.0549096166460        0.00000000000000     
   48.2171658841770        0.00000000000000     
   49.4081298815160        0.00000000000000     
   50.6285106895890        0.00000000000000     
   51.8790349036220        0.00000000000000     
   53.1604470657420        0.00000000000000     
   54.4735101082660        0.00000000000000     
   55.8190058079400        0.00000000000000     
   57.1977352513960        0.00000000000000     
   58.6105193121050        0.00000000000000     
   60.0581991391140        0.00000000000000     
   61.5416366578500        0.00000000000000     
   63.0617150832990        0.00000000000000     
   64.6193394458570        0.00000000000000     
   66.2154371301690        0.00000000000000     
   67.8509584272850        0.00000000000000     
   69.5268771004390        0.00000000000000     
   71.2441909648190        0.00000000000000     
   73.0039224816500        0.00000000000000     
   74.8071193669470        0.00000000000000     
   76.6548552153110        0.00000000000000     
