#   545 0.10247000000000E+01 2   2.4192 0.11000000000000E+02
   1 0.13297872340426E-03 0.70327968749865E-11 -.16530106409634E+02
   2 0.13626329787234E-03 0.75669050193438E-11 -.16530106422499E+02
   3 0.13962900132979E-03 0.81415761879061E-11 -.16530106435050E+02
   4 0.14307783766263E-03 0.87598909533065E-11 -.16530106447296E+02
   5 0.14661186025290E-03 0.94251643318839E-11 -.16530106459243E+02
   6 0.15023317320115E-03 0.10140962163391E-10 -.16530106470898E+02
   7 0.15394393257921E-03 0.10911121540676E-10 -.16530106482269E+02
   8 0.15774634771392E-03 0.11739770973892E-10 -.16530106493361E+02
   9 0.16164268250246E-03 0.12631352513243E-10 -.16530106504182E+02
  10 0.16563525676027E-03 0.13590645562163E-10 -.16530106514738E+02
  11 0.16972644760224E-03 0.14622792497730E-10 -.16530106525035E+02
  12 0.17391869085802E-03 0.15733326236842E-10 -.16530106535078E+02
  13 0.17821448252221E-03 0.16928199895911E-10 -.16530106544874E+02
  14 0.18261638024051E-03 0.18213818703078E-10 -.16530106554429E+02
  15 0.18712700483245E-03 0.19597074334009E-10 -.16530106563748E+02
  16 0.19174904185181E-03 0.21085381855337E-10 -.16530106572836E+02
  17 0.19648524318555E-03 0.22686719473789E-10 -.16530106581699E+02
  18 0.20133842869224E-03 0.24409671304071E-10 -.16530106590342E+02
  19 0.20631148788094E-03 0.26263473384782E-10 -.16530106598769E+02
  20 0.21140738163159E-03 0.28258063189017E-10 -.16530106606986E+02
  21 0.21662914395789E-03 0.30404132895073E-10 -.16530106614998E+02
  22 0.22197988381365E-03 0.32713186702824E-10 -.16530106622808E+02
  23 0.22746278694385E-03 0.35197602502995E-10 -.16530106630422E+02
  24 0.23308111778137E-03 0.37870698229946E-10 -.16530106637844E+02
  25 0.23883822139056E-03 0.40746803253635E-10 -.16530106645077E+02
  26 0.24473752545891E-03 0.43841335193464E-10 -.16530106652127E+02
  27 0.25078254233775E-03 0.47170882565791E-10 -.16530106658996E+02
  28 0.25697687113349E-03 0.50753293708130E-10 -.16530106665689E+02
  29 0.26332419985049E-03 0.54607772456725E-10 -.16530106672210E+02
  30 0.26982830758679E-03 0.58754981090402E-10 -.16530106678561E+02
  31 0.27649306678419E-03 0.63217151092520E-10 -.16530106684748E+02
  32 0.28332244553376E-03 0.68018202324778E-10 -.16530106690772E+02
  33 0.29032050993844E-03 0.73183871251715E-10 -.16530106696637E+02
  34 0.29749142653392E-03 0.78741848903266E-10 -.16530106702347E+02
  35 0.30483946476931E-03 0.84721929314929E-10 -.16530106707903E+02
  36 0.31236899954911E-03 0.91156169241269E-10 -.16530106713311E+02
  37 0.32008451383797E-03 0.98079059998919E-10 -.16530106718571E+02
  38 0.32799060132977E-03 0.10552771236024E-09 -.16530106723687E+02
  39 0.33609196918262E-03 0.11354205548883E-09 -.16530106728662E+02
  40 0.34439344082143E-03 0.12216505098317E-09 -.16530106733497E+02
  41 0.35289995880972E-03 0.13144292317600E-09 -.16530106738196E+02
  42 0.36161658779232E-03 0.14142540692372E-09 -.16530106742760E+02
  43 0.37054851751079E-03 0.15216601421436E-09 -.16530106747193E+02
  44 0.37970106589330E-03 0.16372232102306E-09 -.16530106751495E+02
  45 0.38907968222087E-03 0.17615627595296E-09 -.16530106755668E+02
  46 0.39868995037172E-03 0.18953453231585E-09 -.16530106759716E+02
  47 0.40853759214590E-03 0.20392880543285E-09 -.16530106763639E+02
  48 0.41862847067191E-03 0.21941625707026E-09 -.16530106767439E+02
  49 0.42896859389750E-03 0.23607990907168E-09 -.16530106771117E+02
  50 0.43956411816677E-03 0.25400908840336E-09 -.16530106774676E+02
  51 0.45042135188549E-03 0.27329990599873E-09 -.16530106778116E+02
  52 0.46154675927706E-03 0.29405577196888E-09 -.16530106781439E+02
  53 0.47294696423121E-03 0.31638794994082E-09 -.16530106784645E+02
  54 0.48462875424772E-03 0.34041615349507E-09 -.16530106787736E+02
  55 0.49659908447763E-03 0.36626918789990E-09 -.16530106790712E+02
  56 0.50886508186423E-03 0.39408564058215E-09 -.16530106793575E+02
  57 0.52143404938628E-03 0.42401462403605E-09 -.16530106796324E+02
  58 0.53431347040612E-03 0.45621657515238E-09 -.16530106798961E+02
  59 0.54751101312515E-03 0.49086411525287E-09 -.16530106801486E+02
  60 0.56103453514934E-03 0.52814297544001E-09 -.16530106803899E+02
  61 0.57489208816753E-03 0.56825299222278E-09 -.16530106806200E+02
  62 0.58909192274527E-03 0.61140917875529E-09 -.16530106808389E+02
  63 0.60364249323708E-03 0.65784287743083E-09 -.16530106810466E+02
  64 0.61855246282003E-03 0.70780300000983E-09 -.16530106812430E+02
  65 0.63383070865169E-03 0.76155736192947E-09 -.16530106814282E+02
  66 0.64948632715538E-03 0.81939411794763E-09 -.16530106816021E+02
  67 0.66552863943612E-03 0.88162330681692E-09 -.16530106817646E+02
  68 0.68196719683019E-03 0.94857851326911E-09 -.16530106819155E+02
  69 0.69881178659190E-03 0.10206186562191E-08 -.16530106820549E+02
  70 0.71607243772072E-03 0.10981299127743E-08 -.16530106821826E+02
  71 0.73375942693242E-03 0.11815277883624E-08 -.16530106822984E+02
  72 0.75188328477765E-03 0.12712593440758E-08 -.16530106824021E+02
  73 0.77045480191166E-03 0.13678055931712E-08 -.16530106824937E+02
  74 0.78948503551888E-03 0.14716840795715E-08 -.16530106825728E+02
  75 0.80898531589620E-03 0.15834516521918E-08 -.16530106826394E+02
  76 0.82896725319883E-03 0.17037074499614E-08 -.16530106826931E+02
  77 0.84944274435284E-03 0.18330961135431E-08 -.16530106827337E+02
  78 0.87042398013836E-03 0.19723112409664E-08 -.16530106827608E+02
  79 0.89192345244777E-03 0.21220991056978E-08 -.16530106827743E+02
  80 0.91395396172323E-03 0.22832626570798E-08 -.16530106827737E+02
  81 0.93652862457780E-03 0.24566658245818E-08 -.16530106827587E+02
  82 0.95966088160487E-03 0.26432381489375E-08 -.16530106827289E+02
  83 0.98336450538051E-03 0.28439797649919E-08 -.16530106826839E+02
  84 0.10076536086634E-02 0.30599667629694E-08 -.16530106826232E+02
  85 0.10325426527974E-02 0.32923569569020E-08 -.16530106825464E+02
  86 0.10580464563215E-02 0.35423960911385E-08 -.16530106824529E+02
  87 0.10841802037926E-02 0.38114245182047E-08 -.16530106823422E+02
  88 0.11109594548263E-02 0.41008843838106E-08 -.16530106822137E+02
  89 0.11384001533605E-02 0.44123273575201E-08 -.16530106820668E+02
  90 0.11665186371485E-02 0.47474229505221E-08 -.16530106819009E+02
  91 0.11953316474861E-02 0.51079674650894E-08 -.16530106817151E+02
  92 0.12248563391790E-02 0.54958936237005E-08 -.16530106815088E+02
  93 0.12551102907567E-02 0.59132809294369E-08 -.16530106812812E+02
  94 0.12861115149384E-02 0.63623668131945E-08 -.16530106810314E+02
  95 0.13178784693574E-02 0.68455586274610E-08 -.16530106807585E+02
  96 0.13504300675505E-02 0.73654465509512E-08 -.16530106804615E+02
  97 0.13837856902190E-02 0.79248174732729E-08 -.16530106801395E+02
  98 0.14179651967674E-02 0.85266699340509E-08 -.16530106797914E+02
  99 0.14529889371276E-02 0.91742301965876E-08 -.16530106794160E+02
 100 0.14888777638746E-02 0.98709695422197E-08 -.16530106790121E+02
 101 0.15256530446423E-02 0.10620622878076E-07 -.16530106785784E+02
 102 0.15633366748450E-02 0.11427208757977E-07 -.16530106781135E+02
 103 0.16019510907137E-02 0.12295050923795E-07 -.16530106776161E+02
 104 0.16415192826543E-02 0.13228801482745E-07 -.16530106770846E+02
 105 0.16820648089359E-02 0.14233465844837E-07 -.16530106765173E+02
 106 0.17236118097166E-02 0.15314429554166E-07 -.16530106759125E+02
 107 0.17661850214166E-02 0.16477487157855E-07 -.16530106752685E+02
 108 0.18098097914456E-02 0.17728873267407E-07 -.16530106745833E+02
 109 0.18545120932943E-02 0.19075295978939E-07 -.16530106738548E+02
 110 0.19003185419986E-02 0.20523972831458E-07 -.16530106730808E+02
 111 0.19472564099860E-02 0.22082669495911E-07 -.16530106722591E+02
 112 0.19953536433127E-02 0.23759741402381E-07 -.16530106713872E+02
 113 0.20446388783025E-02 0.25564178528565E-07 -.16530106704625E+02
 114 0.20951414585966E-02 0.27505653589600E-07 -.16530106694822E+02
 115 0.21468914526239E-02 0.29594573887531E-07 -.16530106684435E+02
 116 0.21999196715037E-02 0.31842137098344E-07 -.16530106673431E+02
 117 0.22542576873898E-02 0.34260391295578E-07 -.16530106661779E+02
 118 0.23099378522684E-02 0.36862299532234E-07 -.16530106649443E+02
 119 0.23669933172194E-02 0.39661809327146E-07 -.16530106636387E+02
 120 0.24254580521547E-02 0.42673927428248E-07 -.16530106622569E+02
 121 0.24853668660429E-02 0.45914800253455E-07 -.16530106607949E+02
 122 0.25467554276342E-02 0.49401800440310E-07 -.16530106592481E+02
 123 0.26096602866968E-02 0.53153619968290E-07 -.16530106576117E+02
 124 0.26741188957782E-02 0.57190370352866E-07 -.16530106558808E+02
 125 0.27401696325039E-02 0.61533690448344E-07 -.16530106540498E+02
 126 0.28078518224267E-02 0.66206862437271E-07 -.16530106521131E+02
 127 0.28772057624407E-02 0.71234936628046E-07 -.16530106500645E+02
 128 0.29482727447730E-02 0.76644865729628E-07 -.16530106478974E+02
 129 0.30210950815689E-02 0.82465649322949E-07 -.16530106456048E+02
 130 0.30957161300836E-02 0.88728489303360E-07 -.16530106431792E+02
 131 0.31721803184967E-02 0.95466957127151E-07 -.16530106406128E+02
 132 0.32505331723635E-02 0.10271717375850E-06 -.16530106378969E+02
 133 0.33308213417209E-02 0.11051800328124E-06 -.16530106350225E+02
 134 0.34130926288614E-02 0.11891126121302E-06 -.16530106319798E+02
 135 0.34973960167943E-02 0.12794193863824E-06 -.16530106287583E+02
 136 0.35837816984091E-02 0.13765844336100E-06 -.16530106253469E+02
 137 0.36723011063598E-02 0.14811285937029E-06 -.16530106217336E+02
 138 0.37630069436869E-02 0.15936122600784E-06 -.16530106179056E+02
 139 0.38559532151960E-02 0.17146383833482E-06 -.16530106138490E+02
 140 0.39511952596113E-02 0.18448557030680E-06 -.16530106095491E+02
 141 0.40487897825237E-02 0.19849622248884E-06 -.16530106049901E+02
 142 0.41487948901521E-02 0.21357089617392E-06 -.16530106001547E+02
 143 0.42512701239388E-02 0.22979039590945E-06 -.16530105950247E+02
 144 0.43562764960001E-02 0.24724166258865E-06 -.16530105895803E+02
 145 0.44638765254513E-02 0.26601823942750E-06 -.16530105838003E+02
 146 0.45741342756299E-02 0.28622077332396E-06 -.16530105776617E+02
 147 0.46871153922380E-02 0.30795755428572E-06 -.16530105711399E+02
 148 0.48028871424263E-02 0.33134509581673E-06 -.16530105642082E+02
 149 0.49215184548442E-02 0.35650875937193E-06 -.16530105568380E+02
 150 0.50430799606789E-02 0.38358342622592E-06 -.16530105489981E+02
 151 0.51676440357076E-02 0.41271422035483E-06 -.16530105406551E+02
 152 0.52952848433896E-02 0.44405728620430E-06 -.16530105317729E+02
 153 0.54260783790213E-02 0.47778062550994E-06 -.16530105223121E+02
 154 0.55601025149832E-02 0.51406499765321E-06 -.16530105122305E+02
 155 0.56974370471032E-02 0.55310488837557E-06 -.16530105014821E+02
 156 0.58381637421667E-02 0.59510955203998E-06 -.16530104900173E+02
 157 0.59823663865982E-02 0.64030413302229E-06 -.16530104777821E+02
 158 0.61301308363472E-02 0.68893087223910E-06 -.16530104647182E+02
 159 0.62815450680050E-02 0.74125040527387E-06 -.16530104507620E+02
 160 0.64366992311847E-02 0.79754315905377E-06 -.16530104358449E+02
 161 0.65956857021949E-02 0.85811085455713E-06 -.16530104198920E+02
 162 0.67585991390392E-02 0.92327812359849E-06 -.16530104028221E+02
 163 0.69255365377734E-02 0.99339424834934E-06 -.16530103845468E+02
 164 0.70965972902564E-02 0.10688350329087E-05 -.16530103649701E+02
 165 0.72718832433258E-02 0.11500048169445E-05 -.16530103439874E+02
 166 0.74514987594359E-02 0.12373386421875E-05 -.16530103214849E+02
 167 0.76355507787940E-02 0.13313045833748E-05 -.16530102973386E+02
 168 0.78241488830302E-02 0.14324062561238E-05 -.16530102714134E+02
 169 0.80174053604410E-02 0.15411855151581E-05 -.16530102435619E+02
 170 0.82154352728439E-02 0.16582253573308E-05 -.16530102136235E+02
 171 0.84183565240832E-02 0.17841530449803E-05 -.16530101814230E+02
 172 0.86262899302280E-02 0.19196434663354E-05 -.16530101467689E+02
 173 0.88393592915046E-02 0.20654227509522E-05 -.16530101094524E+02
 174 0.90576914660048E-02 0.22222721595277E-05 -.16530100692454E+02
 175 0.92814164452151E-02 0.23910322689032E-05 -.16530100258984E+02
 176 0.95106674314119E-02 0.25726074746452E-05 -.16530099791390E+02
 177 0.97455809169678E-02 0.27679708352905E-05 -.16530099286690E+02
 178 0.99862967656169E-02 0.29781692841671E-05 -.16530098741627E+02
 179 0.10232958295728E-01 0.32043292366616E-05 -.16530098152632E+02
 180 0.10485712365632E-01 0.34476626229212E-05 -.16530097515804E+02
 181 0.10744709461063E-01 0.37094733782454E-05 -.16530096826868E+02
 182 0.11010103784752E-01 0.39911644258654E-05 -.16530096081145E+02
 183 0.11282053348235E-01 0.42942451894386E-05 -.16530095273508E+02
 184 0.11560720065936E-01 0.46203396754105E-05 -.16530094398343E+02
 185 0.11846269851565E-01 0.49711951684346E-05 -.16530093449492E+02
 186 0.12138872716899E-01 0.53486915863113E-05 -.16530092420210E+02
 187 0.12438702873006E-01 0.57548515444218E-05 -.16530091303097E+02
 188 0.12745938833969E-01 0.61918511834149E-05 -.16530090090039E+02
 189 0.13060763523168E-01 0.66620318179683E-05 -.16530088772138E+02
 190 0.13383364382190E-01 0.71679124688224E-05 -.16530087339627E+02
 191 0.13713933482431E-01 0.77122033449856E-05 -.16530085781791E+02
 192 0.14052667639447E-01 0.82978203480664E-05 -.16530084086869E+02
 193 0.14399768530141E-01 0.89279006761278E-05 -.16530082241951E+02
 194 0.14755442812835E-01 0.96058196103056E-05 -.16530080232859E+02
 195 0.15119902250312E-01 0.10335208573721E-04 -.16530078044029E+02
 196 0.15493363835895E-01 0.11119974558980E-04 -.16530075658364E+02
 197 0.15876049922642E-01 0.11964321027816E-04 -.16530073057084E+02
 198 0.16268188355731E-01 0.12872770394261E-04 -.16530070219559E+02
 199 0.16670012608118E-01 0.13850188211117E-04 -.16530067123122E+02
 200 0.17081761919538E-01 0.14901809188544E-04 -.16530063742863E+02
 201 0.17503681438951E-01 0.16033265183304E-04 -.16530060051411E+02
 202 0.17936022370493E-01 0.17250615307607E-04 -.16530056018679E+02
 203 0.18379042123044E-01 0.18560378317770E-04 -.16530051611597E+02
 204 0.18833004463483E-01 0.19969567454937E-04 -.16530046793812E+02
 205 0.19298179673731E-01 0.21485727923084E-04 -.16530041525357E+02
 206 0.19774844711672E-01 0.23116977203469E-04 -.16530035762294E+02
 207 0.20263283376051E-01 0.24872048419670E-04 -.16530029456308E+02
 208 0.20763786475439E-01 0.26760336983446E-04 -.16530022554277E+02
 209 0.21276652001382E-01 0.28791950768956E-04 -.16530014997784E+02
 210 0.21802185305817E-01 0.30977764081458E-04 -.16530006722592E+02
 211 0.22340699282870E-01 0.33329475706601E-04 -.16529997658059E+02
 212 0.22892514555157E-01 0.35859671347837E-04 -.16529987726501E+02
 213 0.23457959664669E-01 0.38581890782591E-04 -.16529976842484E+02
 214 0.24037371268387E-01 0.41510700092545E-04 -.16529964912059E+02
 215 0.24631094338716E-01 0.44661769350019E-04 -.16529951831908E+02
 216 0.25239482368882E-01 0.48051956170992E-04 -.16529937488416E+02
 217 0.25862897583394E-01 0.51699395575997E-04 -.16529921756647E+02
 218 0.26501711153703E-01 0.55623596633068E-04 -.16529904499226E+02
 219 0.27156303419200E-01 0.59845546392309E-04 -.16529885565106E+02
 220 0.27827064113654E-01 0.64387821659622E-04 -.16529864788225E+02
 221 0.28514392597261E-01 0.69274709197936E-04 -.16529841986025E+02
 222 0.29218698094414E-01 0.74532334988021E-04 -.16529816957839E+02
 223 0.29940399937346E-01 0.80188803227978E-04 -.16529789483123E+02
 224 0.30679927815798E-01 0.86274345800884E-04 -.16529759319520E+02
 225 0.31437722032848E-01 0.92821482994190E-04 -.16529726200748E+02
 226 0.32214233767060E-01 0.99865196312462E-04 -.16529689834296E+02
 227 0.33009925341106E-01 0.10744311428735E-03 -.16529649898903E+02
 228 0.33825270497032E-01 0.11559571225538E-03 -.16529606041826E+02
 229 0.34660754678308E-01 0.12436652714580E-03 -.16529557875850E+02
 230 0.35516875318862E-01 0.13380238839738E-03 -.16529504976053E+02
 231 0.36394142139238E-01 0.14395366620543E-03 -.16529446876284E+02
 232 0.37293077450077E-01 0.15487453838836E-03 -.16529383065355E+02
 233 0.38214216463094E-01 0.16662327725765E-03 -.16529312982921E+02
 234 0.39158107609733E-01 0.17926255797621E-03 -.16529236015025E+02
 235 0.40125312867693E-01 0.19285978999856E-03 -.16529151489307E+02
 236 0.41116408095525E-01 0.20748747330216E-03 -.16529058669857E+02
 237 0.42131983375485E-01 0.22322358124354E-03 -.16528956751692E+02
 238 0.43172643364859E-01 0.24015197200578E-03 -.16528844854859E+02
 239 0.44239007655971E-01 0.25836283074592E-03 -.16528722018160E+02
 240 0.45331711145074E-01 0.27795314470310E-03 -.16528587192491E+02
 241 0.46451404410357E-01 0.29902721369068E-03 -.16528439233806E+02
 242 0.47598754099293E-01 0.32169719856931E-03 -.16528276895732E+02
 243 0.48774443325545E-01 0.34608371048366E-03 -.16528098821838E+02
 244 0.49979172075686E-01 0.37231644384346E-03 -.16527903537618E+02
 245 0.51213657625956E-01 0.40053485624115E-03 -.16527689442220E+02
 246 0.52478634969317E-01 0.43088889872432E-03 -.16527454799995E+02
 247 0.53774857253059E-01 0.46353980008143E-03 -.16527197731941E+02
 248 0.55103096227210E-01 0.49866090905627E-03 -.16526916207154E+02
 249 0.56464142704022E-01 0.53643859867954E-03 -.16526608034395E+02
 250 0.57858807028811E-01 0.57707323719714E-03 -.16526270853923E+02
 251 0.59287919562423E-01 0.62078023038425E-03 -.16525902129764E+02
 252 0.60752331175614E-01 0.66779114036338E-03 -.16525499142597E+02
 253 0.62252913755652E-01 0.71835488639441E-03 -.16525058983478E+02
 254 0.63790560725417E-01 0.77273903347592E-03 -.16524578548623E+02
 255 0.65366187575335E-01 0.83123117499095E-03 -.16524054535504E+02
 256 0.66980732408445E-01 0.89414041604775E-03 -.16523483440511E+02
 257 0.68635156498934E-01 0.96179896460830E-03 -.16522861558436E+02
 258 0.70330444864458E-01 0.10345638379647E-02 -.16522184984035E+02
 259 0.72067606852610E-01 0.11128186926176E-02 -.16521449615888E+02
 260 0.73847676741869E-01 0.11969757861324E-02 -.16520651162771E+02
 261 0.75671714357393E-01 0.12874780800971E-02 -.16519785152668E+02
 262 0.77540805702021E-01 0.13848014938867E-02 -.16518846944523E+02
 263 0.79456063602861E-01 0.14894573195425E-02 -.16517831742722E+02
 264 0.81418628373851E-01 0.16019948087151E-02 -.16516734614235E+02
 265 0.83429668494686E-01 0.17230039432859E-02 -.16515550508191E+02
 266 0.85490381306504E-01 0.18531184019784E-02 -.16514274277611E+02
 267 0.87601993724775E-01 0.19930187359980E-02 -.16512900702853E+02
 268 0.89765762969777E-01 0.21434357674933E-02 -.16511424516252E+02
 269 0.91982977315130E-01 0.23051542254170E-02 -.16509840427319E+02
 270 0.94254956854814E-01 0.24790166341708E-02 -.16508143147813E+02
 271 0.96583054289128E-01 0.26659274712565E-02 -.16506327415916E+02
 272 0.98968655730069E-01 0.28668576110053E-02 -.16504388018766E+02
 273 0.10141318152660E+00 0.30828490723349E-02 -.16502319812584E+02
 274 0.10391808711031E+00 0.33150200893657E-02 -.16500117739712E+02
 275 0.10648486386193E+00 0.35645705246247E-02 -.16497776841955E+02
 276 0.10911503999932E+00 0.38327876454570E-02 -.16495292269749E+02
 277 0.11181018148731E+00 0.41210522851569E-02 -.16492659286796E+02
 278 0.11457189297004E+00 0.44308454111992E-02 -.16489873269984E+02
 279 0.11740181872640E+00 0.47637551237961E-02 -.16486929704547E+02
 280 0.12030164364895E+00 0.51214841088102E-02 -.16483824174573E+02
 281 0.12327309424707E+00 0.55058575697960E-02 -.16480552349099E+02
 282 0.12631793967498E+00 0.59188316646166E-02 -.16477109964138E+02
 283 0.12943799278495E+00 0.63625024726558E-02 -.16473492801066E+02
 284 0.13263511120674E+00 0.68391155190977E-02 -.16469696661847E+02
 285 0.13591119845354E+00 0.73510758830523E-02 -.16465717341588E+02
 286 0.13926820505535E+00 0.79009589164247E-02 -.16461550598917E+02
 287 0.14270812972021E+00 0.84915216003283E-02 -.16457192124639E+02
 288 0.14623302052430E+00 0.91257145654831E-02 -.16452637509067E+02
 289 0.14984497613125E+00 0.98066948023653E-02 -.16447882208373E+02
 290 0.15354614704169E+00 0.10537839085839E-01 -.16442921510212E+02
 291 0.15733873687362E+00 0.11322758137528E-01 -.16437750498792E+02
 292 0.16122500367440E+00 0.12165311547221E-01 -.16432364019493E+02
 293 0.16520726126516E+00 0.13069623472053E-01 -.16426756643036E+02
 294 0.16928788061841E+00 0.14040099128968E-01 -.16420922629148E+02
 295 0.17346929126969E+00 0.15081442092007E-01 -.16414855889582E+02
 296 0.17775398276405E+00 0.16198672401046E-01 -.16408549950282E+02
 297 0.18214450613832E+00 0.17397145482740E-01 -.16401997912464E+02
 298 0.18664347543993E+00 0.18682571877366E-01 -.16395192412259E+02
 299 0.19125356928330E+00 0.20061037756922E-01 -.16388125578603E+02
 300 0.19597753244460E+00 0.21539026209964E-01 -.16380788988943E+02
 301 0.20081817749598E+00 0.23123439257173E-01 -.16373173622333E+02
 302 0.20577838648013E+00 0.24821620548242E-01 -.16365269809435E+02
 303 0.21086111262619E+00 0.26641378675137E-01 -.16357067178915E+02
 304 0.21606938210806E+00 0.28591011018945E-01 -.16348554599680E+02
 305 0.22140629584613E+00 0.30679328026964E-01 -.16339720118355E+02
 306 0.22687503135353E+00 0.32915677793281E-01 -.16330550891396E+02
 307 0.23247884462796E+00 0.35309970789386E-01 -.16321033111126E+02
 308 0.23822107209027E+00 0.37872704561085E-01 -.16311151925014E+02
 309 0.24410513257090E+00 0.40614988173806E-01 -.16300891347399E+02
 310 0.25013452934540E+00 0.43548566149858E-01 -.16290234162855E+02
 311 0.25631285222023E+00 0.46685841598005E-01 -.16279161820307E+02
 312 0.26264377967007E+00 0.50039898187449E-01 -.16267654316963E+02
 313 0.26913108102792E+00 0.53624520564524E-01 -.16255690071053E+02
 314 0.27577861872931E+00 0.57454212750762E-01 -.16243245782308E+02
 315 0.28259035061192E+00 0.61544213995112E-01 -.16230296279027E+02
 316 0.28957033227204E+00 0.65910511480581E-01 -.16216814350521E+02
 317 0.29672271947916E+00 0.70569849206223E-01 -.16202770563633E+02
 318 0.30405177065029E+00 0.75539732278889E-01 -.16188133061986E+02
 319 0.31156184938536E+00 0.80838425755442E-01 -.16172867346504E+02
 320 0.31925742706517E+00 0.86484947075181E-01 -.16156936035719E+02
 321 0.32714308551368E+00 0.92499051014169E-01 -.16140298604288E+02
 322 0.33522351972587E+00 0.98901205978430E-01 -.16122911098129E+02
 323 0.34350354066310E+00 0.10571256033220E+00 -.16104725824512E+02
 324 0.35198807811748E+00 0.11295489733157E+00 -.16085691015463E+02
 325 0.36068218364698E+00 0.12065057710420E+00 -.16065750462837E+02
 326 0.36959103358306E+00 0.12882246398455E+00 -.16044843123449E+02
 327 0.37871993211256E+00 0.13749383738301E+00 -.16022902692775E+02
 328 0.38807431443574E+00 0.14668828424034E+00 -.15999857145834E+02
 329 0.39765975000231E+00 0.15642957099937E+00 -.15975628244095E+02
 330 0.40748194582736E+00 0.16674149291851E+00 -.15950131007508E+02
 331 0.41754674988930E+00 0.17764769846352E+00 -.15923273151161E+02
 332 0.42786015461156E+00 0.18917148645013E+00 -.15894954486492E+02
 333 0.43842830043047E+00 0.20133557358125E+00 -.15865066287648E+02
 334 0.44925747945110E+00 0.21416183003670E+00 -.15833490624298E+02
 335 0.46035413919354E+00 0.22767098084325E+00 -.15800099663141E+02
 336 0.47172488643162E+00 0.24188227089083E+00 -.15764754941506E+02
 337 0.48337649112649E+00 0.25681309168260E+00 -.15727306617732E+02
 338 0.49531589045731E+00 0.27247856822768E+00 -.15687610290708E+02
 339 0.50755019295161E+00 0.28889110492533E+00 -.15645400261754E+02
 340 0.52008668271751E+00 0.30605988986664E+00 -.15600559166944E+02
 341 0.53293282378063E+00 0.32399035771564E+00 -.15552884245995E+02
 342 0.54609626452801E+00 0.34268361224719E+00 -.15502157569756E+02
 343 0.55958484226186E+00 0.36213581073479E+00 -.15448145361811E+02
 344 0.57340658786572E+00 0.38233751371695E+00 -.15390597392407E+02
 345 0.58756973058601E+00 0.40327300524310E+00 -.15329246471528E+02
 346 0.60208270293148E+00 0.42491959052076E+00 -.15263808072325E+02
 347 0.61695414569389E+00 0.44724687996146E+00 -.15193980120893E+02
 348 0.63219291309253E+00 0.47021607094843E+00 -.15119442993392E+02
 349 0.64780807804591E+00 0.49377924121042E+00 -.15039859766731E+02
 350 0.66380893757365E+00 0.51787867044970E+00 -.14954876774307E+02
 351 0.68020501833172E+00 0.54244620978852E+00 -.14864124523425E+02
 352 0.69700608228451E+00 0.56740272159246E+00 -.14767219035884E+02
 353 0.71422213251694E+00 0.59265761519903E+00 -.14663763677403E+02
 354 0.73186341919011E+00 0.61810850689542E+00 -.14553351544903E+02
 355 0.74994044564410E+00 0.64364103498293E+00 -.14435568482587E+02
 356 0.76846397465151E+00 0.66912886274009E+00 -.14309996797974E+02
 357 0.78744503482540E+00 0.69443390331751E+00 -.14176219746933E+02
 358 0.80689492718559E+00 0.71940680080198E+00 -.14033826851767E+02
 359 0.82682523188707E+00 0.74388770059079E+00 -.13882420107899E+02
 360 0.84724781511469E+00 0.76770733952130E+00 -.13721621122112E+02
 361 0.86817483614802E+00 0.79068848161619E+00 -.13551079207847E+02
 362 0.88961875460087E+00 0.81264771856832E+00 -.13370480440193E+02
 363 0.91159233783952E+00 0.83339764499538E+00 -.13179557644404E+02
 364 0.93410866858415E+00 0.85274940692839E+00 -.12978101256502E+02
 365 0.95718115269818E+00 0.87051560797039E+00 -.12765970952610E+02
 366 0.98082352716982E+00 0.88651354125159E+00 -.12543107895072E+02
 367 0.10050498682909E+01 0.90056869709325E+00 -.12309547388468E+02
 368 0.10298746000377E+01 0.91251847678838E+00 -.12065431678141E+02
 369 0.10553125026586E+01 0.92221602297316E+00 -.11811022559071E+02
 370 0.10813787214743E+01 0.92953405780821E+00 -.11546713395769E+02
 371 0.11080887758947E+01 0.93436860294202E+00 -.11273040087117E+02
 372 0.11354585686593E+01 0.93664244148090E+00 -.10990690447118E+02
 373 0.11635043953052E+01 0.93630817350380E+00 -.10700511417897E+02
 374 0.11922429538692E+01 0.93335071454227E+00 -.10403513490380E+02
 375 0.12216913548298E+01 0.92778909219690E+00 -.10100871687016E+02
 376 0.12518671312941E+01 0.91967741060206E+00 -.97939224667632E+01
 377 0.12827882494371E+01 0.90910487615175E+00 -.94841559523101E+01
 378 0.13144731191982E+01 0.89619481043480E+00 -.91732029600409E+01
 379 0.13469406052424E+01 0.88110261656915E+00 -.88628164397200E+01
 380 0.13802100381919E+01 0.86401271112240E+00 -.85548471058198E+01
 381 0.14143012261352E+01 0.84513448284997E+00 -.82512132635639E+01
 382 0.14492344664207E+01 0.82469738828971E+00 -.79538650912770E+01
 383 0.14850305577413E+01 0.80294533925025E+00 -.76647123154803E+01
 384 0.15217108125175E+01 0.78013057493781E+00 -.73856289466480E+01
 385 0.15592970695867E+01 0.75650723892850E+00 -.71184514424568E+01
 386 0.15978117072055E+01 0.73232492232553E+00 -.68648146516600E+01
 387 0.16372776563735E+01 0.70782229803120E+00 -.66261504921941E+01
 388 0.16777184144859E+01 0.68322126500356E+00 -.64036371298939E+01
 389 0.17191580593237E+01 0.65872165858844E+00 -.61981488635389E+01
 390 0.17616212633890E+01 0.63449676995891E+00 -.60102067828238E+01
 391 0.18051333085947E+01 0.61068982885568E+00 -.58399297497411E+01
 392 0.18497201013170E+01 0.58741159319029E+00 -.56869850122141E+01
 393 0.18954081878195E+01 0.56473918051926E+00 -.55505382272079E+01
 394 0.19422247700587E+01 0.54271627890142E+00 -.54292044591675E+01
 395 0.19901977218791E+01 0.52135488433099E+00 -.53210055813899E+01
 396 0.20393556056095E+01 0.50063871692803E+00 -.52233462380182E+01
 397 0.20897276890681E+01 0.48052844567660E+00 -.51330307730777E+01
 398 0.21413439629881E+01 0.46096876598038E+00 -.50463575445346E+01
 399 0.21942351588739E+01 0.44189717681508E+00 -.49593444016263E+01
 400 0.22484327672981E+01 0.42325394987221E+00 -.48681587073268E+01
 401 0.23039690566503E+01 0.40499210566254E+00 -.47698458985956E+01
 402 0.23608770923496E+01 0.38708560012980E+00 -.46634724358827E+01
 403 0.24191907565306E+01 0.36953386083327E+00 -.45518265028683E+01
 404 0.24789447682169E+01 0.35235221466900E+00 -.44412951713030E+01
 405 0.25401747039919E+01 0.33555928108807E+00 -.43335671017149E+01
 406 0.26029170191805E+01 0.31917209095485E+00 -.42285538300954E+01
 407 0.26672090695542E+01 0.30320555111437E+00 -.41261716417344E+01
 408 0.27330891335722E+01 0.28767254614611E+00 -.40263412118054E+01
 409 0.28005964351715E+01 0.27258403843300E+00 -.39289872671996E+01
 410 0.28697711671202E+01 0.25794916593003E+00 -.38340382690201E+01
 411 0.29406545149481E+01 0.24377533714629E+00 -.37414261153985E+01
 412 0.30132886814673E+01 0.23006832297288E+00 -.36510858644305E+01
 413 0.30877169118995E+01 0.21683234509787E+00 -.35629554770698E+01
 414 0.31639835196235E+01 0.20407016084691E+00 -.34769755797728E+01
 415 0.32421339125581E+01 0.19178314437570E+00 -.33930892465906E+01
 416 0.33222146201983E+01 0.17997136421775E+00 -.33112418002580E+01
 417 0.34042733213172E+01 0.16863365725855E+00 -.32313806316792E+01
 418 0.34883588723538E+01 0.15776769926674E+00 -.31534550370418E+01
 419 0.35745213365009E+01 0.14737007216368E+00 -.30774160716509E+01
 420 0.36628120135125E+01 0.13743632825601E+00 -.30032164194427E+01
 421 0.37532834702462E+01 0.12796105169203E+00 -.29308102770444E+01
 422 0.38459895719613E+01 0.11893791743137E+00 -.28601532511802E+01
 423 0.39409855143888E+01 0.11035974803952E+00 -.27912022681872E+01
 424 0.40383278565942E+01 0.10221856863328E+00 -.27239154944078E+01
 425 0.41380745546520E+01 0.94505660310762E-01 -.26582522662440E+01
 426 0.42402849961519E+01 0.87211612399440E-01 -.25941730287129E+01
 427 0.43450200355569E+01 0.80326373848142E-01 -.25316392814076E+01
 428 0.44523420304352E+01 0.73839304072942E-01 -.24706135308487E+01
 429 0.45623148785869E+01 0.67739223543563E-01 -.24110592483059E+01
 430 0.46750040560880E+01 0.62014464365527E-01 -.23529408322593E+01
 431 0.47904766562734E+01 0.56652921074482E-01 -.22962235747735E+01
 432 0.49088014296833E+01 0.51642101813543E-01 -.22408736311443E+01
 433 0.50300488249965E+01 0.46969180012727E-01 -.21868579922754E+01
 434 0.51542910309739E+01 0.42621046632859E-01 -.21341444593191E+01
 435 0.52816020194390E+01 0.38584362975888E-01 -.20827016201951E+01
 436 0.54120575893191E+01 0.34845614000923E-01 -.20324988276655E+01
 437 0.55457354117753E+01 0.31391162022184E-01 -.19835061787053E+01
 438 0.56827150764461E+01 0.28207300603191E-01 -.19356944949556E+01
 439 0.58230781388344E+01 0.25280308402862E-01 -.18890353040904E+01
 440 0.59669081688636E+01 0.22596502675512E-01 -.18435008219634E+01
 441 0.61142908006345E+01 0.20142292079852E-01 -.17990639354280E+01
 442 0.62653137834102E+01 0.17904228413640E-01 -.17556981857493E+01
 443 0.64200670338604E+01 0.15869056861942E-01 -.17133777525438E+01
 444 0.65786426895968E+01 0.14023764329254E-01 -.16720774381960E+01
 445 0.67411351640298E+01 0.12355625419712E-01 -.16317726527153E+01
 446 0.69076412025813E+01 0.10852245635718E-01 -.15924393990017E+01
 447 0.70782599402851E+01 0.95016013835939E-02 -.15540542584960E+01
 448 0.72530929608101E+01 0.82920764048733E-02 -.15165943771973E+01
 449 0.74322443569421E+01 0.72124942928630E-02 -.14800374520305E+01
 450 0.76158207925586E+01 0.62521468049167E-02 -.14443617175511E+01
 451 0.78039315661348E+01 0.54008177400604E-02 -.14095459329762E+01
 452 0.79966886758183E+01 0.46488022173876E-02 -.13755693695325E+01
 453 0.81942068861111E+01 0.39869212610748E-02 -.13424117981106E+01
 454 0.83966037961980E+01 0.34065316708615E-02 -.13100534772188E+01
 455 0.86039999099641E+01 0.28995312302558E-02 -.12784751412283E+01
 456 0.88165187077402E+01 0.24583593764505E-02 -.12476579889013E+01
 457 0.90342867198214E+01 0.20759935239710E-02 -.12175836721974E+01
 458 0.92574336018010E+01 0.17459412965803E-02 -.11882342853490E+01
 459 0.94860922117655E+01 0.14622289773586E-02 -.11595923542002E+01
 460 0.97203986893961E+01 0.12193865338389E-02 -.11316408258028E+01
 461 0.99604925370241E+01 0.10124296126426E-02 -.11043630582636E+01
 462 0.10206516702689E+02 0.83683892557665E-03 -.10777428108360E+01
 463 0.10458617665245E+02 0.68853746634873E-03 -.10517642342500E+01
 464 0.10716945521577E+02 0.56386600398329E-03 -.10264118612765E+01
 465 0.10981654075960E+02 0.45955729606628E-03 -.10016705975178E+01
 466 0.11252900931636E+02 0.37270945278060E-03 -.97752571242098E+00
 467 0.11530847584647E+02 0.30075886223699E-03 -.95396283050745E+00
 468 0.11815659519988E+02 0.24145305997420E-03 -.93096792281394E+00
 469 0.12107506310132E+02 0.19282389195625E-03 -.90852729854000E+00
 470 0.12406561715992E+02 0.15316128228106E-03 -.88662759689666E+00
 471 0.12713003790377E+02 0.12098787551315E-03 -.86525577915161E+00
 472 0.13027014983999E+02 0.95034780423433E-04 -.84439912086622E+00
 473 0.13348782254104E+02 0.74218598255898E-04 -.82404520431952E+00
 474 0.13678497175780E+02 0.57619875635056E-04 -.80418191111498E+00
 475 0.14016356056022E+02 0.44463080930915E-04 -.78479741496534E+00
 476 0.14362560050606E+02 0.34098164204550E-04 -.76588017465145E+00
 477 0.14717315283856E+02 0.25983725484946E-04 -.74741892715083E+00
 478 0.15080832971367E+02 0.19671784614947E-04 -.72940268093181E+00
 479 0.15453329545760E+02 0.14794118609196E-04 -.71182070940940E+00
 480 0.15835026785540E+02 0.11050109577107E-04 -.69466254455880E+00
 481 0.16226151947143E+02 0.81960278086576E-05 -.67791797068293E+00
 482 0.16626937900237E+02 0.60356604904079E-05 -.66157701833017E+00
 483 0.17037623266373E+02 0.44121864854993E-05 -.64562995835871E+00
 484 0.17458452561053E+02 0.32011913516889E-05 -.63006729614396E+00
 485 0.17889676339311E+02 0.23047138913803E-05 -.61487976592559E+00
 486 0.18331551344892E+02 0.16462155853238E-05 -.60005832529091E+00
 487 0.18784340663110E+02 0.11663667895313E-05 -.58559414979107E+00
 488 0.19248313877489E+02 0.81954809992009E-06 -.57147862768720E+00
 489 0.19723747230263E+02 0.57097134984120E-06 -.55770335482307E+00
 490 0.20210923786851E+02 0.39433186828376E-06 -.54426012962142E+00
 491 0.20710133604386E+02 0.26991148990249E-06 -.53114094820086E+00
 492 0.21221673904414E+02 0.18306003503827E-06 -.51833799961048E+00
 493 0.21745849249853E+02 0.12299123388551E-06 -.50584366117935E+00
 494 0.22282971726325E+02 0.81837293013629E-07 -.49365049397809E+00
 495 0.22833361127965E+02 0.53913120476386E-07 -.48175123838986E+00
 496 0.23397345147826E+02 0.00000000000000E+00 -.47013880978809E+00
 497 0.23975259572977E+02 0.00000000000000E+00 -.45880629431843E+00
 498 0.24567448484429E+02 0.00000000000000E+00 -.44774694478231E+00
 499 0.25174264461995E+02 0.00000000000000E+00 -.43695417661980E+00
 500 0.25796068794206E+02 0.00000000000000E+00 -.42642156398926E+00
 501 0.26433231693423E+02 0.00000000000000E+00 -.41614283594151E+00
 502 0.27086132516251E+02 0.00000000000000E+00 -.40611187268616E+00
 503 0.27755159989402E+02 0.00000000000000E+00 -.39632270194804E+00
 504 0.28440712441140E+02 0.00000000000000E+00 -.38676949541138E+00
 505 0.29143198038436E+02 0.00000000000000E+00 -.37744656524971E+00
 506 0.29863035029986E+02 0.00000000000000E+00 -.36834836073945E+00
 507 0.30600651995226E+02 0.00000000000000E+00 -.35946946495506E+00
 508 0.31356488099508E+02 0.00000000000000E+00 -.35080459154392E+00
 509 0.32130993355566E+02 0.00000000000000E+00 -.34234858157893E+00
 510 0.32924628891449E+02 0.00000000000000E+00 -.33409640048690E+00
 511 0.33737867225068E+02 0.00000000000000E+00 -.32604313505114E+00
 512 0.34571192545527E+02 0.00000000000000E+00 -.31818399048613E+00
 513 0.35425101001401E+02 0.00000000000000E+00 -.31051428758283E+00
 514 0.36300100996136E+02 0.00000000000000E+00 -.30302945992274E+00
 515 0.37196713490740E+02 0.00000000000000E+00 -.29572505115911E+00
 516 0.38115472313962E+02 0.00000000000000E+00 -.28859671236373E+00
 517 0.39056924480117E+02 0.00000000000000E+00 -.28164019943762E+00
 518 0.40021630514775E+02 0.00000000000000E+00 -.27485137058419E+00
 519 0.41010164788490E+02 0.00000000000000E+00 -.26822618384326E+00
 520 0.42023115858766E+02 0.00000000000000E+00 -.26176069468455E+00
 521 0.43061086820478E+02 0.00000000000000E+00 -.25545105365917E+00
 522 0.44124695664943E+02 0.00000000000000E+00 -.24929350410771E+00
 523 0.45214575647868E+02 0.00000000000000E+00 -.24328437992360E+00
 524 0.46331375666370E+02 0.00000000000000E+00 -.23742010337035E+00
 525 0.47475760645329E+02 0.00000000000000E+00 -.23169718295145E+00
 526 0.48648411933269E+02 0.00000000000000E+00 -.22611221133156E+00
 527 0.49850027708021E+02 0.00000000000000E+00 -.22066186330785E+00
 528 0.51081323392409E+02 0.00000000000000E+00 -.21534289383025E+00
 529 0.52343032080201E+02 0.00000000000000E+00 -.21015213606933E+00
 530 0.53635904972582E+02 0.00000000000000E+00 -.20508649953092E+00
 531 0.54960711825405E+02 0.00000000000000E+00 -.20014296821599E+00
 532 0.56318241407492E+02 0.00000000000000E+00 -.19531859882501E+00
 533 0.57709301970257E+02 0.00000000000000E+00 -.19061051900557E+00
 534 0.59134721728923E+02 0.00000000000000E+00 -.18601592564221E+00
 535 0.60595349355627E+02 0.00000000000000E+00 -.18153208318748E+00
 536 0.62092054484711E+02 0.00000000000000E+00 -.17715632203326E+00
 537 0.63625728230484E+02 0.00000000000000E+00 -.17288603692130E+00
 538 0.65197283717776E+02 0.00000000000000E+00 -.16871868539212E+00
 539 0.66807656625606E+02 0.00000000000000E+00 -.16465178627122E+00
 540 0.68457805744258E+02 0.00000000000000E+00 -.16068291819188E+00
 541 0.70148713546141E+02 0.00000000000000E+00 -.15680971815349E+00
 542 0.71881386770731E+02 0.00000000000000E+00 -.15302988011465E+00
 543 0.73656857023968E+02 0.00000000000000E+00 -.14934115362023E+00
 544 0.75476181392460E+02 0.00000000000000E+00 -.14574134246144E+00
 545 0.77340443072854E+02 0.00000000000000E+00 -.14222830336824E+00
