#   547 0.10247000000000E+01 2   2.0626 0.40000000000000E+01
   1 0.12500000000000E-03 0.37826092314535E-13 -.13619721567850E+01
   2 0.12808750000000E-03 0.40698807726843E-13 -.13619721630170E+01
   3 0.13125126125000E-03 0.43789692485630E-13 -.13619721694780E+01
   4 0.13449316740287E-03 0.47115315535922E-13 -.13619721762134E+01
   5 0.13781514863773E-03 0.50693506788454E-13 -.13619721824151E+01
   6 0.14121918280908E-03 0.54543445219415E-13 -.13619721888165E+01
   7 0.14470729662446E-03 0.58685768738582E-13 -.13619721955102E+01
   8 0.14828156685109E-03 0.63142682654228E-13 -.13619722025010E+01
   9 0.15194412155231E-03 0.67938078658392E-13 -.13619722097315E+01
  10 0.15569714135465E-03 0.73097662907140E-13 -.13619722172780E+01
  11 0.15954286074611E-03 0.78649093820695E-13 -.13619722250871E+01
  12 0.16348356940654E-03 0.84622130348948E-13 -.13619722332326E+01
  13 0.16752161357088E-03 0.91048791497001E-13 -.13619722417240E+01
  14 0.17165939742608E-03 0.97963527965959E-13 -.13619722505135E+01
  15 0.17589938454251E-03 0.10540340682904E-12 -.13619722596720E+01
  16 0.18024409934071E-03 0.11340831023299E-12 -.13619722692103E+01
  17 0.18469612859442E-03 0.12202114918998E-12 -.13619722790864E+01
  18 0.18925812297070E-03 0.13128809360592E-12 -.13619722893944E+01
  19 0.19393279860808E-03 0.14125881977853E-12 -.13619723000686E+01
  20 0.19872293873370E-03 0.15198677669157E-12 -.13619723111754E+01
  21 0.20363139532042E-03 0.16352947253303E-12 -.13619723227287E+01
  22 0.20866109078484E-03 0.17594878297295E-12 -.13619723347190E+01
  23 0.21381501972722E-03 0.18931128285361E-12 -.13619723471860E+01
  24 0.21909625071448E-03 0.20368860307003E-12 -.13619723601229E+01
  25 0.22450792810713E-03 0.21915781455386E-12 -.13619723735916E+01
  26 0.23005327393138E-03 0.23580184141914E-12 -.13619723875644E+01
  27 0.23573558979748E-03 0.25370990548455E-12 -.13619724020816E+01
  28 0.24155825886548E-03 0.27297800455506E-12 -.13619724171616E+01
  29 0.24752474785946E-03 0.29370942702692E-12 -.13619724328237E+01
  30 0.25363860913159E-03 0.31601530557449E-12 -.13619724490878E+01
  31 0.25990348277714E-03 0.34001521288703E-12 -.13619724659938E+01
  32 0.26632309880173E-03 0.36583780264898E-12 -.13619724835434E+01
  33 0.27290127934213E-03 0.39362149919976E-12 -.13619725017591E+01
  34 0.27964194094188E-03 0.42351523956998E-12 -.13619725206822E+01
  35 0.28654909688315E-03 0.45567927187196E-12 -.13619725403357E+01
  36 0.29362685957616E-03 0.49028601432433E-12 -.13619725607438E+01
  37 0.30087944300769E-03 0.52752097951552E-12 -.13619725819316E+01
  38 0.30831116524998E-03 0.56758376886090E-12 -.13619726039254E+01
  39 0.31592645103166E-03 0.61068914258432E-12 -.13619726267682E+01
  40 0.32372983437214E-03 0.65706817095978E-12 -.13619726504874E+01
  41 0.33172596128113E-03 0.70696947298471E-12 -.13619726750966E+01
  42 0.33991959252478E-03 0.76066054912467E-12 -.13619727006559E+01
  43 0.34831560646014E-03 0.81842921527394E-12 -.13619727271812E+01
  44 0.35691900193970E-03 0.88058514561883E-12 -.13619727547327E+01
  45 0.36573490128761E-03 0.94746153267427E-12 -.13619727833150E+01
  46 0.37476855334942E-03 0.10194168733927E-11 -.13619728129901E+01
  47 0.38402533661715E-03 0.10968368909194E-11 -.13619728437926E+01
  48 0.39351076243159E-03 0.11801366022968E-11 -.13619728757590E+01
  49 0.40323047826365E-03 0.12697625432008E-11 -.13619729089520E+01
  50 0.41319027107676E-03 0.13661951616360E-11 -.13619729433855E+01
  51 0.42339607077236E-03 0.14699513934213E-11 -.13619729791360E+01
  52 0.43385395372044E-03 0.15815874332706E-11 -.13619730162443E+01
  53 0.44457014637733E-03 0.17017017163260E-11 -.13619730547419E+01
  54 0.45555102899285E-03 0.18309381261235E-11 -.13619730947067E+01
  55 0.46680313940898E-03 0.19699894461891E-11 -.13619731361839E+01
  56 0.47833317695238E-03 0.21196010737685E-11 -.13619731792206E+01
  57 0.49014800642310E-03 0.22805750155964E-11 -.13619732238966E+01
  58 0.50225466218175E-03 0.24537741871268E-11 -.13619732702515E+01
  59 0.51466035233764E-03 0.26401270382700E-11 -.13619733183572E+01
  60 0.52737246304038E-03 0.28406325304328E-11 -.13619733682768E+01
  61 0.54039856287748E-03 0.30563654915421E-11 -.13619734200751E+01
  62 0.55374640738055E-03 0.32884823777579E-11 -.13619734738364E+01
  63 0.56742394364285E-03 0.35382274727620E-11 -.13619735296192E+01
  64 0.58143931505083E-03 0.38069395578539E-11 -.13619735875019E+01
  65 0.59580086613259E-03 0.40960590886103E-11 -.13619736475725E+01
  66 0.61051714752606E-03 0.44071359165780E-11 -.13619737099036E+01
  67 0.62559692106995E-03 0.47418375973948E-11 -.13619737745782E+01
  68 0.64104916502038E-03 0.51019583298736E-11 -.13619738416963E+01
  69 0.65688307939639E-03 0.54894285739684E-11 -.13619739113363E+01
  70 0.67310809145748E-03 0.59063253991812E-11 -.13619739835939E+01
  71 0.68973386131648E-03 0.63548836188823E-11 -.13619740585809E+01
  72 0.70677028769099E-03 0.68375077702319E-11 -.13619741363817E+01
  73 0.72422751379696E-03 0.73567850039202E-11 -.13619742171182E+01
  74 0.74211593338775E-03 0.79154989528254E-11 -.13619743008925E+01
  75 0.76044619694242E-03 0.85166446539316E-11 -.13619743878160E+01
  76 0.77922921800690E-03 0.91634446034983E-11 -.13619744780086E+01
  77 0.79847617969167E-03 0.98593660315456E-11 -.13619745716039E+01
  78 0.81819854133006E-03 0.10608139488258E-10 -.13619746687127E+01
  79 0.83840804530091E-03 0.11413778841940E-10 -.13619747694843E+01
  80 0.85911672401984E-03 0.12280602795722E-10 -.13619748740455E+01
  81 0.88033690710313E-03 0.13213258038366E-10 -.13619749825428E+01
  82 0.90208122870858E-03 0.14216744153264E-10 -.13619750951241E+01
  83 0.92436263505768E-03 0.15296440419165E-10 -.13619752119449E+01
  84 0.94719439214360E-03 0.16458134646286E-10 -.13619753331672E+01
  85 0.97059009362955E-03 0.17708054202404E-10 -.13619754589551E+01
  86 0.99456366894220E-03 0.19052899395229E-10 -.13619755894843E+01
  87 0.10191293915651E-02 0.20499879390018E-10 -.13619757249274E+01
  88 0.10443018875367E-02 0.22056750854966E-10 -.13619758654780E+01
  89 0.10700961441589E-02 0.23731859541536E-10 -.13619760113265E+01
  90 0.10965275189196E-02 0.25534185022631E-10 -.13619761626782E+01
  91 0.11236117486369E-02 0.27473388828412E-10 -.13619763197357E+01
  92 0.11513649588283E-02 0.29559866237823E-10 -.13619764827205E+01
  93 0.11798036733113E-02 0.31804802003436E-10 -.13619766518592E+01
  94 0.12089448240421E-02 0.34220230308350E-10 -.13619768273839E+01
  95 0.12388057611959E-02 0.36819099276533E-10 -.13619770095399E+01
  96 0.12694042634975E-02 0.39615340382433E-10 -.13619771985811E+01
  97 0.13007585488059E-02 0.42623943131932E-10 -.13619773947662E+01
  98 0.13328872849614E-02 0.45861035414977E-10 -.13619775983770E+01
  99 0.13658096008999E-02 0.49343969960615E-10 -.13619778096916E+01
 100 0.13995450980422E-02 0.53091417357906E-10 -.13619780290065E+01
 101 0.14341138619638E-02 0.57123466141339E-10 -.13619782566288E+01
 102 0.14695364743543E-02 0.61461730477278E-10 -.13619784928819E+01
 103 0.15058340252709E-02 0.66129466028704E-10 -.13619787380919E+01
 104 0.15430281256950E-02 0.71151694619349E-10 -.13619789926072E+01
 105 0.15811409203997E-02 0.76555338365504E-10 -.13619792567872E+01
 106 0.16201951011336E-02 0.82369363994524E-10 -.13619795310051E+01
 107 0.16602139201316E-02 0.88624938123661E-10 -.13619798156473E+01
 108 0.17012212039588E-02 0.95355594331616E-10 -.13619801111213E+01
 109 0.17432413676966E-02 0.10259741291841E-09 -.13619804178430E+01
 110 0.17862994294787E-02 0.11038921431720E-09 -.13619807362503E+01
 111 0.18304210253868E-02 0.11877276719484E-09 -.13619810667987E+01
 112 0.18756324247139E-02 0.12779301235672E-09 -.13619814099634E+01
 113 0.19219605456043E-02 0.13749830365615E-09 -.13619817662319E+01
 114 0.19694329710808E-02 0.14794066719975E-09 -.13619821361170E+01
 115 0.20180779654665E-02 0.15917608023828E-09 -.13619825201539E+01
 116 0.20679244912135E-02 0.17126477123793E-09 -.13619829188946E+01
 117 0.21190022261464E-02 0.18427154274074E-09 -.13619833329180E+01
 118 0.21713415811323E-02 0.19826611874467E-09 -.13619837628232E+01
 119 0.22249737181862E-02 0.21332351846577E-09 -.13619842092350E+01
 120 0.22799305690254E-02 0.22952445848575E-09 -.13619846728059E+01
 121 0.23362448540804E-02 0.24695578544088E-09 -.13619851542119E+01
 122 0.23939501019761E-02 0.26571094157168E-09 -.13619856541607E+01
 123 0.24530806694950E-02 0.28589046562894E-09 -.13619861733868E+01
 124 0.25136717620315E-02 0.30760253182130E-09 -.13619867126557E+01
 125 0.25757594545537E-02 0.33096352969352E-09 -.13619872727642E+01
 126 0.26393807130811E-02 0.35609868804374E-09 -.13619878545435E+01
 127 0.27045734166942E-02 0.38314274622459E-09 -.13619884588577E+01
 128 0.27713763800866E-02 0.41224067642648E-09 -.13619890866095E+01
 129 0.28398293766747E-02 0.44354846081507E-09 -.13619897387380E+01
 130 0.29099731622786E-02 0.47723392768889E-09 -.13619904162237E+01
 131 0.29818494993869E-02 0.51347765113924E-09 -.13619911200873E+01
 132 0.30555011820217E-02 0.55247391903533E-09 -.13619918513904E+01
 133 0.31309720612177E-02 0.59443177452349E-09 -.13619926112434E+01
 134 0.32083070711297E-02 0.63957613662354E-09 -.13619934008035E+01
 135 0.32875522557866E-02 0.68814900592951E-09 -.13619942212750E+01
 136 0.33687547965046E-02 0.74041076187782E-09 -.13619950739173E+01
 137 0.34519630399782E-02 0.79664155853733E-09 -.13619959600396E+01
 138 0.35372265270657E-02 0.85714282640325E-09 -.13619968810117E+01
 139 0.36245960222842E-02 0.92223888824570E-09 -.13619978382591E+01
 140 0.37141235440346E-02 0.99227869767479E-09 -.13619988332730E+01
 141 0.38058623955723E-02 0.10676377097419E-08 -.13619998676063E+01
 142 0.38998671967429E-02 0.11487198936050E-08 -.13620009428812E+01
 143 0.39961939165025E-02 0.12359598980469E-08 -.13620020607892E+01
 144 0.40948999062401E-02 0.13298253814546E-08 -.13620032230978E+01
 145 0.41960439339242E-02 0.14308195187516E-08 -.13620044316507E+01
 146 0.42996862190921E-02 0.15394836987190E-08 -.13620056883754E+01
 147 0.44058884687037E-02 0.16564004261676E-08 -.13620069952801E+01
 148 0.45147139138807E-02 0.17821964445168E-08 -.13620083544684E+01
 149 0.46262273475536E-02 0.19175460955195E-08 -.13620097681309E+01
 150 0.47404951630381E-02 0.20631749341441E-08 -.13620112385617E+01
 151 0.48575853935652E-02 0.22198636179904E-08 -.13620127681534E+01
 152 0.49775677527862E-02 0.23884520920902E-08 -.13620143594091E+01
 153 0.51005136762801E-02 0.25698440915258E-08 -.13620160149431E+01
 154 0.52264963640842E-02 0.27650119860020E-08 -.13620177374866E+01
 155 0.53555908242770E-02 0.29750019923440E-08 -.13620195298960E+01
 156 0.54878739176367E-02 0.32009397828605E-08 -.13620213951593E+01
 157 0.56234244034023E-02 0.34440365196404E-08 -.13620233363961E+01
 158 0.57623229861664E-02 0.37055953471262E-08 -.13620253568720E+01
 159 0.59046523639247E-02 0.39870183777736E-08 -.13620274600012E+01
 160 0.60504972773136E-02 0.42898142082404E-08 -.13620296493556E+01
 161 0.61999445600632E-02 0.46156060064003E-08 -.13620319286692E+01
 162 0.63530831906968E-02 0.49661402125306E-08 -.13620343018517E+01
 163 0.65100043455070E-02 0.53432959013201E-08 -.13620367729918E+01
 164 0.66708014528410E-02 0.57490948548822E-08 -.13620393463694E+01
 165 0.68355702487262E-02 0.61857124007730E-08 -.13620420264628E+01
 166 0.70044088338697E-02 0.66554890731129E-08 -.13620448179610E+01
 167 0.71774177320663E-02 0.71609431593223E-08 -.13620477257702E+01
 168 0.73546999500484E-02 0.77047841997337E-08 -.13620507550307E+01
 169 0.75363610388146E-02 0.82899275124436E-08 -.13620539111215E+01
 170 0.77225091564733E-02 0.89195098212716E-08 -.13620571996769E+01
 171 0.79132551326382E-02 0.95969060706011E-08 -.13620606265991E+01
 172 0.81087125344143E-02 0.10325747517242E-07 -.13620641980694E+01
 173 0.83089977340144E-02 0.11109941196300E-07 -.13620679205620E+01
 174 0.85142299780445E-02 0.11953690865411E-07 -.13620718008627E+01
 175 0.87245314585022E-02 0.12861519539601E-07 -.13620758460799E+01
 176 0.89400273855272E-02 0.13838293737592E-07 -.13620800636636E+01
 177 0.91608460619497E-02 0.14889249569529E-07 -.13620844614212E+01
 178 0.93871189596799E-02 0.16020020805966E-07 -.13620890475360E+01
 179 0.96189807979840E-02 0.17236669078599E-07 -.13620938305875E+01
 180 0.98565696236942E-02 0.18545716374639E-07 -.13620988195685E+01
 181 0.10100026893399E-01 0.19954179999009E-07 -.13621040239100E+01
 182 0.10349497557666E-01 0.21469610191820E-07 -.13621094534998E+01
 183 0.10605130147341E-01 0.23100130602748E-07 -.13621151187069E+01
 184 0.10867076861980E-01 0.24854481839324E-07 -.13621210304067E+01
 185 0.11135493660471E-01 0.26742068322563E-07 -.13621272000064E+01
 186 0.11410540353885E-01 0.28773008701143E-07 -.13621336394720E+01
 187 0.11692380700626E-01 0.30958190094375E-07 -.13621403613556E+01
 188 0.11981182503931E-01 0.33309326454772E-07 -.13621473788274E+01
 189 0.12277117711778E-01 0.35839021363077E-07 -.13621547057057E+01
 190 0.12580362519259E-01 0.38560835592408E-07 -.13621623564898E+01
 191 0.12891097473485E-01 0.41489359803698E-07 -.13621703463966E+01
 192 0.13209507581080E-01 0.44640292762172E-07 -.13621786913942E+01
 193 0.13535782418332E-01 0.48030525494165E-07 -.13621874082423E+01
 194 0.13870116244065E-01 0.51678231835439E-07 -.13621965145335E+01
 195 0.14212708115294E-01 0.55602965856433E-07 -.13622060287321E+01
 196 0.14563762005741E-01 0.59825766686748E-07 -.13622159702226E+01
 197 0.14923486927283E-01 0.64369271300822E-07 -.13622263593538E+01
 198 0.15292097054387E-01 0.69257835869459E-07 -.13622372174890E+01
 199 0.15669811851631E-01 0.74517666327775E-07 -.13622485670575E+01
 200 0.16056856204366E-01 0.80176958859559E-07 -.13622604316088E+01
 201 0.16453460552614E-01 0.86266051051192E-07 -.13622728358697E+01
 202 0.16859861028263E-01 0.92817584525497E-07 -.13622858058030E+01
 203 0.17276299595661E-01 0.99866679927410E-07 -.13622993686718E+01
 204 0.17703024195674E-01 0.10745112519963E-06 -.13623135531037E+01
 205 0.18140288893307E-01 0.11561157815764E-06 -.13623283891612E+01
 206 0.18588354028972E-01 0.12439178445007E-06 -.13623439084127E+01
 207 0.19047486373488E-01 0.13383881207316E-06 -.13623601440100E+01
 208 0.19517959286913E-01 0.14400330369639E-06 -.13623771307663E+01
 209 0.20000052881299E-01 0.15493974815225E-06 -.13623949052413E+01
 210 0.20494054187468E-01 0.16670677254567E-06 -.13624135058272E+01
 211 0.21000257325898E-01 0.17936745654925E-06 -.13624329728422E+01
 212 0.21518963681848E-01 0.19298967056934E-06 -.13624533486248E+01
 213 0.22050482084789E-01 0.20764643959619E-06 -.13624746776358E+01
 214 0.22595128992284E-01 0.22341633468879E-06 -.13624970065638E+01
 215 0.23153228678393E-01 0.24038389419357E-06 -.13625203844358E+01
 216 0.23725113426749E-01 0.25864007695532E-06 -.13625448627324E+01
 217 0.24311123728390E-01 0.27828274995035E-06 -.13625704955104E+01
 218 0.24911608484481E-01 0.29941721295650E-06 -.13625973395289E+01
 219 0.25526925214048E-01 0.32215676307318E-06 -.13626254543835E+01
 220 0.26157440266835E-01 0.34662330211831E-06 -.13626549026445E+01
 221 0.26803529041426E-01 0.37294799015919E-06 -.13626857500041E+01
 222 0.27465576208749E-01 0.40127194868129E-06 -.13627180654288E+01
 223 0.28143975941105E-01 0.43174701716570E-06 -.13627519213190E+01
 224 0.28839132146850E-01 0.46453656713204E-06 -.13627873936774E+01
 225 0.29551458710878E-01 0.49981637801187E-06 -.13628245622831E+01
 226 0.30281379741036E-01 0.53777557954959E-06 -.13628635108754E+01
 227 0.31029329820640E-01 0.57861766578410E-06 -.13629043273451E+01
 228 0.31795754267210E-01 0.62256158604901E-06 -.13629471039347E+01
 229 0.32581109397610E-01 0.66984291884181E-06 -.13629919374468E+01
 230 0.33385862799731E-01 0.72071513485729E-06 -.13630389294625E+01
 231 0.34210493610884E-01 0.77545095595851E-06 -.13630881865678E+01
 232 0.35055492803073E-01 0.83434381737351E-06 -.13631398205899E+01
 233 0.35921363475309E-01 0.89770944095951E-06 -.13631939488433E+01
 234 0.36808621153149E-01 0.96588752797226E-06 -.13632506943843E+01
 235 0.37717794095632E-01 0.10392435804194E-05 -.13633101862760E+01
 236 0.38649423609794E-01 0.11181708607666E-05 -.13633725598618E+01
 237 0.39604064372956E-01 0.12030925005067E-05 -.13634379570495E+01
 238 0.40582284762968E-01 0.12944637689034E-05 -.13635065266035E+01
 239 0.41584667196613E-01 0.13927745140758E-05 -.13635784244479E+01
 240 0.42611808476369E-01 0.14985517895208E-05 -.13636538139783E+01
 241 0.43664320145736E-01 0.16123626801597E-05 -.13637328663841E+01
 242 0.44742828853335E-01 0.17348173430709E-05 -.13638157609811E+01
 243 0.45847976726013E-01 0.18665722792189E-05 -.13639026855545E+01
 244 0.46980421751145E-01 0.20083338537324E-05 -.13639938367142E+01
 245 0.48140838168398E-01 0.21608620836170E-05 -.13640894202611E+01
 246 0.49329916871158E-01 0.23249747132232E-05 -.13641896515680E+01
 247 0.50548365817876E-01 0.25015515993356E-05 -.13642947559732E+01
 248 0.51796910453577E-01 0.26915394294121E-05 -.13644049691902E+01
 249 0.53076294141780E-01 0.28959567982885E-05 -.13645205377333E+01
 250 0.54387278607082E-01 0.31158996705891E-05 -.13646417193597E+01
 251 0.55730644388677E-01 0.33525472581573E-05 -.13647687835303E+01
 252 0.57107191305078E-01 0.36071683440437E-05 -.13649020118893E+01
 253 0.58517738930313E-01 0.38811280869923E-05 -.13650416987619E+01
 254 0.59963127081892E-01 0.41758953429426E-05 -.13651881516736E+01
 255 0.61444216320814E-01 0.44930505428425E-05 -.13653416918876E+01
 256 0.62961888463939E-01 0.48342941690564E-05 -.13655026549634E+01
 257 0.64517047108998E-01 0.52014558758669E-05 -.13656713913342E+01
 258 0.66110618172590E-01 0.55965043030284E-05 -.13658482669030E+01
 259 0.67743550441453E-01 0.60215576350549E-05 -.13660336636571E+01
 260 0.69416816137357E-01 0.64788949629310E-05 -.13662279802986E+01
 261 0.71131411495950E-01 0.69709685092445E-05 -.13664316328896E+01
 262 0.72888357359900E-01 0.75004167823835E-05 -.13666450555105E+01
 263 0.74688699786689E-01 0.80700787304269E-05 -.13668687009279E+01
 264 0.76533510671420E-01 0.86830089707362E-05 -.13671030412703E+01
 265 0.78423888385004E-01 0.93424941770352E-05 -.13673485687068E+01
 266 0.80360958428114E-01 0.10052070711986E-04 -.13676057961271E+01
 267 0.82345874101288E-01 0.10815543599966E-04 -.13678752578171E+01
 268 0.84379817191590E-01 0.11637006941957E-04 -.13681575101274E+01
 269 0.86463998676223E-01 0.12520865882206E-04 -.13684531321299E+01
 270 0.88599659443525E-01 0.13471860244670E-04 -.13687627262592E+01
 271 0.90788071031780E-01 0.14495089966228E-04 -.13690869189341E+01
 272 0.93030536386265E-01 0.15596042463309E-04 -.13694263611594E+01
 273 0.95328390635006E-01 0.16780622078985E-04 -.13697817291021E+01
 274 0.97683001883691E-01 0.18055181768761E-04 -.13701537246461E+01
 275 0.10009577203022E+00 0.19426557195350E-04 -.13705430759239E+01
 276 0.10256813759936E+00 0.20902103415652E-04 -.13709505378306E+01
 277 0.10510157059807E+00 0.22489734357137E-04 -.13713768925263E+01
 278 0.10769757939184E+00 0.24197965295796E-04 -.13718229499361E+01
 279 0.11035770960282E+00 0.26035958564004E-04 -.13722895482594E+01
 280 0.11308354503001E+00 0.28013572733990E-04 -.13727775545041E+01
 281 0.11587670859225E+00 0.30141415541326E-04 -.13732878650611E+01
 282 0.11873886329448E+00 0.32430900832933E-04 -.13738214063382E+01
 283 0.12167171321785E+00 0.34894309845790E-04 -.13743791354684E+01
 284 0.12467700453433E+00 0.37544857145780E-04 -.13749620411069E+01
 285 0.12775652654633E+00 0.40396761581195E-04 -.13755711443232E+01
 286 0.13091211275203E+00 0.43465322632371E-04 -.13762074995831E+01
 287 0.13414564193700E+00 0.46767002567940E-04 -.13768721958028E+01
 288 0.13745903929284E+00 0.50319514849379E-04 -.13775663574388E+01
 289 0.14085427756338E+00 0.54141919259120E-04 -.13782911455563E+01
 290 0.14433337821919E+00 0.58254724263598E-04 -.13790477588008E+01
 291 0.14789841266121E+00 0.62679997161449E-04 -.13798374341836E+01
 292 0.15155150345394E+00 0.67441482608861E-04 -.13806614475867E+01
 293 0.15529482558925E+00 0.72564730159028E-04 -.13815211139056E+01
 294 0.15913060778131E+00 0.78077231500947E-04 -.13824177867730E+01
 295 0.16306113379350E+00 0.84008568134820E-04 -.13833528578645E+01
 296 0.16708874379820E+00 0.90390570277145E-04 -.13843277558446E+01
 297 0.17121583577002E+00 0.97257487848689E-04 -.13853439450937E+01
 298 0.17544486691354E+00 0.10464617446309E-03 -.13864029244219E+01
 299 0.17977835512630E+00 0.11259628540327E-03 -.13875062260323E+01
 300 0.18421888049792E+00 0.12115049064738E-03 -.13886554150185E+01
 301 0.18876908684622E+00 0.13035470408616E-03 -.13898520896712E+01
 302 0.19343168329132E+00 0.14025833015976E-03 -.13910978828181E+01
 303 0.19820944586862E+00 0.15091452923433E-03 -.13923944643472E+01
 304 0.20310521918157E+00 0.16238050313816E-03 -.13937435449692E+01
 305 0.20812191809536E+00 0.17471780238358E-03 -.13951468811761E+01
 306 0.21326252947231E+00 0.18799265671524E-03 -.13966062812610E+01
 307 0.21853011395028E+00 0.20227633074786E-03 -.13981236121810E+01
 308 0.22392780776485E+00 0.21764550658841E-03 -.13997008069848E+01
 309 0.22945882461664E+00 0.23418269547811E-03 -.14013398724677E+01
 310 0.23512645758467E+00 0.25197668064122E-03 -.14030428966841E+01
 311 0.24093408108702E+00 0.27112299368870E-03 -.14048120559113E+01
 312 0.24688515288987E+00 0.29172442709837E-03 -.14066496206373E+01
 313 0.25298321616625E+00 0.31389158547785E-03 -.14085579601277E+01
 314 0.25923190160555E+00 0.33774347851456E-03 -.14105395451154E+01
 315 0.26563492957521E+00 0.36340815872813E-03 -.14125969481588E+01
 316 0.27219611233572E+00 0.39102340736623E-03 -.14147328412246E+01
 317 0.27891935631041E+00 0.42073747202472E-03 -.14169499900837E+01
 318 0.28580866441128E+00 0.45270985982955E-03 -.14192512451580E+01
 319 0.29286813842223E+00 0.48711219028964E-03 -.14216395285392E+01
 320 0.30010198144126E+00 0.52412911222006E-03 -.14241178170073E+01
 321 0.30751450038286E+00 0.56395928944176E-03 -.14266891210279E+01
 322 0.31511010854232E+00 0.60681646029020E-03 -.14293564598969E+01
 323 0.32289332822331E+00 0.65293057630997E-03 -.14321228334345E+01
 324 0.33086879343043E+00 0.70254902587724E-03 -.14349911909145E+01
 325 0.33904125262816E+00 0.75593794887611E-03 -.14379643982387E+01
 326 0.34741557156808E+00 0.81338364895998E-03 -.14410452047375E+01
 327 0.35599673618581E+00 0.87519411035354E-03 -.14442362113655E+01
 328 0.36478985556960E+00 0.94170062659639E-03 -.14475398424561E+01
 329 0.37380016500217E+00 0.10132595490929E-02 -.14509583235475E+01
 330 0.38303302907772E+00 0.10902541638150E-02 -.14544936680251E+01
 331 0.39249394489594E+00 0.11730967050041E-02 -.14581476753465E+01
 332 0.40218854533487E+00 0.12622305152271E-02 -.14619219432687E+01
 333 0.41212260240464E+00 0.13581323616680E-02 -.14658178956075E+01
 334 0.42230203068404E+00 0.14613149190568E-02 -.14698368254042E+01
 335 0.43273289084193E+00 0.15723294301697E-02 -.14739799507779E+01
 336 0.44342139324573E+00 0.16917685553465E-02 -.14782484771722E+01
 337 0.45437390165890E+00 0.18202694229764E-02 -.14826436552569E+01
 338 0.46559693702987E+00 0.19585168933787E-02 -.14871668193947E+01
 339 0.47709718137451E+00 0.21072470489535E-02 -.14918193884169E+01
 340 0.48888148175446E+00 0.22672509238852E-02 -.14966028104935E+01
 341 0.50095685435380E+00 0.24393784870507E-02 -.15015184390771E+01
 342 0.51333048865633E+00 0.26245428921077E-02 -.15065673381650E+01
 343 0.52600975172615E+00 0.28237250090089E-02 -.15117500311845E+01
 344 0.53900219259378E+00 0.30379782513939E-02 -.15170662246383E+01
 345 0.55231554675085E+00 0.32684337144282E-02 -.15225145493616E+01
 346 0.56595774075559E+00 0.35163056376431E-02 -.15280923637261E+01
 347 0.57993689695226E+00 0.37828972071321E-02 -.15337956528996E+01
 348 0.59426133830698E+00 0.40696067110197E-02 -.15396190396550E+01
 349 0.60893959336316E+00 0.43779340613614E-02 -.15455559017009E+01
 350 0.62398040131923E+00 0.47094876944989E-02 -.15515985744217E+01
 351 0.63939271723181E+00 0.50659918603116E-02 -.15577386096910E+01
 352 0.65518571734744E+00 0.54492943086936E-02 -.15639670609113E+01
 353 0.67136880456592E+00 0.58613743788605E-02 -.15702747691170E+01
 354 0.68795161403870E+00 0.63043514936512E-02 -.15766526317774E+01
 355 0.70494401890546E+00 0.67804940567090E-02 -.15830918424952E+01
 356 0.72235613617242E+00 0.72922287451701E-02 -.15895840949003E+01
 357 0.74019833273588E+00 0.78421501840895E-02 -.15961217474111E+01
 358 0.75848123155446E+00 0.84330309811220E-02 -.16026979474600E+01
 359 0.77721571797385E+00 0.90678320907491E-02 -.16093067147027E+01
 360 0.79641294620780E+00 0.97497134663917E-02 -.16159429831001E+01
 361 0.81608434597914E+00 0.10482044945850E-01 -.16226026018797E+01
 362 0.83624162932482E+00 0.11268417300429E-01 -.16292822954621E+01
 363 0.85689679756914E+00 0.12112653360608E-01 -.16359795825636E+01
 364 0.87806214846910E+00 0.13018819110966E-01 -.16426926548945E+01
 365 0.89975028353629E+00 0.13991234624042E-01 -.16494202161490E+01
 366 0.92197411553964E+00 0.15034484676771E-01 -.16561612822993E+01
 367 0.94474687619346E+00 0.16153428863853E-01 -.16629149445193E+01
 368 0.96808212403544E+00 0.17353210989957E-01 -.16696800963408E+01
 369 0.99199375249912E+00 0.18639267486957E-01 -.16764551268422E+01
 370 0.10164959981858E+01 0.20017334563768E-01 -.16832375817694E+01
 371 0.10416034493410E+01 0.21493453755050E-01 -.16900237944715E+01
 372 0.10673310545398E+01 0.23073975491889E-01 -.16968084884612E+01
 373 0.10936941315869E+01 0.24765560273366E-01 -.17035843527062E+01
 374 0.11207083766371E+01 0.26575176974152E-01 -.17103415914846E+01
 375 0.11483898735400E+01 0.28510097781788E-01 -.17170674490192E+01
 376 0.11767551034165E+01 0.30577889220556E-01 -.17237457086628E+01
 377 0.12058209544709E+01 0.32786398690095E-01 -.17303561682734E+01
 378 0.12356047320463E+01 0.35143735930143E-01 -.17368740901219E+01
 379 0.12661241689278E+01 0.37658248823056E-01 -.17432696263427E+01
 380 0.12973974359003E+01 0.40338492969254E-01 -.17495072208718E+01
 381 0.13294431525671E+01 0.43193194524756E-01 -.17555449905928E+01
 382 0.13622803984355E+01 0.46231205883199E-01 -.17613340911681E+01
 383 0.13959287242768E+01 0.49461453927188E-01 -.17668180767571E+01
 384 0.14304081637665E+01 0.52892880776721E-01 -.17719322664685E+01
 385 0.14657392454115E+01 0.56534377237988E-01 -.17766031523817E+01
 386 0.15019430047732E+01 0.60394708982644E-01 -.17807710464629E+01
 387 0.15390409969911E+01 0.64482435637283E-01 -.17843218746424E+01
 388 0.15770553096168E+01 0.68805827332404E-01 -.17871512606571E+01
 389 0.16160085757643E+01 0.73372782035413E-01 -.17891458177129E+01
 390 0.16559239875857E+01 0.78190740646095E-01 -.17901822619545E+01
 391 0.16968253100790E+01 0.83266608792713E-01 -.17901281142945E+01
 392 0.17387368952380E+01 0.88606688698386E-01 -.17888429378658E+01
 393 0.17816836965504E+01 0.94216627642078E-01 -.17861802205047E+01
 394 0.18256912838552E+01 0.10010139027685E+00 -.17819900121300E+01
 395 0.18707858585664E+01 0.10626526315713E+00 -.17761224093742E+01
 396 0.19169942692730E+01 0.11271190072126E+00 -.17684319473427E+01
 397 0.19643440277240E+01 0.11944442256883E+00 -.17587829080442E+01
 398 0.20128633252088E+01 0.12646557200826E+00 -.17470554853486E+01
 399 0.20625810493414E+01 0.13377794535203E+00 -.17331526573173E+01
 400 0.21135268012602E+01 0.14138430013206E+00 -.17170075103013E+01
 401 0.21657309132513E+01 0.14928794814853E+00 -.16985906396047E+01
 402 0.22192244668086E+01 0.15749323597179E+00 -.16779171259997E+01
 403 0.22740393111388E+01 0.16600611121646E+00 -.16550524670476E+01
 404 0.23302080821239E+01 0.17483476779344E+00 -.16301167430113E+01
 405 0.23877642217524E+01 0.18399035782271E+00 -.16032862409856E+01
 406 0.24467419980297E+01 0.19348775261271E+00 -.15747917755673E+01
 407 0.25071765253810E+01 0.20334633098897E+00 -.15449130619088E+01
 408 0.25691037855579E+01 0.21359077140453E+00 -.15139687482350E+01
 409 0.26325606490612E+01 0.22425182590350E+00 -.14823021201889E+01
 410 0.26975848970930E+01 0.23536706025431E+00 -.14502630450789E+01
 411 0.27642152440512E+01 0.24698155616608E+00 -.14181873878263E+01
 412 0.28324913605793E+01 0.25914858850715E+00 -.13863758099855E+01
 413 0.29024538971856E+01 0.27193031191738E+00 -.13550744167865E+01
 414 0.29741445084460E+01 0.28539851502855E+00 -.13244599698469E+01
 415 0.30476058778047E+01 0.29963552343387E+00 -.12946321749339E+01
 416 0.31228817429864E+01 0.31473535061611E+00 -.12656147723570E+01
 417 0.32000169220382E+01 0.33080520538992E+00 -.12373658472924E+01
 418 0.32790573400125E+01 0.34796746242439E+00 -.12097961141542E+01
 419 0.33600500563109E+01 0.36636218896878E+00 -.11827922770319E+01
 420 0.34430432927017E+01 0.38615029932821E+00 -.11562413694307E+01
 421 0.35280864620315E+01 0.40751738582779E+00 -.11300516396859E+01
 422 0.36152301976436E+01 0.43067826042177E+00 -.11041662889413E+01
 423 0.37045263835254E+01 0.45588224455782E+00 -.10785680850036E+01
 424 0.37960281851985E+01 0.48341927366192E+00 -.10532751242105E+01
 425 0.38897900813729E+01 0.51362693887605E+00 -.10283301199597E+01
 426 0.39858678963828E+01 0.54689866869937E+00 -.10037868923103E+01
 427 0.40843188334235E+01 0.58369334870297E+00 -.97969782765887E+00
 428 0.41852015086090E+01 0.62454677954181E+00 -.95610503766638E+00
 429 0.42885759858717E+01 0.67008547703386E+00 -.93303627193992E+00
 430 0.43945038127227E+01 0.72104342551862E+00 -.91050502568637E+00
 431 0.45030480568970E+01 0.77828251765905E+00 -.88851329476151E+00
 432 0.46142733439023E+01 0.84281756698798E+00 -.86705525834542E+00
 433 0.47282458954967E+01 0.91584698302635E+00 -.84612061884130E+00
 434 0.48450335691155E+01 0.99879047186821E+00 -.82569700549720E+00
 435 0.49647058982726E+01 0.10933354868979E+01 -.80577140589725E+00
 436 0.50873341339600E+01 0.12014946267536E+01 -.78633087512540E+00
 437 0.52129912870688E+01 0.00000000000000E+00 -.76736282009196E+00
 438 0.53417521718594E+01 0.00000000000000E+00 -.74885507384750E+00
 439 0.54736934505043E+01 0.00000000000000E+00 -.73079590267961E+00
 440 0.56088936787318E+01 0.00000000000000E+00 -.71317397310353E+00
 441 0.57474333525964E+01 0.00000000000000E+00 -.69597832656221E+00
 442 0.58893949564056E+01 0.00000000000000E+00 -.67919835237130E+00
 443 0.60348630118288E+01 0.00000000000000E+00 -.66282376415487E+00
 444 0.61839241282210E+01 0.00000000000000E+00 -.64684457929723E+00
 445 0.63366670541880E+01 0.00000000000000E+00 -.63125110099482E+00
 446 0.64931827304265E+01 0.00000000000000E+00 -.61603390254380E+00
 447 0.66535643438680E+01 0.00000000000000E+00 -.60118381354421E+00
 448 0.68179073831615E+01 0.00000000000000E+00 -.58669190774240E+00
 449 0.69863096955256E+01 0.00000000000000E+00 -.57254949226913E+00
 450 0.71588715450051E+01 0.00000000000000E+00 -.55874809806297E+00
 451 0.73356956721667E+01 0.00000000000000E+00 -.54527947129704E+00
 452 0.75168873552692E+01 0.00000000000000E+00 -.53213556565283E+00
 453 0.77025544729444E+01 0.00000000000000E+00 -.51930853530718E+00
 454 0.78928075684261E+01 0.00000000000000E+00 -.50679072851874E+00
 455 0.80877599153662E+01 0.00000000000000E+00 -.49457468171774E+00
 456 0.82875275852758E+01 0.00000000000000E+00 -.48265311401839E+00
 457 0.84922295166321E+01 0.00000000000000E+00 -.47101892208667E+00
 458 0.87019875856929E+01 0.00000000000000E+00 -.45966517530794E+00
 459 0.89169266790595E+01 0.00000000000000E+00 -.44858511120859E+00
 460 0.91371747680323E+01 0.00000000000000E+00 -.43777213109461E+00
 461 0.93628629848027E+01 0.00000000000000E+00 -.42721979587676E+00
 462 0.95941257005273E+01 0.00000000000000E+00 -.41692182205827E+00
 463 0.98311006053303E+01 0.00000000000000E+00 -.40687207786553E+00
 464 0.10073928790282E+02 0.00000000000000E+00 -.39706457950638E+00
 465 0.10322754831402E+02 0.00000000000000E+00 -.38749348754382E+00
 466 0.10577726875738E+02 0.00000000000000E+00 -.37815310337522E+00
 467 0.10838996729568E+02 0.00000000000000E+00 -.36903786580954E+00
 468 0.11106719948789E+02 0.00000000000000E+00 -.36014234773620E+00
 469 0.11381055931524E+02 0.00000000000000E+00 -.35146125288070E+00
 470 0.11662168013032E+02 0.00000000000000E+00 -.34298941264284E+00
 471 0.11950223562954E+02 0.00000000000000E+00 -.33472178301415E+00
 472 0.12245394084959E+02 0.00000000000000E+00 -.32665344157171E+00
 473 0.12547855318858E+02 0.00000000000000E+00 -.31877958454562E+00
 474 0.12857787345234E+02 0.00000000000000E+00 -.31109552395817E+00
 475 0.13175374692661E+02 0.00000000000000E+00 -.30359668483235E+00
 476 0.13500806447570E+02 0.00000000000000E+00 -.29627860246803E+00
 477 0.13834276366824E+02 0.00000000000000E+00 -.28913691978403E+00
 478 0.14175982993085E+02 0.00000000000000E+00 -.28216738472420E+00
 479 0.14526129773014E+02 0.00000000000000E+00 -.27536584772622E+00
 480 0.14884925178408E+02 0.00000000000000E+00 -.26872825925126E+00
 481 0.15252582830314E+02 0.00000000000000E+00 -.26225066737322E+00
 482 0.15629321626223E+02 0.00000000000000E+00 -.25592921542605E+00
 483 0.16015365870391E+02 0.00000000000000E+00 -.24976013970772E+00
 484 0.16410945407389E+02 0.00000000000000E+00 -.24373976723944E+00
 485 0.16816295758952E+02 0.00000000000000E+00 -.23786451357892E+00
 486 0.17231658264198E+02 0.00000000000000E+00 -.23213088068626E+00
 487 0.17657280223324E+02 0.00000000000000E+00 -.22653545484128E+00
 488 0.18093415044840E+02 0.00000000000000E+00 -.22107490461098E+00
 489 0.18540322396447E+02 0.00000000000000E+00 -.21574597886601E+00
 490 0.18998268359640E+02 0.00000000000000E+00 -.21054550484492E+00
 491 0.19467525588123E+02 0.00000000000000E+00 -.20547038626510E+00
 492 0.19948373470149E+02 0.00000000000000E+00 -.20051760147917E+00
 493 0.20441098294862E+02 0.00000000000000E+00 -.19568420167589E+00
 494 0.20945993422745E+02 0.00000000000000E+00 -.19096730912439E+00
 495 0.21463359460287E+02 0.00000000000000E+00 -.18636411546074E+00
 496 0.21993504438956E+02 0.00000000000000E+00 -.18187188001587E+00
 497 0.22536743998598E+02 0.00000000000000E+00 -.17748792818368E+00
 498 0.23093401575364E+02 0.00000000000000E+00 -.17320964982864E+00
 499 0.23663808594275E+02 0.00000000000000E+00 -.16903449773169E+00
 500 0.24248304666554E+02 0.00000000000000E+00 -.16495998607362E+00
 501 0.24847237791818E+02 0.00000000000000E+00 -.16098368895503E+00
 502 0.25460964565276E+02 0.00000000000000E+00 -.15710323895198E+00
 503 0.26089850390038E+02 0.00000000000000E+00 -.15331632570641E+00
 504 0.26734269694672E+02 0.00000000000000E+00 -.14962069455060E+00
 505 0.27394606156130E+02 0.00000000000000E+00 -.14601414516476E+00
 506 0.28071252928187E+02 0.00000000000000E+00 -.14249453026700E+00
 507 0.28764612875513E+02 0.00000000000000E+00 -.13905975433482E+00
 508 0.29475098813538E+02 0.00000000000000E+00 -.13570777235752E+00
 509 0.30203133754232E+02 0.00000000000000E+00 -.13243658861860E+00
 510 0.30949151157962E+02 0.00000000000000E+00 -.12924425550754E+00
 511 0.31713595191564E+02 0.00000000000000E+00 -.12612887236023E+00
 512 0.32496920992795E+02 0.00000000000000E+00 -.12308858432733E+00
 513 0.33299594941317E+02 0.00000000000000E+00 -.12012158126996E+00
 514 0.34122094936368E+02 0.00000000000000E+00 -.11722609668191E+00
 515 0.34964910681296E+02 0.00000000000000E+00 -.11440040663796E+00
 516 0.35828543975124E+02 0.00000000000000E+00 -.11164282876740E+00
 517 0.36713509011310E+02 0.00000000000000E+00 -.10895172125246E+00
 518 0.37620332683889E+02 0.00000000000000E+00 -.10632548185075E+00
 519 0.38549554901181E+02 0.00000000000000E+00 -.10376254694130E+00
 520 0.39501728907240E+02 0.00000000000000E+00 -.10126139059364E+00
 521 0.40477421611249E+02 0.00000000000000E+00 -.98820523659253E-01
 522 0.41477213925047E+02 0.00000000000000E+00 -.96438492884994E-01
 523 0.42501701108995E+02 0.00000000000000E+00 -.94113880047813E-01
 524 0.43551493126388E+02 0.00000000000000E+00 -.91845301110387E-01
 525 0.44627215006609E+02 0.00000000000000E+00 -.89631405397079E-01
 526 0.45729507217273E+02 0.00000000000000E+00 -.87470874789771E-01
 527 0.46859026045539E+02 0.00000000000000E+00 -.85362422943077E-01
 528 0.48016443988864E+02 0.00000000000000E+00 -.83304794518471E-01
 529 0.49202450155389E+02 0.00000000000000E+00 -.81296764436880E-01
 530 0.50417750674227E+02 0.00000000000000E+00 -.79337137149293E-01
 531 0.51663069115881E+02 0.00000000000000E+00 -.77424745924946E-01
 532 0.52939146923043E+02 0.00000000000000E+00 -.75558452156677E-01
 533 0.54246743852042E+02 0.00000000000000E+00 -.73737144683006E-01
 534 0.55586638425187E+02 0.00000000000000E+00 -.71959739126580E-01
 535 0.56959628394290E+02 0.00000000000000E+00 -.70225177248541E-01
 536 0.58366531215628E+02 0.00000000000000E+00 -.68532426318475E-01
 537 0.59808184536655E+02 0.00000000000000E+00 -.66880478499536E-01
 538 0.61285446694710E+02 0.00000000000000E+00 -.65268350248400E-01
 539 0.62799197228069E+02 0.00000000000000E+00 -.63695081729677E-01
 540 0.64350337399603E+02 0.00000000000000E+00 -.62159736244440E-01
 541 0.65939790733373E+02 0.00000000000000E+00 -.60661399672528E-01
 542 0.67568503564487E+02 0.00000000000000E+00 -.59199179928299E-01
 543 0.69237445602530E+02 0.00000000000000E+00 -.57772206429491E-01
 544 0.70947610508912E+02 0.00000000000000E+00 -.56379629578892E-01
 545 0.72700016488482E+02 0.00000000000000E+00 -.55020620258507E-01
 546 0.74495706895748E+02 0.00000000000000E+00 -.53694369335910E-01
 547 0.76335750856073E+02 0.00000000000000E+00 -.52400087182502E-01
