  1.179245283018900E-004   0.00000000000000     
  1.208372641509400E-004   0.00000000000000     
  1.238219445754700E-004   0.00000000000000     
  1.268803466064900E-004   0.00000000000000     
  1.300142911676700E-004   0.00000000000000     
  1.332256441595100E-004   0.00000000000000     
  1.365163175702500E-004   0.00000000000000     
  1.398882706142300E-004   0.00000000000000     
  1.433435108984000E-004   0.00000000000000     
  1.468840956175900E-004   0.00000000000000     
  1.505121327793500E-004   0.00000000000000     
  1.542297824590000E-004   0.00000000000000     
  1.580392580857400E-004   0.00000000000000     
  1.619428277604500E-004   0.00000000000000     
  1.659428156061400E-004   0.00000000000000     
  1.700416031516100E-004   0.00000000000000     
  1.742416307494500E-004   0.00000000000000     
  1.785453990289600E-004   0.00000000000000     
  1.829554703849800E-004   0.00000000000000     
  1.874744705034900E-004   0.00000000000000     
  1.921050899249300E-004   0.00000000000000     
  1.968500856460700E-004   0.00000000000000     
  2.017122827615300E-004   0.00000000000000     
  2.066945761457400E-004   0.00000000000000     
  2.117999321765400E-004   0.00000000000000     
  2.170313905013000E-004   0.00000000000000     
  2.223920658466800E-004   0.00000000000000     
  2.278851498730900E-004   0.00000000000000     
  2.335139130749600E-004   0.00000000000000     
  2.392817067279100E-004   0.00000000000000     
  2.451919648840900E-004   0.00000000000000     
  2.512482064167300E-004   0.00000000000000     
  2.574540371152200E-004   0.00000000000000     
  2.638131518319700E-004   0.00000000000000     
  2.703293366822200E-004   0.00000000000000     
  2.770064712982700E-004   0.00000000000000     
  2.838485311393300E-004   0.00000000000000     
  2.908595898584800E-004   0.00000000000000     
  2.980438217279800E-004   0.00000000000000     
  3.054055041246600E-004   0.00000000000000     
  3.129490200765400E-004   0.00000000000000     
  3.206788608724300E-004   0.00000000000000     
  3.285996287359800E-004   0.00000000000000     
  3.367160395657600E-004   0.00000000000000     
  3.450329257430300E-004   0.00000000000000     
  3.535552390088900E-004   0.00000000000000     
  3.622880534124000E-004   0.00000000000000     
  3.712365683316900E-004   0.00000000000000     
  3.804061115694800E-004   0.00000000000000     
  3.898021425252500E-004   0.00000000000000     
  3.994302554456200E-004   0.00000000000000     
  4.092961827551300E-004   0.00000000000000     
  4.194057984691800E-004   0.00000000000000     
  4.297651216913700E-004   0.00000000000000     
  4.403803201971500E-004   0.00000000000000     
  4.512577141060200E-004   0.00000000000000     
  4.624037796444400E-004   0.00000000000000     
  4.738251530016500E-004   0.00000000000000     
  4.855286342807900E-004   0.00000000000000     
  4.975211915475300E-004   0.00000000000000     
  5.098099649787500E-004   0.00000000000000     
  5.224022711137300E-004   0.00000000000000     
  5.353056072102400E-004   0.00000000000000     
  5.485276557083300E-004   0.00000000000000     
  5.620762888043300E-004   0.00000000000000     
  5.759595731377900E-004   0.00000000000000     
  5.901857745943000E-004   0.00000000000000     
  6.047633632267799E-004   0.00000000000000     
  6.197010182984800E-004   0.00000000000000     
  6.350076334504500E-004   0.00000000000000     
  6.506923219966800E-004   0.00000000000000     
  6.667644223499900E-004   0.00000000000000     
  6.832335035820400E-004   0.00000000000000     
  7.001093711205099E-004   0.00000000000000     
  7.174020725871900E-004   0.00000000000000     
  7.351219037801000E-004   0.00000000000000     
  7.532794148034600E-004   0.00000000000000     
  7.718854163491100E-004   0.00000000000000     
  7.909509861329300E-004   0.00000000000000     
  8.104874754904200E-004   0.00000000000000     
  8.305065161350300E-004   0.00000000000000     
  8.510200270835600E-004   0.00000000000000     
  8.720402217525300E-004   0.00000000000000     
  8.935796152298101E-004   0.00000000000000     
  9.156510317259900E-004   0.00000000000000     
  9.382676122096200E-004   0.00000000000000     
  9.614428222312000E-004   0.00000000000000     
  9.851904599403100E-004   0.00000000000000     
  1.009524664300800E-003   0.00000000000000     
  1.034459923509100E-003   0.00000000000000     
  1.060011083619700E-003   0.00000000000000     
  1.086193357385100E-003   0.00000000000000     
  1.113022333312600E-003   0.00000000000000     
  1.140513984945400E-003   0.00000000000000     
  1.168684680373500E-003   0.00000000000000     
  1.197551191978800E-003   0.00000000000000     
  1.227130706420600E-003   0.00000000000000     
  1.257440834869200E-003   0.00000000000000     
  1.288499623490500E-003   0.00000000000000     
  1.320325564190700E-003   0.00000000000000     
  1.352937605626200E-003   0.00000000000000     
  1.386355164485200E-003   0.00000000000000     
  1.420598137048000E-003   0.00000000000000     
  1.455686911033100E-003   0.00000000000000     
  1.491642377735600E-003   0.00000000000000     
  1.528485944465600E-003   0.00000000000000     
  1.566239547293900E-003   0.00000000000000     
  1.604925664112100E-003   0.00000000000000     
  1.644567328015700E-003   0.00000000000000     
  1.685188141017700E-003   0.00000000000000     
  1.726812288100800E-003   0.00000000000000     
  1.769464551616900E-003   0.00000000000000     
  1.813170326041800E-003   0.00000000000000     
  1.857955633095100E-003   0.00000000000000     
  1.903847137232500E-003   0.00000000000000     
  1.950872161522100E-003   0.00000000000000     
  1.999058703911700E-003   0.00000000000000     
  2.048435453898400E-003   0.00000000000000     
  2.099031809609700E-003   0.00000000000000     
  2.150877895307000E-003   0.00000000000000     
  2.204004579321100E-003   0.00000000000000     
  2.258443492430300E-003   0.00000000000000     
  2.314227046693400E-003   0.00000000000000     
  2.371388454746700E-003   0.00000000000000     
  2.429961749578900E-003   0.00000000000000     
  2.489981804793500E-003   0.00000000000000     
  2.551484355371900E-003   0.00000000000000     
  2.614506018949600E-003   0.00000000000000     
  2.679084317617700E-003   0.00000000000000     
  2.745257700262800E-003   0.00000000000000     
  2.813065565459300E-003   0.00000000000000     
  2.882548284926200E-003   0.00000000000000     
  2.953747227563800E-003   0.00000000000000     
  3.026704784084700E-003   0.00000000000000     
  3.101464392251500E-003   0.00000000000000     
  3.178070562740200E-003   0.00000000000000     
  3.256568905639800E-003   0.00000000000000     
  3.337006157609100E-003   0.00000000000000     
  3.419430209702100E-003   0.00000000000000     
  3.503890135881700E-003   0.00000000000000     
  3.590436222238000E-003   0.00000000000000     
  3.679119996927300E-003   0.00000000000000     
  3.769994260851400E-003   0.00000000000000     
  3.863113119094400E-003   0.00000000000000     
  3.958532013136100E-003   0.00000000000000     
  4.056307753860500E-003   0.00000000000000     
  4.156498555380900E-003   0.00000000000000     
  4.259164069698800E-003   0.00000000000000     
  4.364365422220300E-003   0.00000000000000     
  4.472165248149200E-003   0.00000000000000     
  4.582627729778500E-003   0.00000000000000     
  4.695818634704000E-003   0.00000000000000     
  4.811805354981200E-003   0.00000000000000     
  4.930656947249200E-003   0.00000000000000     
  5.052444173846300E-003   0.00000000000000     
  5.177239544940300E-003   0.00000000000000     
  5.305117361700300E-003   0.00000000000000     
  5.436153760534300E-003   0.00000000000000     
  5.570426758419500E-003   0.00000000000000     
  5.708016299352500E-003   0.00000000000000     
  5.849004301946500E-003   0.00000000000000     
  5.993474708204500E-003   0.00000000000000     
  6.141513533497200E-003   0.00000000000000     
  6.293208917774600E-003   0.00000000000000     
  6.448651178043600E-003   0.00000000000000     
  6.607932862141300E-003   0.00000000000000     
  6.771148803836200E-003   0.00000000000000     
  6.938396179290900E-003   0.00000000000000     
  7.109774564919400E-003   0.00000000000000     
  7.285385996672900E-003   0.00000000000000     
  7.465335030790700E-003   0.00000000000000     
  7.649728806051300E-003   0.00000000000000     
  7.838677107560700E-003   0.00000000000000     
  8.032292432117500E-003   0.00000000000000     
  8.230690055190800E-003   0.00000000000000     
  8.433988099554000E-003   0.00000000000000     
  8.642307605613001E-003   0.00000000000000     
  8.855772603471600E-003   0.00000000000000     
  9.074510186777400E-003   0.00000000000000     
  9.298650588390800E-003   0.00000000000000     
  9.528327257923999E-003   0.00000000000000     
  9.763676941194699E-003   0.00000000000000     
  1.000483976164200E-002   0.00000000000000     
  1.025195930375500E-002   0.00000000000000     
  1.050518269855800E-002   0.00000000000000     
  1.076466071121200E-002   0.00000000000000     
  1.103054783077900E-002   0.00000000000000     
  1.130300236219900E-002   0.00000000000000     
  1.158218652054500E-002   0.00000000000000     
  1.186826652760300E-002   0.00000000000000     
  1.216141271083500E-002   0.00000000000000     
  1.246179960479200E-002   0.00000000000000     
  1.276960605503100E-002   0.00000000000000     
  1.308501532459000E-002   0.00000000000000     
  1.340821520310700E-002   0.00000000000000     
  1.373939811862400E-002   0.00000000000000     
  1.407876125215400E-002   0.00000000000000     
  1.442650665508200E-002   0.00000000000000     
  1.478284136946300E-002   0.00000000000000     
  1.514797755128900E-002   0.00000000000000     
  1.552213259680500E-002   0.00000000000000     
  1.590552927194600E-002   0.00000000000000     
  1.629839584496300E-002   0.00000000000000     
  1.670096622233400E-002   0.00000000000000     
  1.711348008802600E-002   0.00000000000000     
  1.753618304620000E-002   0.00000000000000     
  1.796932676744100E-002   0.00000000000000     
  1.841316913859700E-002   0.00000000000000     
  1.886797441632000E-002   0.00000000000000     
  1.933401338440300E-002   0.00000000000000     
  1.981156351499800E-002   0.00000000000000     
  2.030090913381900E-002   0.00000000000000     
  2.080234158942400E-002   0.00000000000000     
  2.131615942668300E-002   0.00000000000000     
  2.184266856452200E-002   0.00000000000000     
  2.238218247806500E-002   0.00000000000000     
  2.293502238527400E-002   0.00000000000000     
  2.350151743819000E-002   0.00000000000000     
  2.408200491891300E-002   0.00000000000000     
  2.467683044041000E-002   0.00000000000000     
  2.528634815228800E-002   0.00000000000000     
  2.591092095165000E-002   0.00000000000000     
  2.655092069915600E-002   0.00000000000000     
  2.720672844042500E-002   0.00000000000000     
  2.787873463290300E-002   0.00000000000000     
  2.856733937833600E-002   0.00000000000000     
  2.927295266098100E-002   0.00000000000000     
  2.999599459170700E-002   0.00000000000000     
  3.073689565812200E-002   0.00000000000000     
  3.149609698087800E-002   0.00000000000000     
  3.227405057630600E-002   0.00000000000000     
  3.307121962554000E-002   0.00000000000000     
  3.388807875029100E-002   0.00000000000000     
  3.472511429542300E-002   0.00000000000000     
  3.558282461852000E-002   0.00000000000000     
  3.646172038659800E-002   0.00000000000000     
  3.736232488014700E-002   0.00000000000000     
  3.828517430468600E-002   0.00000000000000     
  3.923081811001200E-002   0.00000000000000     
  4.019981931733000E-002   0.00000000000000     
  4.119275485446800E-002   0.00000000000000     
  4.221021589937300E-002   0.00000000000000     
  4.325280823208700E-002   0.00000000000000     
  4.432115259542000E-002   0.00000000000000     
  4.541588506452700E-002   0.00000000000000     
  4.653765742562100E-002   0.00000000000000     
  4.768713756403300E-002   0.00000000000000     
  4.886500986186500E-002   0.00000000000000     
  5.007197560545300E-002   0.00000000000000     
  5.130875340290800E-002   0.00000000000000     
  5.257607961196000E-002   0.00000000000000     
  5.387470877837500E-002   0.00000000000000     
  5.520541408520100E-002   0.00000000000000     
  5.656898781310500E-002   0.00000000000000     
  5.796624181208900E-002   0.00000000000000     
  5.939800798484800E-002   0.00000000000000     
  6.086513878207300E-002   0.00000000000000     
  6.236850770999100E-002   0.00000000000000     
  6.390900985042700E-002   0.00000000000000     
  6.548756239373300E-002   0.00000000000000     
  6.710510518485800E-002   0.00000000000000     
  6.876260128292400E-002   0.00000000000000     
  7.046103753461200E-002   0.00000000000000     
  7.220142516171700E-002   0.00000000000000     
  7.398480036321201E-002   0.00000000000000     
  7.581222493218299E-002   0.00000000000000     
  7.768478688800801E-002   0.00000000000000     
  7.960360112414200E-002   0.00000000000000     
  8.156981007190800E-002   0.00000000000000     
  8.358458438068400E-002   0.00000000000000     
  8.564912361488700E-002   0.00000000000000     
  8.776465696817499E-002   0.00000000000000     
  8.993244399528900E-002   0.00000000000000     
  9.215377536197200E-002   0.00000000000000     
  9.442997361341300E-002   0.00000000000000     
  9.676239396166400E-002   0.00000000000000     
  9.915242509251700E-002   0.00000000000000     
  0.101601489992300        0.00000000000000     
  0.104111046795110        0.00000000000000     
  0.106682589650950        0.00000000000000     
  0.109317649615330        0.00000000000000     
  0.112017795560830        0.00000000000000     
  0.114784635111180        0.00000000000000     
  0.117619815598430        0.00000000000000     
  0.120525025043710        0.00000000000000     
  0.123501993162290        0.00000000000000     
  0.126552492393400        0.00000000000000     
  0.129678338955510        0.00000000000000     
  0.132881393927710        0.00000000000000     
  0.136163564357730        0.00000000000000     
  0.139526804397370        0.00000000000000     
  0.142973116465980        0.00000000000000     
  0.146504552442690        0.00000000000000     
  0.150123214888020        0.00000000000000     
  0.153831258295760        0.00000000000000     
  0.157630890375660        0.00000000000000     
  0.161524373367940        0.00000000000000     
  0.165514025390130        0.00000000000000     
  0.169602221817270        0.00000000000000     
  0.173791396696150        0.00000000000000     
  0.178084044194550        0.00000000000000     
  0.182482720086150        0.00000000000000     
  0.186990043272280        0.00000000000000     
  0.191608697341110        0.00000000000000     
  0.196341432165430        0.00000000000000     
  0.201191065539920        0.00000000000000     
  0.206160484858750        0.00000000000000     
  0.211252648834770        0.00000000000000     
  0.216470589260980        0.00000000000000     
  0.221817412815730        0.00000000000000     
  0.227296302912280        0.00000000000000     
  0.232910521594210        0.00000000000000     
  0.238663411477590        0.00000000000000     
  0.244558397741090        0.00000000000000     
  0.250598990165290        0.00000000000000     
  0.256788785222370        0.00000000000000     
  0.263131468217370        0.00000000000000     
  0.269630815482340        0.00000000000000     
  0.276290696624750        0.00000000000000     
  0.283115076831380        0.00000000000000     
  0.290108019229120        0.00000000000000     
  0.297273687304070        0.00000000000000     
  0.304616347380490        0.00000000000000     
  0.312140371160780        0.00000000000000     
  0.319850238328450        0.00000000000000     
  0.327750539215170        0.00000000000000     
  0.335845977533780        0.00000000000000     
  0.344141373178870        0.00000000000000     
  0.352641665096380        0.00000000000000     
  0.361351914224260        0.00000000000000     
  0.370277306505600        0.00000000000000     
  0.379423155976290        0.00000000000000     
  0.388794907928910        0.00000000000000     
  0.398398142154750        0.00000000000000     
  0.408238576265970        0.00000000000000     
  0.418322069099740        0.00000000000000     
  0.428654624206510        0.00000000000000     
  0.439242393424410        0.00000000000000     
  0.450091680541990        0.00000000000000     
  0.461208945051380        0.00000000000000     
  0.472600805994150        0.00000000000000     
  0.484274045902200        0.00000000000000     
  0.496235614835990        0.00000000000000     
  0.508492634522430        0.00000000000000     
  0.521052402595140        0.00000000000000     
  0.533922396939240        0.00000000000000     
  0.547110280143640        0.00000000000000     
  0.560623904063190        0.00000000000000     
  0.574471314493550        0.00000000000000     
  0.588660755961540        0.00000000000000     
  0.603200676633790        0.00000000000000     
  0.618099733346640        0.00000000000000     
  0.633366796760300        0.00000000000000     
  0.649010956640280        0.00000000000000     
  0.665041527269300        0.00000000000000     
  0.681468052992850        0.00000000000000     
  0.698300313901770        0.00000000000000     
  0.715548331655150        0.00000000000000     
  0.733222375447030        0.00000000000000     
  0.751332968120570        0.00000000000000     
  0.769890892433150        0.00000000000000     
  0.788907197476250        0.00000000000000     
  0.808393205253910        0.00000000000000     
  0.828360517423680        0.00000000000000     
  0.848821022204050        0.00000000000000     
  0.869786901452490        0.00000000000000     
  0.891270637918360        0.00000000000000     
  0.913285022674950        0.00000000000000     
  0.935843162735020        0.00000000000000     
  0.958958488854570        0.00000000000000     
  0.982644763529280        0.00000000000000     
   1.00691608918850        0.00000000000000     
   1.03178691659140        0.00000000000000     
   1.05727205343120        0.00000000000000     
   1.08338667315100        0.00000000000000     
   1.11014632397780        0.00000000000000     
   1.13756693818000        0.00000000000000     
   1.16566484155310        0.00000000000000     
   1.19445676313950        0.00000000000000     
   1.22395984518900        0.00000000000000     
   1.25419165336520        0.00000000000000     
   1.28517018720330        0.00000000000000     
   1.31691389082720        0.00000000000000     
   1.34944166393060        0.00000000000000     
   1.38277287302970        0.00000000000000     
   1.41692736299360        0.00000000000000     
   1.45192546885950        0.00000000000000     
   1.48778802794030        0.00000000000000     
   1.52453639223050        0.00000000000000     
   1.56219244111860        0.00000000000000     
   1.60077859441420        0.00000000000000     
   1.64031782569620        0.00000000000000     
   1.68083367599090        0.00000000000000     
   1.72235026778790        0.00000000000000     
   1.76489231940220        0.00000000000000     
   1.80848515969150        0.00000000000000     
   1.85315474313590        0.00000000000000     
   1.89892766529130        0.00000000000000     
   1.94583117862400        0.00000000000000     
   1.99389320873600        0.00000000000000     
   2.04314237099180        0.00000000000000     
   2.09360798755530        0.00000000000000     
   2.14532010484790        0.00000000000000     
   2.19830951143770        0.00000000000000     
   2.25260775637020        0.00000000000000     
   2.30824716795250        0.00000000000000     
   2.36526087300090        0.00000000000000     
   2.42368281656410        0.00000000000000     
   2.48354778213320        0.00000000000000     
   2.54489141235190        0.00000000000000     
   2.60775023023700        0.00000000000000     
   2.67216166092380        0.00000000000000     
   2.73816405394860        0.00000000000000     
   2.80579670608120        0.00000000000000     
   2.87509988472140        0.00000000000000     
   2.94611485187400        0.00000000000000     
   3.01888388871530        0.00000000000000     
   3.09345032076660        0.00000000000000     
   3.16985854368950        0.00000000000000     
   3.24815404971860        0.00000000000000     
   3.32838345474670        0.00000000000000     
   3.41059452607890        0.00000000000000     
   3.49483621087310        0.00000000000000     
   3.58115866528160        0.00000000000000     
   3.66961328431410        0.00000000000000     
   3.76025273243660        0.00000000000000     
   3.85313097492780        0.00000000000000     
   3.94830331000850        0.00000000000000     
   4.04582640176570        0.00000000000000     
   4.14575831388940        0.00000000000000     
   4.24815854424240        0.00000000000000     
   4.35308806028520        0.00000000000000     
   4.46060933537430        0.00000000000000     
   4.57078638595800        0.00000000000000     
   4.68368480969120        0.00000000000000     
   4.79937182449050        0.00000000000000     
   4.91791630855550        0.00000000000000     
   5.03938884137680        0.00000000000000     
   5.16386174575880        0.00000000000000     
   5.29140913087900        0.00000000000000     
   5.42210693641170        0.00000000000000     
   5.55603297774110        0.00000000000000     
   5.69326699229130        0.00000000000000     
   5.83389068700090        0.00000000000000     
   5.97798778696980        0.00000000000000     
   6.12564408530800        0.00000000000000     
   6.27694749421510        0.00000000000000     
   6.43198809732220        0.00000000000000     
   6.59085820332610        0.00000000000000     
   6.75365240094820        0.00000000000000     
   6.92046761525160        0.00000000000000     
   7.09140316534830        0.00000000000000     
   7.26656082353240        0.00000000000000     
   7.44604487587370        0.00000000000000     
   7.62996218430780        0.00000000000000     
   7.81842225026020        0.00000000000000     
   8.01153727984160        0.00000000000000     
   8.20942225065370        0.00000000000000     
   8.41219498024480        0.00000000000000     
   8.61997619625690        0.00000000000000     
   8.83288960830440        0.00000000000000     
   9.05106198162950        0.00000000000000     
   9.27462321257580        0.00000000000000     
   9.50370640592640        0.00000000000000     
   9.73844795415280        0.00000000000000     
   9.97898761862040        0.00000000000000     
   10.2254686128000        0.00000000000000     
   10.4780376875360        0.00000000000000     
   10.7368452184190        0.00000000000000     
   11.0020452953140        0.00000000000000     
   11.2737958141080        0.00000000000000     
   11.5522585707160        0.00000000000000     
   11.8375993574130        0.00000000000000     
   12.1299880615410        0.00000000000000     
   12.4295987666610        0.00000000000000     
   12.7366098561980        0.00000000000000     
   13.0512041196460        0.00000000000000     
   13.3735688614010        0.00000000000000     
   13.7038960122780        0.00000000000000     
   14.0423822437810        0.00000000000000     
   14.3892290852020        0.00000000000000     
   14.7446430436070        0.00000000000000     
   15.1088357267840        0.00000000000000     
   15.4820239692350        0.00000000000000     
   15.8644299612750        0.00000000000000     
   16.2562813813190        0.00000000000000     
   16.6578115314380        0.00000000000000     
   17.0692594762640        0.00000000000000     
   17.4908701853280        0.00000000000000     
   17.9228946789050        0.00000000000000     
   18.3655901774740        0.00000000000000     
   18.8192202548580        0.00000000000000     
   19.2840549951530        0.00000000000000     
   19.7603711535330        0.00000000000000     
   20.2484523210250        0.00000000000000     
   20.7485890933550        0.00000000000000     
   21.2610792439610        0.00000000000000     
   21.7862279012860        0.00000000000000     
   22.3243477304480        0.00000000000000     
   22.8757591193900        0.00000000000000     
   23.4407903696390        0.00000000000000     
   24.0197778917690        0.00000000000000     
   24.6130664056960        0.00000000000000     
   25.2210091459170        0.00000000000000     
   25.8439680718210        0.00000000000000     
   26.4823140831950        0.00000000000000     
   27.1364272410500        0.00000000000000     
   27.8066969939040        0.00000000000000     
   28.4935224096530        0.00000000000000     
   29.1973124131720        0.00000000000000     
   29.9184860297770        0.00000000000000     
   30.6574726347120        0.00000000000000     
   31.4147122087900        0.00000000000000     
   32.1906556003470        0.00000000000000     
   32.9857647936750        0.00000000000000     
   33.8005131840790        0.00000000000000     
   34.6353858597260        0.00000000000000     
   35.4908798904610        0.00000000000000     
   36.3675046237560        0.00000000000000     
   37.2657819879620        0.00000000000000     
   38.1862468030650        0.00000000000000     
   39.1294470991010        0.00000000000000     
   40.0959444424490        0.00000000000000     
   41.0863142701770        0.00000000000000     
   42.1011462326500        0.00000000000000     
   43.1410445445970        0.00000000000000     
   44.2066283448480        0.00000000000000     
   45.2985320649660        0.00000000000000     
   46.4174058069710        0.00000000000000     
   47.5639157304030        0.00000000000000     
   48.7387444489440        0.00000000000000     
   49.9425914368330        0.00000000000000     
   51.1761734453230        0.00000000000000     
   52.4402249294220        0.00000000000000     
   53.7354984851790        0.00000000000000     
   55.0627652977630        0.00000000000000     
   56.4228156006170        0.00000000000000     
   57.8164591459530        0.00000000000000     
   59.2445256868580        0.00000000000000     
   60.7078654713230        0.00000000000000     
   62.2073497484650        0.00000000000000     
   63.7438712872520        0.00000000000000     
   65.3183449080470        0.00000000000000     
   66.9317080272760        0.00000000000000     
   68.5849212155490        0.00000000000000     
   70.2789687695740        0.00000000000000     
   72.0148592981820        0.00000000000000     
   73.7936263228470        0.00000000000000     
   75.6163288930210        0.00000000000000     
   77.4840522166790        0.00000000000000     
   79.3979083064310        0.00000000000000     
