#   547 0.10247000000000E+01 0   2.4873 0.12000000000000E+02
   1 0.13020833333333E-03 0.20463620557878E-04 -.74422596262733E+01
   2 0.13342447916667E-03 0.20969071985657E-04 -.74422596699566E+01
   3 0.13672006380208E-03 0.21487008063703E-04 -.74422597125825E+01
   4 0.14009704937799E-03 0.22017737162877E-04 -.74422597541762E+01
   5 0.14355744649763E-03 0.22561575276166E-04 -.74422597947623E+01
   6 0.14710331542612E-03 0.23118846192051E-04 -.74422598343649E+01
   7 0.15073676731715E-03 0.23689881700635E-04 -.74422598730074E+01
   8 0.15445996546988E-03 0.24275021787471E-04 -.74422599107127E+01
   9 0.15827512661699E-03 0.24874614835727E-04 -.74422599475032E+01
  10 0.16218452224443E-03 0.25489017833640E-04 -.74422599834004E+01
  11 0.16619047994386E-03 0.26118596587063E-04 -.74422600184258E+01
  12 0.17029538479848E-03 0.26763725937261E-04 -.74422600525998E+01
  13 0.17450168080300E-03 0.27424789984086E-04 -.74422600859428E+01
  14 0.17881187231883E-03 0.28102182314664E-04 -.74422601184744E+01
  15 0.18322852556511E-03 0.28796306237734E-04 -.74422601502138E+01
  16 0.18775427014657E-03 0.29507575023766E-04 -.74422601811796E+01
  17 0.19239180061919E-03 0.30236412151026E-04 -.74422602113900E+01
  18 0.19714387809448E-03 0.30983251557702E-04 -.74422602408629E+01
  19 0.20201333188342E-03 0.31748537900266E-04 -.74422602696156E+01
  20 0.20700306118094E-03 0.32532726818219E-04 -.74422602976648E+01
  21 0.21211603679211E-03 0.33336285205372E-04 -.74422603250271E+01
  22 0.21735530290087E-03 0.34159691487827E-04 -.74422603517185E+01
  23 0.22272397888252E-03 0.35003435908827E-04 -.74422603777545E+01
  24 0.22822526116092E-03 0.35868020820640E-04 -.74422604031505E+01
  25 0.23386242511159E-03 0.36753960983654E-04 -.74422604279211E+01
  26 0.23963882701185E-03 0.37661783872858E-04 -.74422604520807E+01
  27 0.24555790603904E-03 0.38592029991895E-04 -.74422604756436E+01
  28 0.25162318631821E-03 0.39545253194870E-04 -.74422604986232E+01
  29 0.25783827902027E-03 0.40522021016111E-04 -.74422605210328E+01
  30 0.26420688451207E-03 0.41522915008068E-04 -.74422605428855E+01
  31 0.27073279455952E-03 0.42548531087566E-04 -.74422605641938E+01
  32 0.27741989458514E-03 0.43599479890608E-04 -.74422605849700E+01
  33 0.28427216598139E-03 0.44676387135937E-04 -.74422606052259E+01
  34 0.29129368848113E-03 0.45779893997587E-04 -.74422606249731E+01
  35 0.29848864258661E-03 0.46910657486626E-04 -.74422606442228E+01
  36 0.30586131205850E-03 0.48069350842338E-04 -.74422606629860E+01
  37 0.31341608646635E-03 0.49256663933063E-04 -.74422606812733E+01
  38 0.32115746380207E-03 0.50473303666935E-04 -.74422606990949E+01
  39 0.32909005315798E-03 0.51719994412769E-04 -.74422607164609E+01
  40 0.33721857747098E-03 0.52997478431348E-04 -.74422607333809E+01
  41 0.34554787633451E-03 0.54306516317354E-04 -.74422607498643E+01
  42 0.35408290887998E-03 0.55647887452221E-04 -.74422607659201E+01
  43 0.36282875672931E-03 0.57022390468173E-04 -.74422607815573E+01
  44 0.37179062702052E-03 0.58430843723726E-04 -.74422607967842E+01
  45 0.38097385550793E-03 0.59874085790928E-04 -.74422608116091E+01
  46 0.39038390973898E-03 0.61352975954644E-04 -.74422608260400E+01
  47 0.40002639230953E-03 0.62868394724167E-04 -.74422608400845E+01
  48 0.40990704419958E-03 0.64421244357467E-04 -.74422608537500E+01
  49 0.42003174819130E-03 0.66012449398394E-04 -.74422608670435E+01
  50 0.43040653237163E-03 0.67642957227144E-04 -.74422608799721E+01
  51 0.44103757372121E-03 0.69313738624330E-04 -.74422608925421E+01
  52 0.45193120179212E-03 0.71025788348975E-04 -.74422609047599E+01
  53 0.46309390247639E-03 0.72780125730796E-04 -.74422609166315E+01
  54 0.47453232186756E-03 0.74577795277104E-04 -.74422609281627E+01
  55 0.48625327021768E-03 0.76419867294709E-04 -.74422609393590E+01
  56 0.49826372599206E-03 0.78307438527174E-04 -.74422609502256E+01
  57 0.51057084002406E-03 0.80241632807821E-04 -.74422609607674E+01
  58 0.52318193977266E-03 0.82223601728861E-04 -.74422609709891E+01
  59 0.53610453368504E-03 0.84254525327052E-04 -.74422609808952E+01
  60 0.54934631566706E-03 0.86335612786299E-04 -.74422609904897E+01
  61 0.56291516966404E-03 0.88468103157605E-04 -.74422609997766E+01
  62 0.57681917435474E-03 0.90653266096809E-04 -.74422610087593E+01
  63 0.59106660796130E-03 0.92892402620546E-04 -.74422610174414E+01
  64 0.60566595317795E-03 0.95186845880879E-04 -.74422610258257E+01
  65 0.62062590222144E-03 0.97537961959072E-04 -.74422610339150E+01
  66 0.63595536200631E-03 0.99947150678964E-04 -.74422610417117E+01
  67 0.65166345944787E-03 0.10241584644044E-03 -.74422610492181E+01
  68 0.66775954689623E-03 0.10494551907349E-03 -.74422610564360E+01
  69 0.68425320770457E-03 0.10753767471337E-03 -.74422610633669E+01
  70 0.70115426193487E-03 0.11019385669735E-03 -.74422610700121E+01
  71 0.71847277220466E-03 0.11291564648370E-03 -.74422610763725E+01
  72 0.73621904967812E-03 0.11570466459324E-03 -.74422610824488E+01
  73 0.75440366020517E-03 0.11856257157431E-03 -.74422610882413E+01
  74 0.77303743061224E-03 0.12149106899143E-03 -.74422610937498E+01
  75 0.79213145514836E-03 0.12449190043847E-03 -.74422610989740E+01
  76 0.81169710209052E-03 0.12756685257688E-03 -.74422611039131E+01
  77 0.83174602051216E-03 0.13071775619942E-03 -.74422611085661E+01
  78 0.85229014721881E-03 0.13394648732034E-03 -.74422611129313E+01
  79 0.87334171385511E-03 0.13725496829242E-03 -.74422611170070E+01
  80 0.89491325418733E-03 0.14064516895156E-03 -.74422611207909E+01
  81 0.91701761156576E-03 0.14411910778970E-03 -.74422611242802E+01
  82 0.93966794657143E-03 0.14767885315675E-03 -.74422611274719E+01
  83 0.96287774485175E-03 0.15132652449212E-03 -.74422611303624E+01
  84 0.98666082514959E-03 0.15506429358677E-03 -.74422611329476E+01
  85 0.10110313475308E-02 0.15889438587637E-03 -.74422611352232E+01
  86 0.10360038218148E-02 0.16281908176644E-03 -.74422611371840E+01
  87 0.10615931162136E-02 0.16684071799025E-03 -.74422611388246E+01
  88 0.10878144661841E-02 0.17096168900021E-03 -.74422611401391E+01
  89 0.11146834834988E-02 0.17518444839370E-03 -.74422611411207E+01
  90 0.11422161655413E-02 0.17951151037409E-03 -.74422611417624E+01
  91 0.11704289048301E-02 0.18394545124788E-03 -.74422611420565E+01
  92 0.11993384987794E-02 0.18848891095880E-03 -.74422611419945E+01
  93 0.12289621596993E-02 0.19314459465987E-03 -.74422611415674E+01
  94 0.12593175250439E-02 0.19791527432424E-03 -.74422611407656E+01
  95 0.12904226679124E-02 0.20280379039589E-03 -.74422611395787E+01
  96 0.13222961078099E-02 0.20781305348107E-03 -.74422611379954E+01
  97 0.13549568216728E-02 0.21294604608160E-03 -.74422611360040E+01
  98 0.13884242551681E-02 0.21820582437089E-03 -.74422611335916E+01
  99 0.14227183342708E-02 0.22359552001399E-03 -.74422611307448E+01
 100 0.14578594771272E-02 0.22911834203253E-03 -.74422611274490E+01
 101 0.14938686062123E-02 0.23477757871573E-03 -.74422611236888E+01
 102 0.15307671607857E-02 0.24057659957872E-03 -.74422611194480E+01
 103 0.15685771096571E-02 0.24651885736918E-03 -.74422611147091E+01
 104 0.16073209642657E-02 0.25260789012361E-03 -.74422611094537E+01
 105 0.16470217920830E-02 0.25884732327442E-03 -.74422611036623E+01
 106 0.16877032303475E-02 0.26524087180910E-03 -.74422610973140E+01
 107 0.17293895001371E-02 0.27179234248275E-03 -.74422610903869E+01
 108 0.17721054207904E-02 0.27850563608529E-03 -.74422610828578E+01
 109 0.18158764246840E-02 0.28538474976476E-03 -.74422610747019E+01
 110 0.18607285723737E-02 0.29243377940797E-03 -.74422610658932E+01
 111 0.19066885681113E-02 0.29965692208009E-03 -.74422610564041E+01
 112 0.19537837757436E-02 0.30705847852450E-03 -.74422610462055E+01
 113 0.20020422350045E-02 0.31464285572444E-03 -.74422610352663E+01
 114 0.20514926782091E-02 0.32241456952802E-03 -.74422610235542E+01
 115 0.21021645473609E-02 0.33037824733813E-03 -.74422610110345E+01
 116 0.21540880116807E-02 0.33853863086883E-03 -.74422609976709E+01
 117 0.22072939855692E-02 0.34690057896995E-03 -.74422609834248E+01
 118 0.22618141470128E-02 0.35546907052150E-03 -.74422609682557E+01
 119 0.23176809564440E-02 0.36424920739968E-03 -.74422609521205E+01
 120 0.23749276760682E-02 0.37324621751626E-03 -.74422609349739E+01
 121 0.24335883896670E-02 0.38246545793308E-03 -.74422609167681E+01
 122 0.24936980228918E-02 0.39191241805365E-03 -.74422608974524E+01
 123 0.25552923640572E-02 0.40159272289367E-03 -.74422608769733E+01
 124 0.26184080854495E-02 0.41151213643248E-03 -.74422608552745E+01
 125 0.26830827651601E-02 0.42167656504741E-03 -.74422608322963E+01
 126 0.27493549094595E-02 0.43209206103312E-03 -.74422608079757E+01
 127 0.28172639757232E-02 0.44276482620799E-03 -.74422607822462E+01
 128 0.28868503959235E-02 0.45370121560985E-03 -.74422607550375E+01
 129 0.29581556007028E-02 0.46490774128305E-03 -.74422607262753E+01
 130 0.30312220440402E-02 0.47639107615941E-03 -.74422606958813E+01
 131 0.31060932285280E-02 0.48815805803512E-03 -.74422606637724E+01
 132 0.31828137312726E-02 0.50021569364618E-03 -.74422606298610E+01
 133 0.32614292304351E-02 0.51257116284472E-03 -.74422605940544E+01
 134 0.33419865324268E-02 0.52523182287875E-03 -.74422605562545E+01
 135 0.34245335997778E-02 0.53820521277789E-03 -.74422605163579E+01
 136 0.35091195796923E-02 0.55149905784777E-03 -.74422604742547E+01
 137 0.35957948333107E-02 0.56512127427573E-03 -.74422604298291E+01
 138 0.36846109656934E-02 0.57907997385069E-03 -.74422603829581E+01
 139 0.37756208565461E-02 0.59338346879993E-03 -.74422603335120E+01
 140 0.38688786917027E-02 0.60804027674579E-03 -.74422602813529E+01
 141 0.39644399953878E-02 0.62305912578524E-03 -.74422602263352E+01
 142 0.40623616632739E-02 0.63844895969538E-03 -.74422601683044E+01
 143 0.41627019963567E-02 0.65421894326806E-03 -.74422601070969E+01
 144 0.42655207356668E-02 0.67037846777677E-03 -.74422600425389E+01
 145 0.43708790978377E-02 0.68693715657921E-03 -.74422599744466E+01
 146 0.44788398115543E-02 0.70390487085887E-03 -.74422599026247E+01
 147 0.45894671548997E-02 0.72129171550907E-03 -.74422598268658E+01
 148 0.47028269936257E-02 0.73910804516320E-03 -.74422597469500E+01
 149 0.48189868203683E-02 0.75736447037454E-03 -.74422596626436E+01
 150 0.49380157948314E-02 0.77607186394974E-03 -.74422595736983E+01
 151 0.50599847849637E-02 0.79524136743953E-03 -.74422594798500E+01
 152 0.51849664091523E-02 0.81488439779087E-03 -.74422593808181E+01
 153 0.53130350794584E-02 0.83501265416438E-03 -.74422592763039E+01
 154 0.54442670459210E-02 0.85563812492136E-03 -.74422591659894E+01
 155 0.55787404419553E-02 0.87677309478462E-03 -.74422590495363E+01
 156 0.57165353308716E-02 0.89843015217753E-03 -.74422589265837E+01
 157 0.58577337535441E-02 0.92062219674577E-03 -.74422587967471E+01
 158 0.60024197772566E-02 0.94336244706638E-03 -.74422586596167E+01
 159 0.61506795457549E-02 0.96666444854897E-03 -.74422585147548E+01
 160 0.63026013305350E-02 0.99054208153380E-03 -.74422583616943E+01
 161 0.64582755833992E-02 0.10150095695918E-02 -.74422581999365E+01
 162 0.66177949903092E-02 0.10400814880318E-02 -.74422580289481E+01
 163 0.67812545265698E-02 0.10657727726200E-02 -.74422578481591E+01
 164 0.69487515133761E-02 0.10920987285170E-02 -.74422576569595E+01
 165 0.71203856757565E-02 0.11190750394388E-02 -.74422574546964E+01
 166 0.72962592019477E-02 0.11467177770461E-02 -.74422572406705E+01
 167 0.74764768042358E-02 0.11750434105691E-02 -.74422570141323E+01
 168 0.76611457813004E-02 0.12040688166727E-02 -.74422567742783E+01
 169 0.78503760820985E-02 0.12338112895693E-02 -.74422565202463E+01
 170 0.80442803713263E-02 0.12642885513850E-02 -.74422562511105E+01
 171 0.82429740964981E-02 0.12955187627855E-02 -.74422559658768E+01
 172 0.84465755566816E-02 0.13275205338692E-02 -.74422556634764E+01
 173 0.86552059729316E-02 0.13603129353339E-02 -.74422553427601E+01
 174 0.88689895604630E-02 0.13939155099241E-02 -.74422550024912E+01
 175 0.90880536026065E-02 0.14283482841666E-02 -.74422546413381E+01
 176 0.93125285265909E-02 0.14636317804016E-02 -.74422542578662E+01
 177 0.95425479811977E-02 0.14997870291175E-02 -.74422538505292E+01
 178 0.97782489163332E-02 0.15368355815965E-02 -.74422534176590E+01
 179 0.10019771664567E-01 0.15747995228802E-02 -.74422529574555E+01
 180 0.10267260024681E-01 0.16137014850631E-02 -.74422524679749E+01
 181 0.10520861347291E-01 0.16535646609227E-02 -.74422519471166E+01
 182 0.10780726622569E-01 0.16944128178949E-02 -.74422513926101E+01
 183 0.11047010570147E-01 0.17362703124051E-02 -.74422508019990E+01
 184 0.11319871731229E-01 0.17791621045628E-02 -.74422501726251E+01
 185 0.11599472562991E-01 0.18231137732305E-02 -.74422495016094E+01
 186 0.11885979535296E-01 0.18681515314772E-02 -.74422487858327E+01
 187 0.12179563229818E-01 0.19143022424260E-02 -.74422480219136E+01
 188 0.12480398441595E-01 0.19615934355075E-02 -.74422472061843E+01
 189 0.12788664283102E-01 0.20100533231291E-02 -.74422463346644E+01
 190 0.13104544290895E-01 0.20597108177727E-02 -.74422454030325E+01
 191 0.13428226534880E-01 0.21105955495315E-02 -.74422444065936E+01
 192 0.13759903730291E-01 0.21627378840988E-02 -.74422433402454E+01
 193 0.14099773352430E-01 0.22161689412213E-02 -.74422421984396E+01
 194 0.14448037754235E-01 0.22709206136298E-02 -.74422409751404E+01
 195 0.14804904286764E-01 0.23270255864600E-02 -.74422396637786E+01
 196 0.15170585422647E-01 0.23845173571791E-02 -.74422382572012E+01
 197 0.15545298882587E-01 0.24434302560301E-02 -.74422367476159E+01
 198 0.15929267764987E-01 0.25037994670117E-02 -.74422351265311E+01
 199 0.16322720678782E-01 0.25656610494055E-02 -.74422333846883E+01
 200 0.16725891879548E-01 0.26290519598701E-02 -.74422315119897E+01
 201 0.17139021408973E-01 0.26940100751159E-02 -.74422294974172E+01
 202 0.17562355237774E-01 0.27605742151792E-02 -.74422273289444E+01
 203 0.17996145412147E-01 0.28287841673126E-02 -.74422249934391E+01
 204 0.18440650203827E-01 0.28986807105105E-02 -.74422224765572E+01
 205 0.18896134263862E-01 0.29703056406886E-02 -.74422197626245E+01
 206 0.19362868780179E-01 0.30437017965373E-02 -.74422168345090E+01
 207 0.19841131639050E-01 0.31189130860695E-02 -.74422136734780E+01
 208 0.20331207590534E-01 0.31959845138844E-02 -.74422102590434E+01
 209 0.20833388418020E-01 0.32749622091690E-02 -.74422065687899E+01
 210 0.21347973111945E-01 0.33558934544616E-02 -.74422025781872E+01
 211 0.21875268047810E-01 0.34388267152000E-02 -.74421982603828E+01
 212 0.22415587168591E-01 0.35238116700806E-02 -.74421935859749E+01
 213 0.22969252171656E-01 0.36108992422536E-02 -.74421885227622E+01
 214 0.23536592700295E-01 0.37001416313828E-02 -.74421830354690E+01
 215 0.24117946539993E-01 0.37915923465970E-02 -.74421770854431E+01
 216 0.24713659819531E-01 0.38853062403638E-02 -.74421706303233E+01
 217 0.25324087217073E-01 0.39813395433163E-02 -.74421636236748E+01
 218 0.25949592171335E-01 0.40797499000651E-02 -.74421560145870E+01
 219 0.26590547097967E-01 0.41805964060296E-02 -.74421477472323E+01
 220 0.27247333611286E-01 0.42839396453238E-02 -.74421387603813E+01
 221 0.27920342751485E-01 0.43898417297341E-02 -.74421289868694E+01
 222 0.28609975217447E-01 0.44983663388274E-02 -.74421183530106E+01
 223 0.29316641605318E-01 0.46095787612306E-02 -.74421067779539E+01
 224 0.30040762652969E-01 0.47235459371238E-02 -.74420941729757E+01
 225 0.30782769490498E-01 0.48403365019926E-02 -.74420804407026E+01
 226 0.31543103896913E-01 0.49600208316857E-02 -.74420654742575E+01
 227 0.32322218563167E-01 0.50826710888279E-02 -.74420491563226E+01
 228 0.33120577361677E-01 0.52083612706400E-02 -.74420313581094E+01
 229 0.33938655622510E-01 0.53371672582200E-02 -.74420119382294E+01
 230 0.34776940416386E-01 0.54691668673441E-02 -.74419907414541E+01
 231 0.35635930844671E-01 0.56044399008466E-02 -.74419675973546E+01
 232 0.36516138336534E-01 0.57430682026435E-02 -.74419423188097E+01
 233 0.37418086953447E-01 0.58851357134663E-02 -.74419147003711E+01
 234 0.38342313701197E-01 0.60307285283781E-02 -.74418845164706E+01
 235 0.39289368849616E-01 0.61799349561450E-02 -.74418515194574E+01
 236 0.40259816260202E-01 0.63328455805439E-02 -.74418154374489E+01
 237 0.41254233721829E-01 0.64895533236888E-02 -.74417759719792E+01
 238 0.42273213294758E-01 0.66501535114642E-02 -.74417327954276E+01
 239 0.43317361663139E-01 0.68147439411605E-02 -.74416855482085E+01
 240 0.44387300496218E-01 0.69834249514076E-02 -.74416338357031E+01
 241 0.45483666818475E-01 0.71562994945147E-02 -.74415772249114E+01
 242 0.46607113388891E-01 0.73334732113253E-02 -.74415152408029E+01
 243 0.47758309089597E-01 0.75150545087050E-02 -.74414473623425E+01
 244 0.48937939324110E-01 0.77011546397894E-02 -.74413730181683E+01
 245 0.50146706425415E-01 0.78918877871220E-02 -.74412915818950E+01
 246 0.51385330074123E-01 0.80873711488251E-02 -.74412023670198E+01
 247 0.52654547726954E-01 0.82877250279516E-02 -.74411046214034E+01
 248 0.53955115055809E-01 0.84930729251786E-02 -.74409975213020E+01
 249 0.55287806397688E-01 0.87035416350113E-02 -.74408801649256E+01
 250 0.56653415215711E-01 0.89192613456766E-02 -.74407515654996E+01
 251 0.58052754571539E-01 0.91403657428996E-02 -.74406106438082E+01
 252 0.59486657609456E-01 0.93669921177661E-02 -.74404562202024E+01
 253 0.60955978052409E-01 0.95992814788892E-02 -.74402870060587E+01
 254 0.62461590710304E-01 0.98373786691121E-02 -.74401015946803E+01
 255 0.64004392000848E-01 0.10081432486994E-01 -.74398984516393E+01
 256 0.65585300483269E-01 0.10331595813345E-01 -.74396759045691E+01
 257 0.67205257405206E-01 0.10588025743087E-01 -.74394321324240E+01
 258 0.68865227263115E-01 0.10850883722748E-01 -.74391651542394E+01
 259 0.70566198376514E-01 0.11120335693906E-01 -.74388728174396E+01
 260 0.72309183476414E-01 0.11396552242930E-01 -.74385527857594E+01
 261 0.74095220308281E-01 0.11679708757379E-01 -.74382025268681E+01
 262 0.75925372249896E-01 0.11969985589462E-01 -.74378192998066E+01
 263 0.77800728944468E-01 0.12267568226966E-01 -.74374001423784E+01
 264 0.79722406949396E-01 0.12572647472114E-01 -.74369418586639E+01
 265 0.81691550401046E-01 0.12885419628826E-01 -.74364410068603E+01
 266 0.83709331695952E-01 0.13206086698903E-01 -.74358938876852E+01
 267 0.85776952188842E-01 0.13534856587681E-01 -.74352965336156E+01
 268 0.87895642907907E-01 0.13871943319753E-01 -.74346446992723E+01
 269 0.90066665287732E-01 0.14217567265391E-01 -.74339338532899E+01
 270 0.92291311920339E-01 0.14571955378343E-01 -.74331591720456E+01
 271 0.94570907324771E-01 0.14935341445744E-01 -.74323155356410E+01
 272 0.96906808735693E-01 0.15307966350915E-01 -.74313975265487E+01
 273 0.99300406911465E-01 0.15690078349896E-01 -.74303994313343E+01
 274 0.10175312696218E+00 0.16081933362611E-01 -.74293152458565E+01
 275 0.10426642919814E+00 0.16483795279636E-01 -.74281386843149E+01
 276 0.10684180999934E+00 0.16895936285609E-01 -.74268631924649E+01
 277 0.10948080270632E+00 0.17318637200403E-01 -.74254819652464E+01
 278 0.11218497853317E+00 0.17752187839255E-01 -.74239879689755E+01
 279 0.11495594750294E+00 0.18196887393156E-01 -.74223739681289E+01
 280 0.11779535940626E+00 0.18653044830877E-01 -.74206325566102E+01
 281 0.12070490478359E+00 0.19120979324137E-01 -.74187561932317E+01
 282 0.12368631593175E+00 0.19601020697513E-01 -.74167372409800E+01
 283 0.12674136793526E+00 0.20093509904825E-01 -.74145680094627E+01
 284 0.12987187972326E+00 0.20598799533860E-01 -.74122407997813E+01
 285 0.13307971515243E+00 0.21117254341435E-01 -.74097479509287E+01
 286 0.13636678411669E+00 0.21649251820965E-01 -.74070818867068E+01
 287 0.13973504368438E+00 0.22195182804869E-01 -.74042351620865E+01
 288 0.14318649926338E+00 0.22755452104295E-01 -.74012005079140E+01
 289 0.14672320579519E+00 0.23330479188911E-01 -.73979708728977E+01
 290 0.15034726897833E+00 0.23920698909630E-01 -.73945394618965E+01
 291 0.15406084652209E+00 0.24526562267447E-01 -.73908997696666E+01
 292 0.15786614943119E+00 0.25148537231760E-01 -.73870456094022E+01
 293 0.16176544332214E+00 0.25787109611842E-01 -.73829711356240E+01
 294 0.16576104977219E+00 0.26442783985400E-01 -.73786708611954E+01
 295 0.16985534770157E+00 0.27116084688498E-01 -.73741396684915E+01
 296 0.17405077478980E+00 0.27807556871434E-01 -.73693728149738E+01
 297 0.17834982892710E+00 0.28517767625545E-01 -.73643659336293E+01
 298 0.18275506970160E+00 0.29247307186305E-01 -.73591150289136E+01
 299 0.18726911992323E+00 0.29996790218515E-01 -.73536164689691E+01
 300 0.19189466718534E+00 0.30766857189860E-01 -.73478669749839E+01
 301 0.19663446546481E+00 0.31558175839596E-01 -.73418636086036E+01
 302 0.20149133676180E+00 0.32371442749706E-01 -.73356037583156E+01
 303 0.20646817277981E+00 0.33207385026427E-01 -.73290851256933E+01
 304 0.21156793664747E+00 0.34066762100736E-01 -.73223057123280E+01
 305 0.21679366468267E+00 0.34950367657039E-01 -.73152638081899E+01
 306 0.22214846820033E+00 0.35859031700111E-01 -.73079579820631E+01
 307 0.22763553536488E+00 0.36793622771114E-01 -.73003870745889E+01
 308 0.23325813308839E+00 0.37755050324449E-01 -.72925501943411E+01
 309 0.23901960897567E+00 0.38744267278141E-01 -.72844467172495E+01
 310 0.24492339331737E+00 0.39762272751504E-01 -.72760762895836E+01
 311 0.25097300113231E+00 0.40810115004991E-01 -.72674388346151E+01
 312 0.25717203426028E+00 0.41888894598321E-01 -.72585345629913E+01
 313 0.26352418350651E+00 0.42999767784341E-01 -.72493639867769E+01
 314 0.27003323083912E+00 0.44143950157499E-01 -.72399279370545E+01
 315 0.27670305164084E+00 0.45322720577364E-01 -.72302275849176E+01
 316 0.28353761701637E+00 0.46537425389301E-01 -.72202644656368E+01
 317 0.29054099615668E+00 0.47789482966226E-01 -.72100405057368E+01
 318 0.29771735876175E+00 0.49080388597320E-01 -.71995580526790E+01
 319 0.30507097752316E+00 0.50411719751678E-01 -.71888199068085E+01
 320 0.31260623066798E+00 0.51785141747126E-01 -.71778293551846E+01
 321 0.32032760456548E+00 0.53202413856875E-01 -.71665902068823E+01
 322 0.32823969639825E+00 0.54665395889266E-01 -.71551068293134E+01
 323 0.33634721689929E+00 0.56176055278630E-01 -.71433841850845E+01
 324 0.34465499315670E+00 0.57736474728271E-01 -.71314278688699E+01
 325 0.35316797148767E+00 0.59348860449661E-01 -.71192441437498E+01
 326 0.36189122038341E+00 0.61015551045310E-01 -.71068399764268E+01
 327 0.37082993352688E+00 0.62739027086208E-01 -.70942230707125E+01
 328 0.37998943288500E+00 0.64521921438424E-01 -.70814018986491E+01
 329 0.38937517187726E+00 0.66367030397191E-01 -.70683857286249E+01
 330 0.39899273862263E+00 0.68277325690726E-01 -.70551846498384E+01
 331 0.40884785926661E+00 0.70255967419982E-01 -.70418095924878E+01
 332 0.41894640139049E+00 0.72306318004487E-01 -.70282723430983E+01
 333 0.42929437750484E+00 0.74431957208328E-01 -.70145855544689E+01
 334 0.43989794862921E+00 0.76636698324077E-01 -.70007627498185E+01
 335 0.45076342796035E+00 0.78924605595856E-01 -.69868183208522E+01
 336 0.46189728463097E+00 0.81300012965731E-01 -.69727675196531E+01
 337 0.47330614756135E+00 0.83767544229875E-01 -.69585989412684E+01
 338 0.48499680940612E+00 0.86332134692309E-01 -.69443255622699E+01
 339 0.49697623059845E+00 0.88999054404043E-01 -.69299944443886E+01
 340 0.50925154349423E+00 0.91773933073833E-01 -.69156243686201E+01
 341 0.52183005661854E+00 0.94662786732855E-01 -.69012348735779E+01
 342 0.53471925901702E+00 0.97672046228918E-01 -.68868462264035E+01
 343 0.54792682471474E+00 0.10080858761542E+00 -.68724793971543E+01
 344 0.56146061728519E+00 0.10407976448533E+00 -.68581560403215E+01
 345 0.57532869453213E+00 0.10749344227956E+00 -.68438984878522E+01
 346 0.58953931328708E+00 0.11105803457142E+00 -.68297297587774E+01
 347 0.60410093432527E+00 0.11478254129149E+00 -.68156735912288E+01
 348 0.61902222740310E+00 0.11867658880983E+00 -.68017545032156E+01
 349 0.63431207641996E+00 0.12275047173044E+00 -.67879978889533E+01
 350 0.64997958470753E+00 0.12701519617566E+00 -.67744301576913E+01
 351 0.66603408044981E+00 0.13148252423956E+00 -.67610789217847E+01
 352 0.68248512223692E+00 0.13616501916808E+00 -.67479732400487E+01
 353 0.69934250475617E+00 0.14107609067197E+00 -.67351439210934E+01
 354 0.71661626462365E+00 0.14623003959345E+00 -.67226238891905E+01
 355 0.73431668635985E+00 0.15164210092049E+00 -.67104486121059E+01
 356 0.75245430851294E+00 0.15732848386742E+00 -.66986565860661E+01
 357 0.77103992993321E+00 0.16330640740881E+00 -.66872898674523E+01
 358 0.79008461620256E+00 0.16959412925595E+00 -.66763946337878E+01
 359 0.80959970622276E+00 0.17621096579241E+00 -.66660217480151E+01
 360 0.82959681896646E+00 0.18317729992680E+00 -.66562272899083E+01
 361 0.85008786039494E+00 0.19051457316752E+00 -.66470730068103E+01
 362 0.87108503054669E+00 0.19824525746658E+00 -.66386266229024E+01
 363 0.89260083080119E+00 0.20639280151067E+00 -.66309619322496E+01
 364 0.91464807132198E+00 0.21498154515455E+00 -.66241585864553E+01
 365 0.93723987868364E+00 0.22403659459604E+00 -.66183014736217E+01
 366 0.96038970368712E+00 0.23358364969560E+00 -.66134795724417E+01
 367 0.98411132936819E+00 0.24364877356853E+00 -.66097841548376E+01
 368 0.10084188792036E+01 0.25425809326670E+00 -.66073062040712E+01
 369 0.10333268255199E+01 0.26543741908158E+00 -.66061329143530E+01
 370 0.10588499981103E+01 0.27721176883707E+00 -.66063431445347E+01
 371 0.10850035930636E+01 0.28960478263142E+00 -.66080017144575E+01
 372 0.11118031818123E+01 0.30263801301402E+00 -.66111524600107E+01
 373 0.11392647204030E+01 0.31633007578271E+00 -.66158100039234E+01
 374 0.11674045589970E+01 0.33069564776367E+00 -.66219502556455E+01
 375 0.11962394516042E+01 0.34574430046150E+00 -.66294997269580E+01
 376 0.12257865660588E+01 0.36147916278275E+00 -.66383238413716E+01
 377 0.12560634942405E+01 0.37789541264105E+00 -.66482145254778E+01
 378 0.12870882625482E+01 0.39497860667467E+00 -.66588774989353E+01
 379 0.13188793426332E+01 0.41270287006110E+00 -.66699198252306E+01
 380 0.13514556623962E+01 0.43102898491696E+00 -.66808384446487E+01
 381 0.13848366172574E+01 0.44990243624174E+00 -.66910105787245E+01
 382 0.14190420817036E+01 0.46925149866175E+00 -.66996870635166E+01
 383 0.14540924211217E+01 0.48898547468062E+00 -.67059898252532E+01
 384 0.14900085039234E+01 0.50899322431136E+00 -.67088436992402E+01
 385 0.15268117139703E+01 0.52914215444920E+00 -.67071918311984E+01
 386 0.15645239633054E+01 0.54927786058885E+00 -.66998316452004E+01
 387 0.16031677051990E+01 0.56922462870817E+00 -.66854760084602E+01
 388 0.16427659475175E+01 0.58878700542491E+00 -.66628059650134E+01
 389 0.16833422664211E+01 0.60775262323875E+00 -.66305204786035E+01
 390 0.17249208204017E+01 0.62589641816896E+00 -.65873974710914E+01
 391 0.17675263646657E+01 0.64298629395015E+00 -.65323653019117E+01
 392 0.18111842658729E+01 0.65879016746506E+00 -.64645827719815E+01
 393 0.18559205172400E+01 0.67308417614062E+00 -.63835244732195E+01
 394 0.19017617540158E+01 0.68566164777564E+00 -.62890668683044E+01
 395 0.19487352693400E+01 0.69634224243839E+00 -.61815689032027E+01
 396 0.19968690304927E+01 0.70498049827020E+00 -.60619392449500E+01
 397 0.20461916955458E+01 0.71147287871238E+00 -.59316803800366E+01
 398 0.20967326304258E+01 0.71576236282345E+00 -.57928977014069E+01
 399 0.21485219263973E+01 0.71783967950191E+00 -.56482590890806E+01
 400 0.22015904179794E+01 0.71774049644304E+00 -.55008868162097E+01
 401 0.22559697013034E+01 0.71553827147587E+00 -.53541579829443E+01
 402 0.23116921529256E+01 0.71133309951179E+00 -.52113807995432E+01
 403 0.23687909491029E+01 0.70523780307229E+00 -.50753004256543E+01
 404 0.24273000855457E+01 0.69736381411258E+00 -.49473686271208E+01
 405 0.24872543976587E+01 0.68781122585879E+00 -.48266864440466E+01
 406 0.25486895812809E+01 0.67666888689054E+00 -.47099360697937E+01
 407 0.26116422139385E+01 0.66402509385627E+00 -.45960808464416E+01
 408 0.26761497766228E+01 0.64997543219937E+00 -.44850364116806E+01
 409 0.27422506761054E+01 0.63462031257015E+00 -.43767226928955E+01
 410 0.28099842678052E+01 0.61806450763833E+00 -.42710635367131E+01
 411 0.28793908792200E+01 0.60041675927261E+00 -.41679863612455E+01
 412 0.29505118339367E+01 0.58178904320395E+00 -.40674218338364E+01
 413 0.30233894762350E+01 0.56229586830836E+00 -.39693035760559E+01
 414 0.30980671962980E+01 0.54205354392674E+00 -.38735678966683E+01
 415 0.31745894560465E+01 0.52117942618478E+00 -.37801535523884E+01
 416 0.32530018156109E+01 0.49979114847278E+00 -.36890015354898E+01
 417 0.33333509604565E+01 0.47800584161292E+00 -.36000548867540E+01
 418 0.34156847291797E+01 0.45593934882764E+00 -.35132585318467E+01
 419 0.35000521419905E+01 0.43370544501657E+00 -.34285591389641E+01
 420 0.35865034298976E+01 0.41141506641718E+00 -.33459049954836E+01
 421 0.36750900646161E+01 0.38917555945184E+00 -.32652459013531E+01
 422 0.37658647892121E+01 0.36708995754925E+00 -.31865330770344E+01
 423 0.38588816495057E+01 0.34525629498606E+00 -.31097190839578E+01
 424 0.39541960262485E+01 0.32376696685836E+00 -.30347577556190E+01
 425 0.40518646680968E+01 0.30270814413847E+00 -.29616041376464E+01
 426 0.41519457253988E+01 0.28215925238546E+00 -.28902144353685E+01
 427 0.42544987848161E+01 0.26219252204900E+00 -.28205459676069E+01
 428 0.43595849048011E+01 0.24287261743530E+00 -.27525571256087E+01
 429 0.44672666519497E+01 0.22425635030117E+00 -.26862073362019E+01
 430 0.45776081382528E+01 0.20639248272704E+00 -.26214570284089E+01
 431 0.46906750592677E+01 0.18932162242100E+00 -.25582676028912E+01
 432 0.48065347332316E+01 0.17307621196236E+00 -.24966014037116E+01
 433 0.49252561411424E+01 0.15768061174926E+00 -.24364216919976E+01
 434 0.50469099678286E+01 0.14315127462375E+00 -.23776926211774E+01
 435 0.51715686440340E+01 0.12949700836326E+00 -.23203792135218E+01
 436 0.52993063895416E+01 0.11671932050682E+00 -.22644473377857E+01
 437 0.54301992573633E+01 0.10481283838325E+00 -.22098636877852E+01
 438 0.55643251790202E+01 0.93765795778595E-01 -.21565957617850E+01
 439 0.57017640109420E+01 0.83560576466958E-01 -.21046118425955E+01
 440 0.58425975820123E+01 0.74174303871105E-01 -.20538809783038E+01
 441 0.59869097422880E+01 0.65579465444981E-01 -.20043729635807E+01
 442 0.61347864129225E+01 0.57744559997249E-01 -.19560583215155E+01
 443 0.62863156373217E+01 0.50634756110046E-01 -.19089082859431E+01
 444 0.64415876335635E+01 0.44212550045384E-01 -.18628947842363E+01
 445 0.66006948481125E+01 0.38438412057598E-01 -.18179904205369E+01
 446 0.67637320108609E+01 0.33271410818479E-01 -.17741684594102E+01
 447 0.69307961915292E+01 0.28669806678524E-01 -.17314028099039E+01
 448 0.71019868574599E+01 0.24591605692340E-01 -.16896680100001E+01
 449 0.72774059328392E+01 0.20995067683265E-01 -.16489392114460E+01
 450 0.74571578593803E+01 0.17839163063490E-01 -.16091921649546E+01
 451 0.76413496585070E+01 0.15083974612231E-01 -.15704032057632E+01
 452 0.78300909950721E+01 0.12691041898251E-01 -.15325492395417E+01
 453 0.80234942426504E+01 0.10623647469306E-01 -.14956077286417E+01
 454 0.82216745504439E+01 0.88470452799242E-02 -.14595566786772E+01
 455 0.84247499118399E+01 0.73286330558968E-02 -.14243746254284E+01
 456 0.86328412346623E+01 0.60380713714933E-02 -.13900406220632E+01
 457 0.88460724131585E+01 0.49473531234530E-02 -.13565342266644E+01
 458 0.90645704017635E+01 0.40308278115764E-02 -.13238354900598E+01
 459 0.92884652906870E+01 0.32651855738807E-02 -.12919249439444E+01
 460 0.95178903833670E+01 0.26294062764331E-02 -.12607835892889E+01
 461 0.97529822758362E+01 0.21046791319703E-02 -.12303928850287E+01
 462 0.99938809380493E+01 0.16742983304533E-02 -.12007347370242E+01
 463 0.10240729797219E+02 0.13235400263137E-02 -.11717914872882E+01
 464 0.10493675823210E+02 0.10395257620289E-02 -.11435459034724E+01
 465 0.10752869616044E+02 0.81107703863304E-03 -.11159811686078E+01
 466 0.11018465495560E+02 0.62856529460569E-03 -.10890808710918E+01
 467 0.11290621593300E+02 0.48376104906558E-03 -.10628289949174E+01
 468 0.11569499946655E+02 0.36968542617858E-03 -.10372099101370E+01
 469 0.11855266595337E+02 0.28046672636747E-03 -.10122083635571E+01
 470 0.12148091680242E+02 0.21120416520549E-03 -.98780946965663E+00
 471 0.12448149544744E+02 0.15784037901671E-03 -.96399870172404E+00
 472 0.12755618838499E+02 0.11704381044416E-03 -.94076188320879E+00
 473 0.13070682623810E+02 0.86101647741328E-04 -.91808517928056E+00
 474 0.13393528484618E+02 0.62823605375854E-04 -.89595508859233E+00
 475 0.13724348638188E+02 0.45456504853768E-04 -.87435843524185E+00
 476 0.14063340049552E+02 0.32609344932320E-04 -.85328236092696E+00
 477 0.14410704548776E+02 0.23188338673967E-04 -.83271431728990E+00
 478 0.14766648951130E+02 0.16341238194911E-04 -.81264205844627E+00
 479 0.15131385180223E+02 0.11410161992060E-04 -.79305363369403E+00
 480 0.15505130394175E+02 0.78920787501986E-05 -.77393738039820E+00
 481 0.15888107114911E+02 0.54060791544152E-05 -.75528191704713E+00
 482 0.16280543360649E+02 0.36665767274311E-05 -.73707613647617E+00
 483 0.16682672781657E+02 0.24616133377338E-05 -.71930919925458E+00
 484 0.17094734799364E+02 0.16354983295008E-05 -.70197052723195E+00
 485 0.17516974748908E+02 0.10750762759547E-05 -.68504979724012E+00
 486 0.17949644025206E+02 0.69899190857780E-06 -.66853693494693E+00
 487 0.18393000232629E+02 0.44939737370906E-06 -.65242210885814E+00
 488 0.18847307338375E+02 0.28562300406104E-06 -.63669572446388E+00
 489 0.19312835829633E+02 0.17940548996076E-06 -.62134841852628E+00
 490 0.19789862874625E+02 0.11133470657804E-06 -.60637105350471E+00
 491 0.20278672487628E+02 0.68241221462418E-07 -.59175471211546E+00
 492 0.20779555698072E+02 0.41300002743540E-07 -.57749069202251E+00
 493 0.21292810723815E+02 0.24671901085551E-07 -.56357050065630E+00
 494 0.21818743148693E+02 0.14543300264149E-07 -.54998585015741E+00
 495 0.22357666104466E+02 0.84564096013031E-08 -.53672865244209E+00
 496 0.22909900457246E+02 0.48486716653541E-08 -.52379101438674E+00
 497 0.23475774998540E+02 0.27404404654104E-08 -.51116523312846E+00
 498 0.24055626641004E+02 0.15262365303021E-08 -.49884379147893E+00
 499 0.24649800619037E+02 0.83727101985867E-09 -.48681935344875E+00
 500 0.25258650694327E+02 0.45225936960746E-09 -.47508475987972E+00
 501 0.25882539366477E+02 0.24044541311996E-09 -.46363302418241E+00
 502 0.26521838088829E+02 0.12577037599730E-09 -.45245732817646E+00
 503 0.27176927489623E+02 0.64698463146955E-10 -.44155101803109E+00
 504 0.27848197598616E+02 0.32717434573119E-10 -.43090760030359E+00
 505 0.28536048079302E+02 0.16257175646922E-10 -.42052073807318E+00
 506 0.29240888466861E+02 0.79340923765904E-11 -.41038424716813E+00
 507 0.29963138411993E+02 0.38013344807369E-11 -.40049209248378E+00
 508 0.30703227930769E+02 0.17871313153731E-11 -.39083838438936E+00
 509 0.31461597660659E+02 0.82403865574833E-12 -.38141737522139E+00
 510 0.32238699122877E+02 0.37247127777175E-12 -.37222345586161E+00
 511 0.33034994991212E+02 0.16495648591911E-12 -.36325115239740E+00
 512 0.33850959367495E+02 0.71539932600847E-13 -.35449512286269E+00
 513 0.34687078063872E+02 0.30366512757115E-13 -.34595015405747E+00
 514 0.35543848892050E+02 0.12608596957666E-13 -.33761115844390E+00
 515 0.36421781959683E+02 0.51181793536027E-14 -.32947317111731E+00
 516 0.37321399974088E+02 0.20299515028458E-14 -.32153134685011E+00
 517 0.38243238553448E+02 0.78616684539211E-15 -.31378095720709E+00
 518 0.39187846545718E+02 0.29712060413910E-15 -.30621738773016E+00
 519 0.40155786355397E+02 0.10951231385040E-15 -.29883613519094E+00
 520 0.41147634278375E+02 0.39338601445965E-16 -.29163280490967E+00
 521 0.42163980845051E+02 0.13762989046976E-16 -.28460310813865E+00
 522 0.43205431171924E+02 0.46862213831087E-17 -.27774285950878E+00
 523 0.44272605321870E+02 0.15519922021632E-17 -.27104797453770E+00
 524 0.45366138673321E+02 0.49888238033618E-18 -.26451446719791E+00
 525 0.46486682298552E+02 0.15509894020540E-18 -.25813844754359E+00
 526 0.47634903351326E+02 0.00000000000000E+00 -.25191611939454E+00
 527 0.48811485464104E+02 0.00000000000000E+00 -.24584377807606E+00
 528 0.50017129155067E+02 0.00000000000000E+00 -.23991780821320E+00
 529 0.51252552245197E+02 0.00000000000000E+00 -.23413468157821E+00
 530 0.52518490285653E+02 0.00000000000000E+00 -.22849095498996E+00
 531 0.53815696995709E+02 0.00000000000000E+00 -.22298326826385E+00
 532 0.55144944711503E+02 0.00000000000000E+00 -.21760834221123E+00
 533 0.56507024845877E+02 0.00000000000000E+00 -.21236297668706E+00
 534 0.57902748359570E+02 0.00000000000000E+00 -.20724404868455E+00
 535 0.59332946244052E+02 0.00000000000000E+00 -.20224851047580E+00
 536 0.60798470016280E+02 0.00000000000000E+00 -.19737338779721E+00
 537 0.62300192225682E+02 0.00000000000000E+00 -.19261577807866E+00
 538 0.63839006973656E+02 0.00000000000000E+00 -.18797284871539E+00
 539 0.65415830445906E+02 0.00000000000000E+00 -.18344183538147E+00
 540 0.67031601457919E+02 0.00000000000000E+00 -.17902004038399E+00
 541 0.68687282013930E+02 0.00000000000000E+00 -.17470483105688E+00
 542 0.70383857879674E+02 0.00000000000000E+00 -.17049363819350E+00
 543 0.72122339169302E+02 0.00000000000000E+00 -.16638395451693E+00
 544 0.73903760946784E+02 0.00000000000000E+00 -.16237333318721E+00
 545 0.75729183842169E+02 0.00000000000000E+00 -.15845938634450E+00
 546 0.77599694683071E+02 0.00000000000000E+00 -.15463978368742E+00
 547 0.79516407141743E+02 0.00000000000000E+00 -.15091225108561E+00
