  8.928571428571400E-004   0.00000000000000     
  9.149107142857100E-004   0.00000000000000     
  9.375090089285700E-004   0.00000000000000     
  9.606654814491100E-004   0.00000000000000     
  9.843939188408999E-004   0.00000000000000     
  1.008708448636300E-003   0.00000000000000     
  1.033623547317600E-003   0.00000000000000     
  1.059154048936300E-003   0.00000000000000     
  1.085315153945100E-003   0.00000000000000     
  1.112122438247500E-003   0.00000000000000     
  1.139591862472200E-003   0.00000000000000     
  1.167739781475300E-003   0.00000000000000     
  1.196582954077700E-003   0.00000000000000     
  1.226138553043400E-003   0.00000000000000     
  1.256424175303600E-003   0.00000000000000     
  1.287457852433600E-003   0.00000000000000     
  1.319258061388700E-003   0.00000000000000     
  1.351843735505000E-003   0.00000000000000     
  1.385234275772000E-003   0.00000000000000     
  1.419449562383600E-003   0.00000000000000     
  1.454509966574400E-003   0.00000000000000     
  1.490436362748800E-003   0.00000000000000     
  1.527250140908700E-003   0.00000000000000     
  1.564973219389200E-003   0.00000000000000     
  1.603628057908100E-003   0.00000000000000     
  1.643237670938400E-003   0.00000000000000     
  1.683825641410600E-003   0.00000000000000     
  1.725416134753400E-003   0.00000000000000     
  1.768033913281800E-003   0.00000000000000     
  1.811704350939900E-003   0.00000000000000     
  1.856453448408100E-003   0.00000000000000     
  1.902307848583800E-003   0.00000000000000     
  1.949294852443800E-003   0.00000000000000     
  1.997442435299200E-003   0.00000000000000     
  2.046779263451100E-003   0.00000000000000     
  2.097334711258300E-003   0.00000000000000     
  2.149138878626400E-003   0.00000000000000     
  2.202222608928500E-003   0.00000000000000     
  2.256617507369000E-003   0.00000000000000     
  2.312355959801000E-003   0.00000000000000     
  2.369471152008100E-003   0.00000000000000     
  2.427997089462700E-003   0.00000000000000     
  2.487968617572400E-003   0.00000000000000     
  2.549421442426500E-003   0.00000000000000     
  2.612392152054400E-003   0.00000000000000     
  2.676918238210100E-003   0.00000000000000     
  2.743038118693900E-003   0.00000000000000     
  2.810791160225700E-003   0.00000000000000     
  2.880217701883200E-003   0.00000000000000     
  2.951359079119700E-003   0.00000000000000     
  3.024257648374000E-003   0.00000000000000     
  3.098956812288800E-003   0.00000000000000     
  3.175501045552400E-003   0.00000000000000     
  3.253935921377500E-003   0.00000000000000     
  3.334308138635500E-003   0.00000000000000     
  3.416665549659800E-003   0.00000000000000     
  3.501057188736400E-003   0.00000000000000     
  3.587533301298200E-003   0.00000000000000     
  3.676145373840300E-003   0.00000000000000     
  3.766946164574200E-003   0.00000000000000     
  3.859989734839100E-003   0.00000000000000     
  3.955331481289700E-003   0.00000000000000     
  4.053028168877500E-003   0.00000000000000     
  4.153137964648800E-003   0.00000000000000     
  4.255720472375600E-003   0.00000000000000     
  4.360836768043300E-003   0.00000000000000     
  4.468549436214000E-003   0.00000000000000     
  4.578922607288400E-003   0.00000000000000     
  4.692021995688500E-003   0.00000000000000     
  4.807914938982000E-003   0.00000000000000     
  4.926670437974800E-003   0.00000000000000     
  5.048359197792800E-003   0.00000000000000     
  5.173053669978300E-003   0.00000000000000     
  5.300828095626800E-003   0.00000000000000     
  5.431758549588700E-003   0.00000000000000     
  5.565922985763600E-003   0.00000000000000     
  5.703401283511900E-003   0.00000000000000     
  5.844275295214700E-003   0.00000000000000     
  5.988628895006500E-003   0.00000000000000     
  6.136548028713100E-003   0.00000000000000     
  6.288120765022400E-003   0.00000000000000     
  6.443437347918400E-003   0.00000000000000     
  6.602590250412000E-003   0.00000000000000     
  6.765674229597200E-003   0.00000000000000     
  6.932786383068200E-003   0.00000000000000     
  7.104026206730000E-003   0.00000000000000     
  7.279495654036200E-003   0.00000000000000     
  7.459299196690900E-003   0.00000000000000     
  7.643543886849200E-003   0.00000000000000     
  7.832339420854401E-003   0.00000000000000     
  8.025798204549500E-003   0.00000000000000     
  8.224035420201800E-003   0.00000000000000     
  8.427169095080801E-003   0.00000000000000     
  8.635320171729299E-003   0.00000000000000     
  8.848612579971001E-003   0.00000000000000     
  9.067173310696300E-003   0.00000000000000     
  9.291132491470500E-003   0.00000000000000     
  9.520623464009800E-003   0.00000000000000     
  9.755782863570900E-003   0.00000000000000     
  9.996750700301101E-003   0.00000000000000     
  1.024367044259900E-002   0.00000000000000     
  1.049668910253100E-002   0.00000000000000     
  1.075595732336300E-002   0.00000000000000     
  1.102162946925000E-002   0.00000000000000     
  1.129386371714100E-002   0.00000000000000     
  1.157282215095400E-002   0.00000000000000     
  1.185867085808300E-002   0.00000000000000     
  1.215158002827700E-002   0.00000000000000     
  1.245172405497600E-002   0.00000000000000     
  1.275928163913400E-002   0.00000000000000     
  1.307443589562000E-002   0.00000000000000     
  1.339737446224200E-002   0.00000000000000     
  1.372828961146000E-002   0.00000000000000     
  1.406737836486300E-002   0.00000000000000     
  1.441484261047500E-002   0.00000000000000     
  1.477088922295300E-002   0.00000000000000     
  1.513573018676000E-002   0.00000000000000     
  1.550958272237300E-002   0.00000000000000     
  1.589266941561600E-002   0.00000000000000     
  1.628521835018200E-002   0.00000000000000     
  1.668746324343100E-002   0.00000000000000     
  1.709964358554400E-002   0.00000000000000     
  1.752200478210700E-002   0.00000000000000     
  1.795479830022500E-002   0.00000000000000     
  1.839828181824000E-002   0.00000000000000     
  1.885271937915100E-002   0.00000000000000     
  1.931838154781600E-002   0.00000000000000     
  1.979554557204700E-002   0.00000000000000     
  2.028449554767700E-002   0.00000000000000     
  2.078552258770400E-002   0.00000000000000     
  2.129892499562000E-002   0.00000000000000     
  2.182500844301200E-002   0.00000000000000     
  2.236408615155500E-002   0.00000000000000     
  2.291647907949800E-002   0.00000000000000     
  2.348251611276200E-002   0.00000000000000     
  2.406253426074700E-002   0.00000000000000     
  2.465687885698700E-002   0.00000000000000     
  2.526590376475500E-002   0.00000000000000     
  2.588997158774400E-002   0.00000000000000     
  2.652945388596200E-002   0.00000000000000     
  2.718473139694500E-002   0.00000000000000     
  2.785619426244900E-002   0.00000000000000     
  2.854424226073200E-002   0.00000000000000     
  2.924928504457200E-002   0.00000000000000     
  2.997174238517300E-002   0.00000000000000     
  3.071204442208700E-002   0.00000000000000     
  3.147063191931200E-002   0.00000000000000     
  3.224795652771900E-002   0.00000000000000     
  3.304448105395400E-002   0.00000000000000     
  3.386067973598700E-002   0.00000000000000     
  3.469703852546500E-002   0.00000000000000     
  3.555405537704400E-002   0.00000000000000     
  3.643224054485700E-002   0.00000000000000     
  3.733211688631500E-002   0.00000000000000     
  3.825422017340700E-002   0.00000000000000     
  3.919909941169100E-002   0.00000000000000     
  4.016731716715900E-002   0.00000000000000     
  4.115944990118800E-002   0.00000000000000     
  4.217608831374800E-002   0.00000000000000     
  4.321783769509700E-002   0.00000000000000     
  4.428531828616600E-002   0.00000000000000     
  4.537916564783400E-002   0.00000000000000     
  4.650003103933600E-002   0.00000000000000     
  4.764858180600700E-002   0.00000000000000     
  4.882550177661600E-002   0.00000000000000     
  5.003149167049800E-002   0.00000000000000     
  5.126726951475900E-002   0.00000000000000     
  5.253357107177400E-002   0.00000000000000     
  5.383115027724700E-002   0.00000000000000     
  5.516077968909500E-002   0.00000000000000     
  5.652325094741600E-002   0.00000000000000     
  5.791937524581700E-002   0.00000000000000     
  5.934998381438800E-002   0.00000000000000     
  6.081592841460400E-002   0.00000000000000     
  6.231808184644400E-002   0.00000000000000     
  6.385733846805200E-002   0.00000000000000     
  6.543461472821201E-002   0.00000000000000     
  6.705084971199900E-002   0.00000000000000     
  6.870700569988600E-002   0.00000000000000     
  7.040406874067300E-002   0.00000000000000     
  7.214304923856700E-002   0.00000000000000     
  7.392498255476000E-002   0.00000000000000     
  7.575092962386300E-002   0.00000000000000     
  7.762197758557200E-002   0.00000000000000     
  7.953924043193600E-002   0.00000000000000     
  8.150385967060400E-002   0.00000000000000     
  8.351700500446800E-002   0.00000000000000     
  8.557987502807900E-002   0.00000000000000     
  8.769369794127201E-002   0.00000000000000     
  8.985973228042200E-002   0.00000000000000     
  9.207926766774800E-002   0.00000000000000     
  9.435362557914199E-002   0.00000000000000     
  9.668416013094600E-002   0.00000000000000     
  9.907225888618100E-002   0.00000000000000     
  0.101519343680670        0.00000000000000     
  0.104026871469580        0.00000000000000     
  0.106596335194880        0.00000000000000     
  0.109229264674190        0.00000000000000     
  0.111927227511650        0.00000000000000     
  0.114691830031180        0.00000000000000     
  0.117524718232950        0.00000000000000     
  0.120427578773310        0.00000000000000     
  0.123402139969010        0.00000000000000     
  0.126450172826240        0.00000000000000     
  0.129573492095050        0.00000000000000     
  0.132773957349800        0.00000000000000     
  0.136053474096340        0.00000000000000     
  0.139413994906520        0.00000000000000     
  0.142857520580710        0.00000000000000     
  0.146386101339050        0.00000000000000     
  0.150001838042130        0.00000000000000     
  0.153706883441770        0.00000000000000     
  0.157503443462780        0.00000000000000     
  0.161393778516310        0.00000000000000     
  0.165380204845660        0.00000000000000     
  0.169465095905350        0.00000000000000     
  0.173650883774210        0.00000000000000     
  0.177940060603440        0.00000000000000     
  0.182335180100340        0.00000000000000     
  0.186838859048820        0.00000000000000     
  0.191453778867330        0.00000000000000     
  0.196182687205350        0.00000000000000     
  0.201028399579320        0.00000000000000     
  0.205993801048930        0.00000000000000     
  0.211081847934840        0.00000000000000     
  0.216295569578830        0.00000000000000     
  0.221638070147430        0.00000000000000     
  0.227112530480070        0.00000000000000     
  0.232722209982930        0.00000000000000     
  0.238470448569500        0.00000000000000     
  0.244360668649170        0.00000000000000     
  0.250396377164810        0.00000000000000     
  0.256581167680780        0.00000000000000     
  0.262918722522490        0.00000000000000     
  0.269412814968800        0.00000000000000     
  0.276067311498530        0.00000000000000     
  0.282886174092540        0.00000000000000     
  0.289873462592630        0.00000000000000     
  0.297033337118660        0.00000000000000     
  0.304370060545490        0.00000000000000     
  0.311888001040970        0.00000000000000     
  0.319591634666680        0.00000000000000     
  0.327485548042950        0.00000000000000     
  0.335574441079610        0.00000000000000     
  0.343863129774270        0.00000000000000     
  0.352356549079700        0.00000000000000     
  0.361059755841970        0.00000000000000     
  0.369977931811260        0.00000000000000     
  0.379116386727000        0.00000000000000     
  0.388480561479160        0.00000000000000     
  0.398076031347690        0.00000000000000     
  0.407908509321980        0.00000000000000     
  0.417983849502240        0.00000000000000     
  0.428308050584940        0.00000000000000     
  0.438887259434390        0.00000000000000     
  0.449727774742420        0.00000000000000     
  0.460836050778560        0.00000000000000     
  0.472218701232790        0.00000000000000     
  0.483882503153240        0.00000000000000     
  0.495834400981120        0.00000000000000     
  0.508081510685350        0.00000000000000     
  0.520631123999280        0.00000000000000     
  0.533490712762070        0.00000000000000     
  0.546667933367290        0.00000000000000     
  0.560170631321460        0.00000000000000     
  0.574006845915100        0.00000000000000     
  0.588184815009200        0.00000000000000     
  0.602712979939930        0.00000000000000     
  0.617599990544450        0.00000000000000     
  0.632854710310890        0.00000000000000     
  0.648486221655570        0.00000000000000     
  0.664503831330470        0.00000000000000     
  0.680917075964330        0.00000000000000     
  0.697735727740650        0.00000000000000     
  0.714969800215840        0.00000000000000     
  0.732629554281170        0.00000000000000     
  0.750725504271920        0.00000000000000     
  0.769268424227430        0.00000000000000     
  0.788269354305850        0.00000000000000     
  0.807739607357210        0.00000000000000     
  0.827690775658930        0.00000000000000     
  0.848134737817700        0.00000000000000     
  0.869083665841800        0.00000000000000     
  0.890550032388090        0.00000000000000     
  0.912546618188080        0.00000000000000     
  0.935086519657330        0.00000000000000     
  0.958183156692860        0.00000000000000     
  0.981850280663180        0.00000000000000     
   1.00610198259560        0.00000000000000     
   1.03095270156570        0.00000000000000     
   1.05641723329430        0.00000000000000     
   1.08251073895670        0.00000000000000     
   1.10924875420890        0.00000000000000     
   1.13664719843790        0.00000000000000     
   1.16472238423930        0.00000000000000     
   1.19349102713000        0.00000000000000     
   1.22297025550010        0.00000000000000     
   1.25317762081100        0.00000000000000     
   1.28413110804500        0.00000000000000     
   1.31584914641370        0.00000000000000     
   1.34835062033020        0.00000000000000     
   1.38165488065230        0.00000000000000     
   1.41578175620440        0.00000000000000     
   1.45075156558270        0.00000000000000     
   1.48658512925260        0.00000000000000     
   1.52330378194510        0.00000000000000     
   1.56092938535910        0.00000000000000     
   1.59948434117750        0.00000000000000     
   1.63899160440460        0.00000000000000     
   1.67947469703340        0.00000000000000     
   1.72095772205010        0.00000000000000     
   1.76346537778480        0.00000000000000     
   1.80702297261600        0.00000000000000     
   1.85165644003970        0.00000000000000     
   1.89739235410860        0.00000000000000     
   1.94425794525510        0.00000000000000     
   1.99228111650290        0.00000000000000     
   2.04149046008050        0.00000000000000     
   2.09191527444450        0.00000000000000     
   2.14358558172330        0.00000000000000     
   2.19653214559190        0.00000000000000     
   2.25078648958800        0.00000000000000     
   2.30638091588080        0.00000000000000     
   2.36334852450310        0.00000000000000     
   2.42172323305830        0.00000000000000     
   2.48153979691480        0.00000000000000     
   2.54283382989860        0.00000000000000     
   2.60564182549710        0.00000000000000     
   2.67000117858690        0.00000000000000     
   2.73595020769800        0.00000000000000     
   2.80352817782810        0.00000000000000     
   2.87277532382050        0.00000000000000     
   2.94373287431890        0.00000000000000     
   3.01644307631450        0.00000000000000     
   3.09094922029950        0.00000000000000     
   3.16729566604090        0.00000000000000     
   3.24552786899210        0.00000000000000     
   3.32569240735620        0.00000000000000     
   3.40783700981790        0.00000000000000     
   3.49201058396040        0.00000000000000     
   3.57826324538430        0.00000000000000     
   3.66664634754520        0.00000000000000     
   3.75721251232960        0.00000000000000     
   3.85001566138420        0.00000000000000     
   3.94511104822030        0.00000000000000     
   4.04255529111140        0.00000000000000     
   4.14240640680180        0.00000000000000     
   4.24472384504980        0.00000000000000     
   4.34956852402260        0.00000000000000     
   4.45700286656590        0.00000000000000     
   4.56709083737010        0.00000000000000     
   4.67989798105310        0.00000000000000     
   4.79549146118520        0.00000000000000     
   4.91394010027640        0.00000000000000     
   5.03531442075330        0.00000000000000     
   5.15968668694590        0.00000000000000     
   5.28713094811340        0.00000000000000     
   5.41772308253180        0.00000000000000     
   5.55154084267040        0.00000000000000     
   5.68866390148430        0.00000000000000     
   5.82917389985100        0.00000000000000     
   5.97315449517730        0.00000000000000     
   6.12069141120820        0.00000000000000     
   6.27187248906500        0.00000000000000     
   6.42678773954490        0.00000000000000     
   6.58552939671170        0.00000000000000     
   6.74819197281050        0.00000000000000     
   6.91487231453890        0.00000000000000     
   7.08566966070800        0.00000000000000     
   7.26068570132750        0.00000000000000     
   7.44002463815030        0.00000000000000     
   7.62379324671260        0.00000000000000     
   7.81210093990640        0.00000000000000     
   8.00505983312210        0.00000000000000     
   8.20278481100020        0.00000000000000     
   8.40539359583190        0.00000000000000     
   8.61300681764890        0.00000000000000     
   8.82574808604490        0.00000000000000     
   9.04374406377020        0.00000000000000     
   9.26712454214530        0.00000000000000     
   9.49602251833630        0.00000000000000     
   9.73057427453920        0.00000000000000     
   9.97091945912030        0.00000000000000     
   10.2172011697610        0.00000000000000     
   10.4695660386540        0.00000000000000     
   10.7281643198080        0.00000000000000     
   10.9931499785080        0.00000000000000     
   11.2646807829770        0.00000000000000     
   11.5429183983160        0.00000000000000     
   11.8280284827550        0.00000000000000     
   12.1201807862790        0.00000000000000     
   12.4195492517000        0.00000000000000     
   12.7263121182170        0.00000000000000     
   13.0406520275370        0.00000000000000     
   13.3627561326170        0.00000000000000     
   13.6928162090930        0.00000000000000     
   14.0310287694570        0.00000000000000     
   14.3775951800630        0.00000000000000     
   14.7327217810100        0.00000000000000     
   15.0966200090010        0.00000000000000     
   15.4695065232240        0.00000000000000     
   15.8516033343470        0.00000000000000     
   16.2431379367060        0.00000000000000     
   16.6443434437420        0.00000000000000     
   17.0554587268030        0.00000000000000     
   17.4767285573550        0.00000000000000     
   17.9084037527210        0.00000000000000     
   18.3507413254140        0.00000000000000     
   18.8040046361510        0.00000000000000     
   19.2684635506640        0.00000000000000     
   19.7443946003660        0.00000000000000     
   20.2320811469950        0.00000000000000     
   20.7318135513250        0.00000000000000     
   21.2438893460430        0.00000000000000     
   21.7686134128900        0.00000000000000     
   22.3062981641890        0.00000000000000     
   22.8572637288440        0.00000000000000     
   23.4218381429470        0.00000000000000     
   24.0003575450780        0.00000000000000     
   24.5931663764410        0.00000000000000     
   25.2006175859390        0.00000000000000     
   25.8230728403120        0.00000000000000     
   26.4609027394670        0.00000000000000     
   27.1144870371320        0.00000000000000     
   27.7842148669490        0.00000000000000     
   28.4704849741630        0.00000000000000     
   29.1737059530250        0.00000000000000     
   29.8942964900650        0.00000000000000     
   30.6326856133690        0.00000000000000     
   31.3893129480190        0.00000000000000     
   32.1646289778360        0.00000000000000     
   32.9590953135880        0.00000000000000     
   33.7731849678340        0.00000000000000     
   34.6073826365390        0.00000000000000     
   35.4621849876620        0.00000000000000     
   36.3381009568570        0.00000000000000     
   37.2356520504910        0.00000000000000     
   38.1553726561380        0.00000000000000     
   39.0978103607450        0.00000000000000     
   40.0635262766550        0.00000000000000     
   41.0530953756890        0.00000000000000     
   42.0671068314680        0.00000000000000     
   43.1061643702060        0.00000000000000     
   44.1708866301500        0.00000000000000     
   45.2619075299140        0.00000000000000     
   46.3798766459030        0.00000000000000     
   47.5254595990570        0.00000000000000     
   48.6993384511540        0.00000000000000     
   49.9022121108970        0.00000000000000     
   51.1347967500360        0.00000000000000     
   52.3978262297620        0.00000000000000     
   53.6920525376370        0.00000000000000     
   55.0182462353170        0.00000000000000     
   56.3771969173290        0.00000000000000     
   57.7697136811870        0.00000000000000     
   59.1966256091130        0.00000000000000     
   60.6587822616580        0.00000000000000     
   62.1570541835210        0.00000000000000     
   63.6923334218540        0.00000000000000     
   65.2655340573740        0.00000000000000     
   66.8775927485910        0.00000000000000     
   68.5294692894810        0.00000000000000     
   70.2221471809310        0.00000000000000     
   71.9566342163000        0.00000000000000     
   73.7339630814430        0.00000000000000     
   75.5551919695540        0.00000000000000     
   77.4214052112020        0.00000000000000     
