  1.041666666666700E-003   0.00000000000000     
  1.067395833333300E-003   0.00000000000000     
  1.093760510416700E-003   0.00000000000000     
  1.120776395024000E-003   0.00000000000000     
  1.148459571981000E-003   0.00000000000000     
  1.176826523409000E-003   0.00000000000000     
  1.205894138537200E-003   0.00000000000000     
  1.235679723759100E-003   0.00000000000000     
  1.266201012935900E-003   0.00000000000000     
  1.297476177955400E-003   0.00000000000000     
  1.329523839550900E-003   0.00000000000000     
  1.362363078387800E-003   0.00000000000000     
  1.396013446424000E-003   0.00000000000000     
  1.430494978550700E-003   0.00000000000000     
  1.465828204520900E-003   0.00000000000000     
  1.502034161172500E-003   0.00000000000000     
  1.539134404953500E-003   0.00000000000000     
  1.577151024755900E-003   0.00000000000000     
  1.616106655067300E-003   0.00000000000000     
  1.656024489447500E-003   0.00000000000000     
  1.696928294336800E-003   0.00000000000000     
  1.738842423207000E-003   0.00000000000000     
  1.781791831060200E-003   0.00000000000000     
  1.825802089287400E-003   0.00000000000000     
  1.870899400892800E-003   0.00000000000000     
  1.917110616094800E-003   0.00000000000000     
  1.964463248312300E-003   0.00000000000000     
  2.012985490545700E-003   0.00000000000000     
  2.062706232162100E-003   0.00000000000000     
  2.113655076096500E-003   0.00000000000000     
  2.165862356476100E-003   0.00000000000000     
  2.219359156681100E-003   0.00000000000000     
  2.274177327851100E-003   0.00000000000000     
  2.330349507849000E-003   0.00000000000000     
  2.387909140692900E-003   0.00000000000000     
  2.446890496468000E-003   0.00000000000000     
  2.507328691730800E-003   0.00000000000000     
  2.569259710416500E-003   0.00000000000000     
  2.632720425263800E-003   0.00000000000000     
  2.697748619767800E-003   0.00000000000000     
  2.764383010676100E-003   0.00000000000000     
  2.832663271039800E-003   0.00000000000000     
  2.902630053834500E-003   0.00000000000000     
  2.974325016164200E-003   0.00000000000000     
  3.047790844063500E-003   0.00000000000000     
  3.123071277911800E-003   0.00000000000000     
  3.200211138476200E-003   0.00000000000000     
  3.279256353596600E-003   0.00000000000000     
  3.360253985530400E-003   0.00000000000000     
  3.443252258973000E-003   0.00000000000000     
  3.528300589769700E-003   0.00000000000000     
  3.615449614337000E-003   0.00000000000000     
  3.704751219811100E-003   0.00000000000000     
  3.796258574940400E-003   0.00000000000000     
  3.890026161741500E-003   0.00000000000000     
  3.986109807936500E-003   0.00000000000000     
  4.084566720192500E-003   0.00000000000000     
  4.185455518181300E-003   0.00000000000000     
  4.288836269480300E-003   0.00000000000000     
  4.394770525336500E-003   0.00000000000000     
  4.503321357312300E-003   0.00000000000000     
  4.614553394837900E-003   0.00000000000000     
  4.728532863690400E-003   0.00000000000000     
  4.845327625423600E-003   0.00000000000000     
  4.965007217771600E-003   0.00000000000000     
  5.087642896050500E-003   0.00000000000000     
  5.213307675583000E-003   0.00000000000000     
  5.342076375169900E-003   0.00000000000000     
  5.474025661636600E-003   0.00000000000000     
  5.609234095479000E-003   0.00000000000000     
  5.747782177637300E-003   0.00000000000000     
  5.889752397424900E-003   0.00000000000000     
  6.035229281641300E-003   0.00000000000000     
  6.184299444897900E-003   0.00000000000000     
  6.337051641186900E-003   0.00000000000000     
  6.493576816724200E-003   0.00000000000000     
  6.653968164097300E-003   0.00000000000000     
  6.818321177750500E-003   0.00000000000000     
  6.986733710840900E-003   0.00000000000000     
  7.159306033498700E-003   0.00000000000000     
  7.336140892526100E-003   0.00000000000000     
  7.517343572571500E-003   0.00000000000000     
  7.703021958814000E-003   0.00000000000000     
  7.893286601196699E-003   0.00000000000000     
  8.088250780246300E-003   0.00000000000000     
  8.288030574518299E-003   0.00000000000000     
  8.492744929708900E-003   0.00000000000000     
  8.702515729472801E-003   0.00000000000000     
  8.917467867990700E-003   0.00000000000000     
  9.137729324330100E-003   0.00000000000000     
  9.363431238641100E-003   0.00000000000000     
  9.594707990235500E-003   0.00000000000000     
  9.831697277594300E-003   0.00000000000000     
  1.007454020035100E-002   0.00000000000000     
  1.032338134330000E-002   0.00000000000000     
  1.057836886247900E-002   0.00000000000000     
  1.083965457338200E-002   0.00000000000000     
  1.110739404134500E-002   0.00000000000000     
  1.138174667416600E-002   0.00000000000000     
  1.166287581701800E-002   0.00000000000000     
  1.195094884969800E-002   0.00000000000000     
  1.224613728628600E-002   0.00000000000000     
  1.254861687725700E-002   0.00000000000000     
  1.285856771412500E-002   0.00000000000000     
  1.317617433666400E-002   0.00000000000000     
  1.350162584278000E-002   0.00000000000000     
  1.383511600109600E-002   0.00000000000000     
  1.417684336632400E-002   0.00000000000000     
  1.452701139747200E-002   0.00000000000000     
  1.488582857898900E-002   0.00000000000000     
  1.525350854489000E-002   0.00000000000000     
  1.563027020594900E-002   0.00000000000000     
  1.601633788003600E-002   0.00000000000000     
  1.641194142567300E-002   0.00000000000000     
  1.681731637888700E-002   0.00000000000000     
  1.723270409344600E-002   0.00000000000000     
  1.765835188455400E-002   0.00000000000000     
  1.809451317610200E-002   0.00000000000000     
  1.854144765155200E-002   0.00000000000000     
  1.899942140854500E-002   0.00000000000000     
  1.946870711733600E-002   0.00000000000000     
  1.994958418313500E-002   0.00000000000000     
  2.044233891245800E-002   0.00000000000000     
  2.094726468359600E-002   0.00000000000000     
  2.146466212128000E-002   0.00000000000000     
  2.199483927567600E-002   0.00000000000000     
  2.253811180578500E-002   0.00000000000000     
  2.309480316738800E-002   0.00000000000000     
  2.366524480562300E-002   0.00000000000000     
  2.424977635232200E-002   0.00000000000000     
  2.484874582822400E-002   0.00000000000000     
  2.546250985018100E-002   0.00000000000000     
  2.609143384348000E-002   0.00000000000000     
  2.673589225941400E-002   0.00000000000000     
  2.739626879822200E-002   0.00000000000000     
  2.807295663753800E-002   0.00000000000000     
  2.876635866648500E-002   0.00000000000000     
  2.947688772554700E-002   0.00000000000000     
  3.020496685236800E-002   0.00000000000000     
  3.095102953362200E-002   0.00000000000000     
  3.171551996310200E-002   0.00000000000000     
  3.249889330619100E-002   0.00000000000000     
  3.330161597085400E-002   0.00000000000000     
  3.412416588533400E-002   0.00000000000000     
  3.496703278270200E-002   0.00000000000000     
  3.583071849243500E-002   0.00000000000000     
  3.671573723919800E-002   0.00000000000000     
  3.762261594900600E-002   0.00000000000000     
  3.855189456294600E-002   0.00000000000000     
  3.950412635865100E-002   0.00000000000000     
  4.047987827971000E-002   0.00000000000000     
  4.147973127321900E-002   0.00000000000000     
  4.250428063566700E-002   0.00000000000000     
  4.355413636736800E-002   0.00000000000000     
  4.462992353564200E-002   0.00000000000000     
  4.573228264697200E-002   0.00000000000000     
  4.686187002835300E-002   0.00000000000000     
  4.801935821805300E-002   0.00000000000000     
  4.920543636603900E-002   0.00000000000000     
  5.042081064428000E-002   0.00000000000000     
  5.166620466719400E-002   0.00000000000000     
  5.294235992247300E-002   0.00000000000000     
  5.425003621255800E-002   0.00000000000000     
  5.559001210700900E-002   0.00000000000000     
  5.696308540605200E-002   0.00000000000000     
  5.837007361558100E-002   0.00000000000000     
  5.981181443388600E-002   0.00000000000000     
  6.128916625040300E-002   0.00000000000000     
  6.280300865678801E-002   0.00000000000000     
  6.435424297061100E-002   0.00000000000000     
  6.594379277198500E-002   0.00000000000000     
  6.757260445345301E-002   0.00000000000000     
  6.924164778345300E-002   0.00000000000000     
  7.095191648370400E-002   0.00000000000000     
  7.270442882085200E-002   0.00000000000000     
  7.450022821272700E-002   0.00000000000000     
  7.634038384958100E-002   0.00000000000000     
  7.822599133066600E-002   0.00000000000000     
  8.015817331653299E-002   0.00000000000000     
  8.213808019745200E-002   0.00000000000000     
  8.416689077832901E-002   0.00000000000000     
  8.624581298055400E-002   0.00000000000000     
  8.837608456117300E-002   0.00000000000000     
  9.055897384983400E-002   0.00000000000000     
  9.279578050392499E-002   0.00000000000000     
  9.508783628237200E-002   0.00000000000000     
  9.743650583854700E-002   0.00000000000000     
  9.984318753275900E-002   0.00000000000000     
  0.102309314264820        0.00000000000000     
  0.104836354327160        0.00000000000000     
  0.107425812279040        0.00000000000000     
  0.110079229842330        0.00000000000000     
  0.112798186819440        0.00000000000000     
  0.115584302033880        0.00000000000000     
  0.118439234294110        0.00000000000000     
  0.121364683381180        0.00000000000000     
  0.124362391060690        0.00000000000000     
  0.127434142119890        0.00000000000000     
  0.130581765430250        0.00000000000000     
  0.133807135036380        0.00000000000000     
  0.137112171271780        0.00000000000000     
  0.140498841902190        0.00000000000000     
  0.143969163297180        0.00000000000000     
  0.147525201630620        0.00000000000000     
  0.151169074110890        0.00000000000000     
  0.154902950241430        0.00000000000000     
  0.158729053112400        0.00000000000000     
  0.162649660724270        0.00000000000000     
  0.166667107344160        0.00000000000000     
  0.170783784895560        0.00000000000000     
  0.175002144382480        0.00000000000000     
  0.179324697348730        0.00000000000000     
  0.183754017373240        0.00000000000000     
  0.188292741602360        0.00000000000000     
  0.192943572319940        0.00000000000000     
  0.197709278556240        0.00000000000000     
  0.202592697736580        0.00000000000000     
  0.207596737370680        0.00000000000000     
  0.212724376783730        0.00000000000000     
  0.217978668890290        0.00000000000000     
  0.223362742011880        0.00000000000000     
  0.228879801739580        0.00000000000000     
  0.234533132842540        0.00000000000000     
  0.240326101223750        0.00000000000000     
  0.246262155923980        0.00000000000000     
  0.252344831175300        0.00000000000000     
  0.258577748505330        0.00000000000000     
  0.264964618893410        0.00000000000000     
  0.271509244980080        0.00000000000000     
  0.278215523331090        0.00000000000000     
  0.285087446757370        0.00000000000000     
  0.292129106692270        0.00000000000000     
  0.299344695627570        0.00000000000000     
  0.306738509609570        0.00000000000000     
  0.314314950796930        0.00000000000000     
  0.322078530081610        0.00000000000000     
  0.330033869774630        0.00000000000000     
  0.338185706358060        0.00000000000000     
  0.346538893305110        0.00000000000000     
  0.355098403969740        0.00000000000000     
  0.363869334547800        0.00000000000000     
  0.372856907111130        0.00000000000000     
  0.382066472716770        0.00000000000000     
  0.391503514592880        0.00000000000000     
  0.401173651403320        0.00000000000000     
  0.411082640592980        0.00000000000000     
  0.421236381815630        0.00000000000000     
  0.431640920446480        0.00000000000000     
  0.442302451181500        0.00000000000000     
  0.453227321725690        0.00000000000000     
  0.464422036572310        0.00000000000000     
  0.475893260875650        0.00000000000000     
  0.487647824419280        0.00000000000000     
  0.499692725682430        0.00000000000000     
  0.512035136006790        0.00000000000000     
  0.524682403866160        0.00000000000000     
  0.537642059241650        0.00000000000000     
  0.550921818104920        0.00000000000000     
  0.564529587012110        0.00000000000000     
  0.578473467811310        0.00000000000000     
  0.592761762466250        0.00000000000000     
  0.607402977999160        0.00000000000000     
  0.622405831555740        0.00000000000000     
  0.637779255595170        0.00000000000000     
  0.653532403208370        0.00000000000000     
  0.669674653567620        0.00000000000000     
  0.686215617510740        0.00000000000000     
  0.703165143263250        0.00000000000000     
  0.720533322301860        0.00000000000000     
  0.738330495362710        0.00000000000000     
  0.756567258598170        0.00000000000000     
  0.775254469885550        0.00000000000000     
  0.794403255291720        0.00000000000000     
  0.814025015697420        0.00000000000000     
  0.834131433585150        0.00000000000000     
  0.854734479994700        0.00000000000000     
  0.875846421650570        0.00000000000000     
  0.897479828265340        0.00000000000000     
  0.919647580023490        0.00000000000000     
  0.942362875250080        0.00000000000000     
  0.965639238268750        0.00000000000000     
  0.989490527453990        0.00000000000000     
   1.01393094348210        0.00000000000000     
   1.03897503778610        0.00000000000000     
   1.06463772121940        0.00000000000000     
   1.09093427293350        0.00000000000000     
   1.11788034947500        0.00000000000000     
   1.14549199410700        0.00000000000000     
   1.17378564636150        0.00000000000000     
   1.20277815182660        0.00000000000000     
   1.23248677217670        0.00000000000000     
   1.26292919544950        0.00000000000000     
   1.29412354657710        0.00000000000000     
   1.32608839817760        0.00000000000000     
   1.35884278161250        0.00000000000000     
   1.39240619831840        0.00000000000000     
   1.42679863141680        0.00000000000000     
   1.46204055761280        0.00000000000000     
   1.49815295938590        0.00000000000000     
   1.53515733748270        0.00000000000000     
   1.57307572371850        0.00000000000000     
   1.61193069409440        0.00000000000000     
   1.65174538223850        0.00000000000000     
   1.69254349317980        0.00000000000000     
   1.73434931746130        0.00000000000000     
   1.77718774560260        0.00000000000000     
   1.82108428291900        0.00000000000000     
   1.86606506470710        0.00000000000000     
   1.91215687180540        0.00000000000000     
   1.95938714653900        0.00000000000000     
   2.00778400905850        0.00000000000000     
   2.05737627408220        0.00000000000000     
   2.10819346805200        0.00000000000000     
   2.16026584671290        0.00000000000000     
   2.21362441312670        0.00000000000000     
   2.26830093613100        0.00000000000000     
   2.32432796925340        0.00000000000000     
   2.38173887009400        0.00000000000000     
   2.44056782018530        0.00000000000000     
   2.50084984534390        0.00000000000000     
   2.56262083652390        0.00000000000000     
   2.62591757118600        0.00000000000000     
   2.69077773519430        0.00000000000000     
   2.75723994525360        0.00000000000000     
   2.82534377190140        0.00000000000000     
   2.89512976306730        0.00000000000000     
   2.96663946821510        0.00000000000000     
   3.03991546308000        0.00000000000000     
   3.11500137501810        0.00000000000000     
   3.19194190898100        0.00000000000000     
   3.27078287413280        0.00000000000000     
   3.35157121112390        0.00000000000000     
   3.43435502003870        0.00000000000000     
   3.51918358903360        0.00000000000000     
   3.60610742368280        0.00000000000000     
   3.69517827704770        0.00000000000000     
   3.78644918049080        0.00000000000000     
   3.87997447524890        0.00000000000000     
   3.97580984478760        0.00000000000000     
   4.07401234795380        0.00000000000000     
   4.17464045294830        0.00000000000000     
   4.27775407213610        0.00000000000000     
   4.38341459771790        0.00000000000000     
   4.49168493828150        0.00000000000000     
   4.60262955625710        0.00000000000000     
   4.71631450629660        0.00000000000000     
   4.83280747460210        0.00000000000000     
   4.95217781922480        0.00000000000000     
   5.07449661135970        0.00000000000000     
   5.19983667766030        0.00000000000000     
   5.32827264359850        0.00000000000000     
   5.45988097789530        0.00000000000000     
   5.59474003804940        0.00000000000000     
   5.73293011698920        0.00000000000000     
   5.87453349087880        0.00000000000000     
   6.01963446810350        0.00000000000000     
   6.16831943946570        0.00000000000000     
   6.32067692962050        0.00000000000000     
   6.47679764978210        0.00000000000000     
   6.63677455173170        0.00000000000000     
   6.80070288315950        0.00000000000000     
   6.96868024437350        0.00000000000000     
   7.14080664640960        0.00000000000000     
   7.31718457057590        0.00000000000000     
   7.49791902946910        0.00000000000000     
   7.68311762949700        0.00000000000000     
   7.87289063494560        0.00000000000000     
   8.06735103362870        0.00000000000000     
   8.26661460415930        0.00000000000000     
   8.47079998488210        0.00000000000000     
   8.68002874450870        0.00000000000000     
   8.89442545449800        0.00000000000000     
   9.11411776322410        0.00000000000000     
   9.33923647197580        0.00000000000000     
   9.56991561283360        0.00000000000000     
   9.80629252847050        0.00000000000000     
   10.0485079539240        0.00000000000000     
   10.2967061003860        0.00000000000000     
   10.5510347410650        0.00000000000000     
   10.8116452991700        0.00000000000000     
   11.0786929380590        0.00000000000000     
   11.3523366536290        0.00000000000000     
   11.6327393689740        0.00000000000000     
   11.9200680313870        0.00000000000000     
   12.2144937117630        0.00000000000000     
   12.5161917064430        0.00000000000000     
   12.8253416415920        0.00000000000000     
   13.1421275801400        0.00000000000000     
   13.4667381313690        0.00000000000000     
   13.7993665632140        0.00000000000000     
   14.1402109173250        0.00000000000000     
   14.4894741269830        0.00000000000000     
   14.8473641379200        0.00000000000000     
   15.2140940321260        0.00000000000000     
   15.5898821547200        0.00000000000000     
   15.9749522439410        0.00000000000000     
   16.3695335643670        0.00000000000000     
   16.7738610434070        0.00000000000000     
   17.1881754111790        0.00000000000000     
   17.6127233438350        0.00000000000000     
   18.0477576104280        0.00000000000000     
   18.4935372234050        0.00000000000000     
   18.9503275928230        0.00000000000000     
   19.4184006843660        0.00000000000000     
   19.8980351812700        0.00000000000000     
   20.3895166502470        0.00000000000000     
   20.8931377115080        0.00000000000000     
   21.4091982129830        0.00000000000000     
   21.9380054088430        0.00000000000000     
   22.4798741424420        0.00000000000000     
   23.0351270337600        0.00000000000000     
   23.6040946714940        0.00000000000000     
   24.1871158098800        0.00000000000000     
   24.7845375703840        0.00000000000000     
   25.3967156483720        0.00000000000000     
   26.0240145248870        0.00000000000000     
   26.6668076836520        0.00000000000000     
   27.3254778334380        0.00000000000000     
   28.0004171359240        0.00000000000000     
   28.6920274391810        0.00000000000000     
   29.4007205169290        0.00000000000000     
   30.1269183136970        0.00000000000000     
   30.8710531960450        0.00000000000000     
   31.6335682099880        0.00000000000000     
   32.4149173447740        0.00000000000000     
   33.2155658031900        0.00000000000000     
   34.0359902785290        0.00000000000000     
   34.8766792384090        0.00000000000000     
   35.7381332155980        0.00000000000000     
   36.6208651060230        0.00000000000000     
   37.5254004741420        0.00000000000000     
   38.4522778658530        0.00000000000000     
   39.4020491291390        0.00000000000000     
   40.3752797426290        0.00000000000000     
   41.3725491522720        0.00000000000000     
   42.3944511163330        0.00000000000000     
   43.4415940589070        0.00000000000000     
   44.5146014321620        0.00000000000000     
   45.6141120875360        0.00000000000000     
   46.7407806560980        0.00000000000000     
   47.8952779383040        0.00000000000000     
   49.0782913033800        0.00000000000000     
   50.2905250985730        0.00000000000000     
   51.5327010685080        0.00000000000000     
   52.8055587849000        0.00000000000000     
   54.1098560868870        0.00000000000000     
   55.4463695322330        0.00000000000000     
   56.8158948596800        0.00000000000000     
   58.2192474627140        0.00000000000000     
   59.6572628750430        0.00000000000000     
   61.1307972680560        0.00000000000000     
   62.6407279605770        0.00000000000000     
   64.1879539412030        0.00000000000000     
   65.7733964035510        0.00000000000000     
   67.3979992947190        0.00000000000000     
   69.0627298772980        0.00000000000000     
   70.7685793052680        0.00000000000000     
   72.5165632141080        0.00000000000000     
   74.3077223254960        0.00000000000000     
   76.1431230669360        0.00000000000000     
   78.0238582066890        0.00000000000000     
