#   467 0.10247000000000E+01 2   0.5602 0.50000000000000E+01
   1 0.89285714285714E-03 0.15894632059137E-08 -.23963576811637E+02
   2 0.91491071428571E-03 0.17101755282693E-08 -.23942647023310E+02
   3 0.93750900892857E-03 0.18400553888946E-08 -.23920878750024E+02
   4 0.96066548144911E-03 0.19797990195933E-08 -.23898245247513E+02
   5 0.98439391884090E-03 0.21301556338211E-08 -.23873291177308E+02
   6 0.10087084486363E-02 0.22919311274377E-08 -.23847424020153E+02
   7 0.10336235473176E-02 0.24659927114492E-08 -.23820605449817E+02
   8 0.10591540489363E-02 0.26532734564745E-08 -.23792814404630E+02
   9 0.10853151539451E-02 0.28547772955105E-08 -.23764017742377E+02
  10 0.11121224382475E-02 0.30715844054394E-08 -.23734186477429E+02
  11 0.11395918624722E-02 0.33048569973700E-08 -.23703290627527E+02
  12 0.11677397814753E-02 0.35558455467314E-08 -.23671299908882E+02
  13 0.11965829540777E-02 0.38258954965087E-08 -.23638183766753E+02
  14 0.12261385530434E-02 0.41164544695546E-08 -.23603911389597E+02
  15 0.12564241753036E-02 0.44290800286371E-08 -.23568451727673E+02
  16 0.12874578524336E-02 0.47654480258227E-08 -.23531773512018E+02
  17 0.13192580613887E-02 0.51273615859499E-08 -.23493845274677E+02
  18 0.13518437355050E-02 0.55167607723494E-08 -.23454635369998E+02
  19 0.13852342757720E-02 0.59357329866227E-08 -.23414111997428E+02
  20 0.14194495623836E-02 0.63865241582285E-08 -.23372243225630E+02
  21 0.14545099665744E-02 0.68715507838545E-08 -.23328997018327E+02
  22 0.14904363627488E-02 0.73934128811142E-08 -.23284341261916E+02
  23 0.15272501409087E-02 0.79549079260039E-08 -.23238243795039E+02
  24 0.15649732193892E-02 0.85590458488306E-08 -.23190672440302E+02
  25 0.16036280579081E-02 0.92090651689951E-08 -.23141595038299E+02
  26 0.16432376709384E-02 0.99084503551194E-08 -.23090979484159E+02
  27 0.16838256414106E-02 0.10660950503574E-07 -.23038793766707E+02
  28 0.17254161347534E-02 0.11470599435530E-07 -.22985006010572E+02
  29 0.17680339132818E-02 0.12341737320264E-07 -.22929584521189E+02
  30 0.18117043509399E-02 0.13279033940621E-07 -.22872497833071E+02
  31 0.18564534484081E-02 0.14287513725347E-07 -.22813714761320E+02
  32 0.19023078485838E-02 0.15372582682479E-07 -.22753204456645E+02
  33 0.19492948524438E-02 0.16540057378153E-07 -.22690936463861E+02
  34 0.19974424352992E-02 0.17796196116167E-07 -.22626880784130E+02
  35 0.20467792634511E-02 0.19147732485442E-07 -.22561007940861E+02
  36 0.20973347112583E-02 0.20601911455185E-07 -.22493289049448E+02
  37 0.21491388786264E-02 0.22166528211248E-07 -.22423695890789E+02
  38 0.22022226089285E-02 0.23849969941847E-07 -.22352200988659E+02
  39 0.22566175073690E-02 0.25661260796626E-07 -.22278777690894E+02
  40 0.23123559598010E-02 0.27610110260046E-07 -.22203400254344E+02
  41 0.23694711520081E-02 0.29706965198398E-07 -.22126043933523E+02
  42 0.24279970894627E-02 0.31963065859419E-07 -.22046685072876E+02
  43 0.24879686175724E-02 0.34390506124664E-07 -.21965301202519E+02
  44 0.25494214424265E-02 0.37002298337610E-07 -.21881871137322E+02
  45 0.26123921520544E-02 0.39812443054961E-07 -.21796375079120E+02
  46 0.26769182382101E-02 0.42836004095032E-07 -.21708794721861E+02
  47 0.27430381186939E-02 0.46089189285467E-07 -.21619113359446E+02
  48 0.28107911602257E-02 0.49589437343109E-07 -.21527315995959E+02
  49 0.28802177018832E-02 0.53355511351683E-07 -.21433389458017E+02
  50 0.29513590791197E-02 0.57407599338327E-07 -.21337322508858E+02
  51 0.30242576483740E-02 0.61767422488060E-07 -.21239105963827E+02
  52 0.30989568122888E-02 0.66458351576196E-07 -.21138732806825E+02
  53 0.31755010455524E-02 0.71505532242758E-07 -.21036198307299E+02
  54 0.32539359213775E-02 0.76936019780338E-07 -.20931500137284E+02
  55 0.33343081386355E-02 0.82778924157842E-07 -.20824638488015E+02
  56 0.34166655496598E-02 0.89065566057389E-07 -.20715616185520E+02
  57 0.35010571887364E-02 0.95829644760674E-07 -.20604438804684E+02
  58 0.35875333012982E-02 0.10310741878461E-06 -.20491114781137E+02
  59 0.36761453738403E-02 0.11093790023438E-06 -.20375655520347E+02
  60 0.37669461645742E-02 0.11936306391550E-06 -.20258075503267E+02
  61 0.38599897348391E-02 0.12842807232565E-06 -.20138392387835E+02
  62 0.39553314812897E-02 0.13818151773215E-06 -.20016627105644E+02
  63 0.40530281688775E-02 0.14867568263233E-06 -.19892803953019E+02
  64 0.41531379646488E-02 0.15996681999279E-06 -.19766950675794E+02
  65 0.42557204723756E-02 0.17211545476935E-06 -.19639098547005E+02
  66 0.43608367680433E-02 0.18518670832359E-06 -.19509282436751E+02
  67 0.44685494362140E-02 0.19925064747460E-06 -.19377540873449E+02
  68 0.45789226072884E-02 0.21438266005642E-06 -.19243916095718E+02
  69 0.46920219956885E-02 0.23066385899387E-06 -.19108454094139E+02
  70 0.48079149389820E-02 0.24818151706200E-06 -.18971204642153E+02
  71 0.49266704379748E-02 0.26702953465903E-06 -.18832221315365E+02
  72 0.50483591977928E-02 0.28730894309947E-06 -.18691561498578E+02
  73 0.51730536699783E-02 0.30912844612411E-06 -.18549286379897E+02
  74 0.53008280956268E-02 0.33260500252887E-06 -.18405460931291E+02
  75 0.54317585495887E-02 0.35786445303410E-06 -.18260153875059E+02
  76 0.55659229857636E-02 0.38504219475357E-06 -.18113437635705E+02
  77 0.57034012835119E-02 0.41428390687673E-06 -.17965388276784E+02
  78 0.58442752952147E-02 0.44574633145267E-06 -.17816085422380E+02
  79 0.59886288950065E-02 0.47959811345906E-06 -.17665612162934E+02
  80 0.61365480287131E-02 0.51602070465685E-06 -.17514054945255E+02
  81 0.62881207650224E-02 0.55520933607329E-06 -.17361503446638E+02
  82 0.64434373479184E-02 0.59737406432333E-06 -.17208050433100E+02
  83 0.66025902504120E-02 0.64274089737465E-06 -.17053791601898E+02
  84 0.67656742295972E-02 0.69155300578745E-06 -.16898825408556E+02
  85 0.69327863830682E-02 0.74407202591729E-06 -.16743252878799E+02
  86 0.71040262067300E-02 0.80057946206202E-06 -.16587177405875E+02
  87 0.72794956540362E-02 0.86137819506352E-06 -.16430704533890E+02
  88 0.74592991966909E-02 0.92679410544486E-06 -.16273941727913E+02
  89 0.76435438868492E-02 0.99717781977653E-06 -.16116998131710E+02
  90 0.78323394208544E-02 0.10729065896254E-05 -.15959984314099E+02
  91 0.80257982045495E-02 0.11543863131490E-05 -.15803012005055E+02
  92 0.82240354202018E-02 0.12420537101628E-05 -.15646193822770E+02
  93 0.84271690950808E-02 0.13363786623262E-05 -.15489642993000E+02
  94 0.86353201717293E-02 0.14378667309818E-05 -.15333473062146E+02
  95 0.88486125799710E-02 0.15470618661270E-05 -.15177797605551E+02
  96 0.90671733106963E-02 0.16645493210248E-05 -.15022729932637E+02
  97 0.92911324914705E-02 0.17909587880580E-05 -.14868382790508E+02
  98 0.95206234640098E-02 0.19269677726146E-05 -.14714868067745E+02
  99 0.97557828635709E-02 0.20733052230674E-05 -.14562296500109E+02
 100 0.99967507003011E-02 0.22307554362774E-05 -.14410777379925E+02
 101 0.10243670442599E-01 0.24001622595267E-05 -.14260418270893E+02
 102 0.10496689102531E-01 0.25824336113706E-05 -.14111324730071E+02
 103 0.10755957323363E-01 0.27785463456025E-05 -.13963600038733E+02
 104 0.11021629469250E-01 0.29895514843610E-05 -.13817344943768E+02
 105 0.11293863717141E-01 0.32165798483814E-05 -.13672657411191E+02
 106 0.11572822150954E-01 0.34608481145144E-05 -.13529632393286E+02
 107 0.11858670858083E-01 0.37236653329199E-05 -.13388361610775E+02
 108 0.12151580028277E-01 0.40064399387983E-05 -.13248933351285E+02
 109 0.12451724054976E-01 0.43106872961634E-05 -.13111432285287E+02
 110 0.12759281639134E-01 0.46380378140019E-05 -.12975939300499E+02
 111 0.13074435895620E-01 0.49902456782223E-05 -.12842531355610E+02
 112 0.13397374462242E-01 0.53691982460806E-05 -.12711281354020E+02
 113 0.13728289611460E-01 0.57769261533076E-05 -.12582258038104E+02
 114 0.14067378364863E-01 0.62156141879669E-05 -.12455525904343E+02
 115 0.14414842610475E-01 0.66876129891584E-05 -.12331145139489E+02
 116 0.14770889222953E-01 0.71954516330870E-05 -.12209171577721E+02
 117 0.15135730186760E-01 0.77418511737436E-05 -.12089656678610E+02
 118 0.15509582722373E-01 0.83297392105350E-05 -.11972647525492E+02
 119 0.15892669415616E-01 0.89622655606740E-05 -.11858186843709E+02
 120 0.16285218350182E-01 0.96428191200231E-05 -.11746313037979E+02
 121 0.16687463243431E-01 0.10375046002418E-04 -.11637060248042E+02
 122 0.17099643585544E-01 0.11162869054299E-04 -.11530458421524E+02
 123 0.17522004782107E-01 0.12010508848812E-04 -.11426533402898E+02
 124 0.17954798300225E-01 0.12922506271379E-04 -.11325307037231E+02
 125 0.18398281818240E-01 0.13903746817253E-04 -.11226797287352E+02
 126 0.18852719379151E-01 0.14959486730616E-04 -.11131018362948E+02
 127 0.19318381547816E-01 0.16095381124615E-04 -.11037980860057E+02
 128 0.19795545572047E-01 0.17317514232213E-04 -.10947691909333E+02
 129 0.20284495547677E-01 0.18632431949071E-04 -.10860155331430E+02
 130 0.20785522587704E-01 0.20047176841823E-04 -.10775371797844E+02
 131 0.21298924995620E-01 0.21569325808194E-04 -.10693338995515E+02
 132 0.21825008443012E-01 0.23207030589449E-04 -.10614051793524E+02
 133 0.22364086151555E-01 0.24969061350794E-04 -.10537502410215E+02
 134 0.22916479079498E-01 0.26864853561578E-04 -.10463680579151E+02
 135 0.23482516112762E-01 0.28904558424594E-04 -.10392573712325E+02
 136 0.24062534260747E-01 0.31099097122580E-04 -.10324167059141E+02
 137 0.24656878856987E-01 0.33460219170140E-04 -.10258443859749E+02
 138 0.25265903764755E-01 0.36000565181016E-04 -.10195385491414E+02
 139 0.25889971587744E-01 0.38733734383919E-04 -.10134971606689E+02
 140 0.26529453885962E-01 0.41674357245170E-04 -.10077180262304E+02
 141 0.27184731396945E-01 0.44838173583266E-04 -.10021988037767E+02
 142 0.27856194262449E-01 0.48242116589434E-04 -.99693701428324E+01
 143 0.28544242260732E-01 0.51904403199219E-04 -.99193005131222E+01
 144 0.29249285044572E-01 0.55844631293554E-04 -.98717518933277E+01
 145 0.29971742385173E-01 0.60083884243557E-04 -.98266959075727E+01
 146 0.30712044422087E-01 0.64644843351778E-04 -.97841031166796E+01
 147 0.31470631919312E-01 0.69551908783952E-04 -.97439430622401E+01
 148 0.32247956527719E-01 0.74831329629678E-04 -.97061842975607E+01
 149 0.33044481053954E-01 0.80511343778103E-04 -.96707944057193E+01
 150 0.33860679735987E-01 0.86622328345846E-04 -.96377400051497E+01
 151 0.34697038525465E-01 0.93196961449303E-04 -.96069867433375E+01
 152 0.35554055377044E-01 0.10027039617243E-03 -.95784992793934E+01
 153 0.36432240544857E-01 0.10788044764437E-03 -.95522412564408E+01
 154 0.37332116886315E-01 0.11606779420917E-03 -.95281752649283E+01
 155 0.38254220173407E-01 0.12487619374271E-03 -.95062627981488E+01
 156 0.39199099411691E-01 0.13435271624993E-03 -.94864642014079E+01
 157 0.40167317167159E-01 0.14454799395966E-03 -.94687386164401E+01
 158 0.41159449901188E-01 0.15551649022363E-03 -.94530439228178E+01
 159 0.42176088313748E-01 0.16731678862324E-03 -.94393366782260E+01
 160 0.43217837695097E-01 0.18001190379049E-03 -.94275720595906E+01
 161 0.44285318286166E-01 0.19366961556036E-03 -.94177038071439E+01
 162 0.45379165647834E-01 0.20836282819069E-03 -.94096841735781E+01
 163 0.46500031039336E-01 0.22416995651245E-03 -.94034638804801E+01
 164 0.47648581806007E-01 0.24117534100947E-03 -.93989920842543E+01
 165 0.48825501776616E-01 0.25946969397266E-03 -.93962163537127E+01
 166 0.50031491670498E-01 0.27915057902918E-03 -.93950826614528E+01
 167 0.51267269514759E-01 0.30032292651463E-03 -.93955353910377E+01
 168 0.52533571071774E-01 0.32309958733424E-03 -.93975173618469E+01
 169 0.53831150277247E-01 0.34760192815025E-03 -.94009698732775E+01
 170 0.55160779689095E-01 0.37396047093673E-03 -.94058327697317E+01
 171 0.56523250947416E-01 0.40231558016099E-03 -.94120445275515E+01
 172 0.57919375245817E-01 0.43281820108366E-03 -.94195423647298E+01
 173 0.59349983814388E-01 0.46563065291812E-03 -.94282623738634E+01
 174 0.60815928414604E-01 0.50092748085501E-03 -.94381396784115E+01
 175 0.62318081846444E-01 0.53889637124061E-03 -.94491086118910E+01
 176 0.63857338468052E-01 0.57973913449902E-03 -.94611029191838E+01
 177 0.65434614728212E-01 0.62367276070932E-03 -.94740559786680E+01
 178 0.67050849711999E-01 0.67093055309040E-03 -.94879010434088E+01
 179 0.68707005699886E-01 0.72176334500975E-03 -.95025714991833E+01
 180 0.70404068740673E-01 0.77644080651841E-03 -.95180011366688E+01
 181 0.72143049238567E-01 0.83525284682468E-03 -.95341244347069E+01
 182 0.73924982554760E-01 0.89851111955393E-03 -.95508768511882E+01
 183 0.75750929623863E-01 0.96655063810292E-03 -.95681951177796E+01
 184 0.77621977585572E-01 0.10397315088851E-02 -.95860175344654E+01
 185 0.79539240431936E-01 0.11184407907788E-02 -.96042842596902E+01
 186 0.81503859670604E-01 0.12030944896360E-02 -.96229375917890E+01
 187 0.83517005004468E-01 0.12941396972812E-02 -.96419222373732E+01
 188 0.85579875028079E-01 0.13920568850379E-02 -.96611855624068E+01
 189 0.87693697941272E-01 0.14973623624515E-02 -.96806778218631E+01
 190 0.89859732280422E-01 0.16106109125455E-02 -.97003523640849E+01
 191 0.92079267667748E-01 0.17323986156429E-02 -.97201658062840E+01
 192 0.94353625579142E-01 0.18633658745143E-02 -.97400781779944E+01
 193 0.96684160130946E-01 0.20042006543652E-02 -.97600530297265E+01
 194 0.99072258886181E-01 0.21556419519667E-02 -.97800575045493E+01
 195 0.10151934368067E+00 0.23184835090378E-02 -.98000623708331E+01
 196 0.10402687146958E+00 0.24935777858269E-02 -.98200420149059E+01
 197 0.10659633519488E+00 0.26818402116935E-02 -.98399743928992E+01
 198 0.10922926467419E+00 0.28842537303606E-02 -.98598409415582E+01
 199 0.11192722751165E+00 0.31018736583925E-02 -.98796264482723E+01
 200 0.11469183003118E+00 0.33358328763349E-02 -.98993188810122E+01
 201 0.11752471823295E+00 0.35873473728355E-02 -.99189091792477E+01
 202 0.12042757877331E+00 0.38577221629275E-02 -.99383910072511E+01
 203 0.12340213996901E+00 0.41483576024983E-02 -.99577604714615E+01
 204 0.12645017282624E+00 0.44607561217558E-02 -.99770158038092E+01
 205 0.12957349209505E+00 0.47965294012486E-02 -.99961570130641E+01
 206 0.13277395734980E+00 0.51574060146444E-02 -.10015185506414E+02
 207 0.13605347409634E+00 0.55452395630297E-02 -.10034103683594E+02
 208 0.13941399490652E+00 0.59620173259084E-02 -.10052914506014E+02
 209 0.14285752058071E+00 0.64098694543352E-02 -.10071621043512E+02
 210 0.14638610133905E+00 0.68910787316664E-02 -.10090226001603E+02
 211 0.15000183804213E+00 0.74080909272205E-02 -.10108731232478E+02
 212 0.15370688344177E+00 0.79635257676409E-02 -.10127137233613E+02
 213 0.15750344346278E+00 0.85601885499103E-02 -.10145442638691E+02
 214 0.16139377851631E+00 0.92010824186941E-02 -.10163643706752E+02
 215 0.16538020484566E+00 0.98894213289262E-02 -.10181733817205E+02
 216 0.16946509590535E+00 0.10628643712212E-01 -.10199702980583E+02
 217 0.17365088377421E+00 0.11422426862603E-01 -.10217537377943E+02
 218 0.17794006060344E+00 0.12274702053518E-01 -.10235218945683E+02
 219 0.18233518010034E+00 0.13189670392889E-01 -.10252725027432E+02
 220 0.18683885904882E+00 0.14171819417929E-01 -.10270028120755E+02
 221 0.19145377886733E+00 0.15225940424043E-01 -.10287095753708E+02
 222 0.19618268720535E+00 0.16357146514267E-01 -.10303890534934E+02
 223 0.20102839957932E+00 0.17570891345983E-01 -.10320370430777E+02
 224 0.20599380104893E+00 0.18872988540421E-01 -.10336489333586E+02
 225 0.21108184793484E+00 0.20269631707427E-01 -.10352197996228E+02
 226 0.21629556957883E+00 0.21767415022966E-01 -.10367445417650E+02
 227 0.22163807014743E+00 0.23373354279731E-01 -.10382180771210E+02
 228 0.22711253048007E+00 0.25094908311824E-01 -.10396355968357E+02
 229 0.23272220998293E+00 0.26940000672721E-01 -.10409928940963E+02
 230 0.23847044856950E+00 0.28917041421487E-01 -.10422867700113E+02
 231 0.24436066864917E+00 0.31034948845520E-01 -.10435155180020E+02
 232 0.25039637716481E+00 0.33303170918910E-01 -.10446794793606E+02
 233 0.25658116768078E+00 0.35731706264181E-01 -.10457816501303E+02
 234 0.26291872252249E+00 0.38331124351796E-01 -.10468283017571E+02
 235 0.26941281496880E+00 0.41112584637083E-01 -.10478295545667E+02
 236 0.27606731149853E+00 0.44087854298779E-01 -.10487998144434E+02
 237 0.28288617409254E+00 0.47269324208236E-01 -.10497579511790E+02
 238 0.28987346259263E+00 0.50670022724969E-01 -.10507270663404E+02
 239 0.29703333711866E+00 0.54303626884338E-01 -.10517336769806E+02
 240 0.30437006054549E+00 0.58184470519276E-01 -.10528061405919E+02
 241 0.31188800104097E+00 0.62327548842969E-01 -.10539721811108E+02
 242 0.31959163466668E+00 0.66748519017121E-01 -.10552554615822E+02
 243 0.32748554804295E+00 0.71463696245507E-01 -.10566712995390E+02
 244 0.33557444107961E+00 0.76490044970566E-01 -.10582218398489E+02
 245 0.34386312977427E+00 0.81845164818754E-01 -.10598912592785E+02
 246 0.35235654907970E+00 0.87547271046260E-01 -.10616417534890E+02
 247 0.36105975584197E+00 0.93615169390178E-01 -.10634107686674E+02
 248 0.36997793181126E+00 0.10006822544213E+00 -.10651085587470E+02
 249 0.37911638672700E+00 0.10692632894380E+00 -.10666134344584E+02
 250 0.38848056147916E+00 0.11420985376954E+00 -.10677653154853E+02
 251 0.39807603134769E+00 0.12193961482195E+00 -.10683683956943E+02
 252 0.40790850932198E+00 0.13013682363089E+00 -.10682120767690E+02
 253 0.41798384950224E+00 0.13882304511601E+00 -.10670978371120E+02
 254 0.42830805058494E+00 0.14802015873601E+00 -.10648535118601E+02
 255 0.43888725943439E+00 0.15775032807065E+00 -.10613337799226E+02
 256 0.44972777474242E+00 0.16803598369958E+00 -.10564160639122E+02
 257 0.46083605077856E+00 0.17889982495432E+00 -.10499981070280E+02
 258 0.47221870123279E+00 0.19036484658583E+00 -.10419986322359E+02
 259 0.48388250315324E+00 0.20245439645403E+00 -.10323602743673E+02
 260 0.49583440098112E+00 0.21519226987516E+00 -.10210534345542E+02
 261 0.50808151068535E+00 0.22860284521827E+00 -.10080796919336E+02
 262 0.52063112399928E+00 0.24271126384859E+00 -.99347357586833E+01
 263 0.53349071276207E+00 0.25754365588423E+00 -.97730188872539E+01
 264 0.54666793336729E+00 0.27312741187694E+00 -.95966044059515E+01
 265 0.56017063132146E+00 0.28949149974560E+00 -.94066892162083E+01
 266 0.57400684591510E+00 0.30666682598725E+00 -.92046538992087E+01
 267 0.58818481500920E+00 0.32468663971745E+00 -.89920209192260E+01
 268 0.60271297993993E+00 0.34358697640511E+00 -.87704381586803E+01
 269 0.61759999054445E+00 0.36340713431725E+00 -.85416884578306E+01
 270 0.63285471031089E+00 0.38419017042671E+00 -.83077132776139E+01
 271 0.64848622165557E+00 0.40598339466951E+00 -.80706305609469E+01
 272 0.66450383133047E+00 0.42883883371842E+00 -.78327265410742E+01
 273 0.68091707596433E+00 0.45281363005834E+00 -.75964079672053E+01
 274 0.69773572774065E+00 0.47797034115162E+00 -.73641116404998E+01
 275 0.71496980021584E+00 0.50437710832376E+00 -.71381785585025E+01
 276 0.73262955428117E+00 0.53210767632060E+00 -.69207079093321E+01
 277 0.75072550427192E+00 0.56124126197621E+00 -.67134107653463E+01
 278 0.76926842422743E+00 0.59186229271548E+00 -.65174846832318E+01
 279 0.78826935430585E+00 0.62406006017451E+00 -.63335288272532E+01
 280 0.80773960735721E+00 0.65792835743366E+00 -.61615148666556E+01
 281 0.82769077565893E+00 0.69356518582027E+00 -.60008219034367E+01
 282 0.84813473781770E+00 0.73107262447380E+00 -.58503345379293E+01
 283 0.86908366584180E+00 0.77055694937280E+00 -.57085929929120E+01
 284 0.89055003238809E+00 0.81212906701587E+00 -.55739747989059E+01
 285 0.91254661818808E+00 0.85590529341616E+00 -.54448810901039E+01
 286 0.93508651965733E+00 0.90200846718942E+00 -.53198990562858E+01
 287 0.95818315669286E+00 0.95056934499656E+00 -.51979165818457E+01
 288 0.98185028066318E+00 0.10017281982653E+01 -.50781750761759E+01
 289 0.10061019825956E+01 0.10556365200640E+01 -.49602597388135E+01
 290 0.10309527015657E+01 0.11124587637145E+01 -.48440395241733E+01
 291 0.10564172332943E+01 0.11723740673026E+01 -.47295781968627E+01
 292 0.10825107389567E+01 0.12355779618050E+01 -.46170405757304E+01
 293 0.11092487542089E+01 0.13022841030926E+01 -.45066140289083E+01
 294 0.11366471984379E+01 0.13727260987713E+01 -.43984565576747E+01
 295 0.11647223842393E+01 0.14471595140027E+01 -.42926729385070E+01
 296 0.11934910271300E+01 0.15258641372927E+01 -.41893128369336E+01
 297 0.12229702555001E+01 0.16091465743823E+01 -.40883814817028E+01
 298 0.12531776208110E+01 0.16973432243757E+01 -.39898542197723E+01
 299 0.12841311080450E+01 0.17908236837236E+01 -.38936893565695E+01
 300 0.13158491464137E+01 0.18899946233371E+01 -.37998370788867E+01
 301 0.13483506203302E+01 0.19953041910243E+01 -.37082446094123E+01
 302 0.13816548806523E+01 0.00000000000000E+00 -.36188587443217E+01
 303 0.14157817562044E+01 0.00000000000000E+00 -.35316268507901E+01
 304 0.14507515655827E+01 0.00000000000000E+00 -.34464973620546E+01
 305 0.14865851292526E+01 0.00000000000000E+00 -.33634197861195E+01
 306 0.15233037819451E+01 0.00000000000000E+00 -.32823447786038E+01
 307 0.15609293853591E+01 0.00000000000000E+00 -.32032241360176E+01
 308 0.15994843411775E+01 0.00000000000000E+00 -.31260107836745E+01
 309 0.16389916044046E+01 0.00000000000000E+00 -.30506587596967E+01
 310 0.16794746970334E+01 0.00000000000000E+00 -.29771231962313E+01
 311 0.17209577220501E+01 0.00000000000000E+00 -.29053602987413E+01
 312 0.17634653777848E+01 0.00000000000000E+00 -.28353273240285E+01
 313 0.18070229726160E+01 0.00000000000000E+00 -.27669825574895E+01
 314 0.18516564400397E+01 0.00000000000000E+00 -.27002852899809E+01
 315 0.18973923541086E+01 0.00000000000000E+00 -.26351957945766E+01
 316 0.19442579452551E+01 0.00000000000000E+00 -.25716753034227E+01
 317 0.19922811165029E+01 0.00000000000000E+00 -.25096859848419E+01
 318 0.20414904600805E+01 0.00000000000000E+00 -.24491909207927E+01
 319 0.20919152744445E+01 0.00000000000000E+00 -.23901540847558E+01
 320 0.21435855817233E+01 0.00000000000000E+00 -.23325403200951E+01
 321 0.21965321455919E+01 0.00000000000000E+00 -.22763153189216E+01
 322 0.22507864895880E+01 0.00000000000000E+00 -.22214456014716E+01
 323 0.23063809158808E+01 0.00000000000000E+00 -.21678984960050E+01
 324 0.23633485245031E+01 0.00000000000000E+00 -.21156421192165E+01
 325 0.24217232330583E+01 0.00000000000000E+00 -.20646453571507E+01
 326 0.24815397969148E+01 0.00000000000000E+00 -.20148778466058E+01
 327 0.25428338298986E+01 0.00000000000000E+00 -.19663099570089E+01
 328 0.26056418254971E+01 0.00000000000000E+00 -.19189127727420E+01
 329 0.26700011785869E+01 0.00000000000000E+00 -.18726580758975E+01
 330 0.27359502076980E+01 0.00000000000000E+00 -.18275183294385E+01
 331 0.28035281778281E+01 0.00000000000000E+00 -.17834666607380E+01
 332 0.28727753238205E+01 0.00000000000000E+00 -.17404768454648E+01
 333 0.29437328743189E+01 0.00000000000000E+00 -.16985232917835E+01
 334 0.30164430763145E+01 0.00000000000000E+00 -.16575810248240E+01
 335 0.30909492202995E+01 0.00000000000000E+00 -.16176256713804E+01
 336 0.31672956660409E+01 0.00000000000000E+00 -.15786334448111E+01
 337 0.32455278689921E+01 0.00000000000000E+00 -.15405811301593E+01
 338 0.33256924073562E+01 0.00000000000000E+00 -.15034460696154E+01
 339 0.34078370098179E+01 0.00000000000000E+00 -.14672061485814E+01
 340 0.34920105839604E+01 0.00000000000000E+00 -.14318397827180E+01
 341 0.35782632453843E+01 0.00000000000000E+00 -.13973259062996E+01
 342 0.36666463475452E+01 0.00000000000000E+00 -.13636439618540E+01
 343 0.37572125123296E+01 0.00000000000000E+00 -.13307738904353E+01
 344 0.38500156613842E+01 0.00000000000000E+00 -.12986961213577E+01
 345 0.39451110482203E+01 0.00000000000000E+00 -.12673915603236E+01
 346 0.40425552911114E+01 0.00000000000000E+00 -.12368415758411E+01
 347 0.41424064068018E+01 0.00000000000000E+00 -.12070279850998E+01
 348 0.42447238450498E+01 0.00000000000000E+00 -.11779330410340E+01
 349 0.43495685240226E+01 0.00000000000000E+00 -.11495394215572E+01
 350 0.44570028665659E+01 0.00000000000000E+00 -.11218302205139E+01
 351 0.45670908373701E+01 0.00000000000000E+00 -.10947889390509E+01
 352 0.46798979810531E+01 0.00000000000000E+00 -.10683994764960E+01
 353 0.47954914611852E+01 0.00000000000000E+00 -.10426461207585E+01
 354 0.49139401002764E+01 0.00000000000000E+00 -.10175135387262E+01
 355 0.50353144207533E+01 0.00000000000000E+00 -.99298676696641E+00
 356 0.51596866869459E+01 0.00000000000000E+00 -.96905120275487E+00
 357 0.52871309481134E+01 0.00000000000000E+00 -.94569259536597E+00
 358 0.54177230825318E+01 0.00000000000000E+00 -.92289703758393E+00
 359 0.55515408426704E+01 0.00000000000000E+00 -.90065095742002E+00
 360 0.56886639014843E+01 0.00000000000000E+00 -.87894111002994E+00
 361 0.58291738998510E+01 0.00000000000000E+00 -.85775456982630E+00
 362 0.59731544951773E+01 0.00000000000000E+00 -.83707872278162E+00
 363 0.61206914112082E+01 0.00000000000000E+00 -.81690125891712E+00
 364 0.62718724890650E+01 0.00000000000000E+00 -.79721016497300E+00
 365 0.64267877395449E+01 0.00000000000000E+00 -.77799371725565E+00
 366 0.65855293967117E+01 0.00000000000000E+00 -.75924047465751E+00
 367 0.67481919728105E+01 0.00000000000000E+00 -.74093927184553E+00
 368 0.69148723145389E+01 0.00000000000000E+00 -.72307921261395E+00
 369 0.70856696607080E+01 0.00000000000000E+00 -.70564966339750E+00
 370 0.72606857013275E+01 0.00000000000000E+00 -.68864024694110E+00
 371 0.74400246381503E+01 0.00000000000000E+00 -.67204083612227E+00
 372 0.76237932467126E+01 0.00000000000000E+00 -.65584154792250E+00
 373 0.78121009399064E+01 0.00000000000000E+00 -.64003273754398E+00
 374 0.80050598331221E+01 0.00000000000000E+00 -.62460499266817E+00
 375 0.82027848110002E+01 0.00000000000000E+00 -.60954912785277E+00
 376 0.84053935958319E+01 0.00000000000000E+00 -.59485617906370E+00
 377 0.86130068176489E+01 0.00000000000000E+00 -.58051739833888E+00
 378 0.88257480860449E+01 0.00000000000000E+00 -.56652424858055E+00
 379 0.90437440637702E+01 0.00000000000000E+00 -.55286839847308E+00
 380 0.92671245421453E+01 0.00000000000000E+00 -.53954171752322E+00
 381 0.94960225183363E+01 0.00000000000000E+00 -.52653627121977E+00
 382 0.97305742745392E+01 0.00000000000000E+00 -.51384431631016E+00
 383 0.99709194591203E+01 0.00000000000000E+00 -.50145829618933E+00
 384 0.10217201169761E+02 0.00000000000000E+00 -.48937083640452E+00
 385 0.10469566038654E+02 0.00000000000000E+00 -.47757474022036E+00
 386 0.10728164319808E+02 0.00000000000000E+00 -.46606298477888E+00
 387 0.10993149978508E+02 0.00000000000000E+00 -.45482868987462E+00
 388 0.11264680782977E+02 0.00000000000000E+00 -.44386521876022E+00
 389 0.11542918398316E+02 0.00000000000000E+00 -.43316601811283E+00
 390 0.11828028482755E+02 0.00000000000000E+00 -.42272471758840E+00
 391 0.12120180786279E+02 0.00000000000000E+00 -.41253510060349E+00
 392 0.12419549251700E+02 0.00000000000000E+00 -.40259110042304E+00
 393 0.12726312118217E+02 0.00000000000000E+00 -.39288679654830E+00
 394 0.13040652027537E+02 0.00000000000000E+00 -.38341641119186E+00
 395 0.13362756132617E+02 0.00000000000000E+00 -.37417430583767E+00
 396 0.13692816209093E+02 0.00000000000000E+00 -.36515497788394E+00
 397 0.14031028769457E+02 0.00000000000000E+00 -.35635305736697E+00
 398 0.14377595180063E+02 0.00000000000000E+00 -.34776330376400E+00
 399 0.14732721781010E+02 0.00000000000000E+00 -.33938060287304E+00
 400 0.15096620009001E+02 0.00000000000000E+00 -.33119996376797E+00
 401 0.15469506523224E+02 0.00000000000000E+00 -.32321651582704E+00
 402 0.15851603334347E+02 0.00000000000000E+00 -.31542550583297E+00
 403 0.16243137936706E+02 0.00000000000000E+00 -.30782229514294E+00
 404 0.16644343443742E+02 0.00000000000000E+00 -.30040235692684E+00
 405 0.17055458726803E+02 0.00000000000000E+00 -.29316127347208E+00
 406 0.17476728557355E+02 0.00000000000000E+00 -.28609473355332E+00
 407 0.17908403752721E+02 0.00000000000000E+00 -.27919852986564E+00
 408 0.18350741325414E+02 0.00000000000000E+00 -.27246855651960E+00
 409 0.18804004636151E+02 0.00000000000000E+00 -.26590080659666E+00
 410 0.19268463550664E+02 0.00000000000000E+00 -.25949136976351E+00
 411 0.19744394600366E+02 0.00000000000000E+00 -.25323642994389E+00
 412 0.20232081146995E+02 0.00000000000000E+00 -.24713226304664E+00
 413 0.20731813551325E+02 0.00000000000000E+00 -.24117523474835E+00
 414 0.21243889346043E+02 0.00000000000000E+00 -.23536179832961E+00
 415 0.21768613412890E+02 0.00000000000000E+00 -.22968849256330E+00
 416 0.22306298164189E+02 0.00000000000000E+00 -.22415193965385E+00
 417 0.22857263728844E+02 0.00000000000000E+00 -.21874884322616E+00
 418 0.23421838142947E+02 0.00000000000000E+00 -.21347598636300E+00
 419 0.24000357545078E+02 0.00000000000000E+00 -.20833022968966E+00
 420 0.24593166376441E+02 0.00000000000000E+00 -.20330850950489E+00
 421 0.25200617585939E+02 0.00000000000000E+00 -.19840783595676E+00
 422 0.25823072840312E+02 0.00000000000000E+00 -.19362529126257E+00
 423 0.26460902739467E+02 0.00000000000000E+00 -.18895802797167E+00
 424 0.27114487037132E+02 0.00000000000000E+00 -.18440326727010E+00
 425 0.27784214866949E+02 0.00000000000000E+00 -.17995829732615E+00
 426 0.28470484974163E+02 0.00000000000000E+00 -.17562047167576E+00
 427 0.29173705953025E+02 0.00000000000000E+00 -.17138720764688E+00
 428 0.29894296490065E+02 0.00000000000000E+00 -.16725598482178E+00
 429 0.30632685613369E+02 0.00000000000000E+00 -.16322434353643E+00
 430 0.31389312948019E+02 0.00000000000000E+00 -.15928988341605E+00
 431 0.32164628977836E+02 0.00000000000000E+00 -.15545026194599E+00
 432 0.32959095313588E+02 0.00000000000000E+00 -.15170319307699E+00
 433 0.33773184967834E+02 0.00000000000000E+00 -.14804644586414E+00
 434 0.34607382636539E+02 0.00000000000000E+00 -.14447784313862E+00
 435 0.35462184987662E+02 0.00000000000000E+00 -.14099526021140E+00
 436 0.36338100956857E+02 0.00000000000000E+00 -.13759662360827E+00
 437 0.37235652050491E+02 0.00000000000000E+00 -.13427990983534E+00
 438 0.38155372656138E+02 0.00000000000000E+00 -.13104314417424E+00
 439 0.39097810360745E+02 0.00000000000000E+00 -.12788439950643E+00
 440 0.40063526276655E+02 0.00000000000000E+00 -.12480179516583E+00
 441 0.41053095375689E+02 0.00000000000000E+00 -.12179349581910E+00
 442 0.42067106831468E+02 0.00000000000000E+00 -.11885771037289E+00
 443 0.43106164370206E+02 0.00000000000000E+00 -.11599269090747E+00
 444 0.44170886630150E+02 0.00000000000000E+00 -.11319673163606E+00
 445 0.45261907529914E+02 0.00000000000000E+00 -.11046816788920E+00
 446 0.46379876645903E+02 0.00000000000000E+00 -.10780537512365E+00
 447 0.47525459599057E+02 0.00000000000000E+00 -.10520676795515E+00
 448 0.48699338451154E+02 0.00000000000000E+00 -.10267079921455E+00
 449 0.49902212110897E+02 0.00000000000000E+00 -.10019595902660E+00
 450 0.51134796750036E+02 0.00000000000000E+00 -.97780773910996E-01
 451 0.52397826229762E+02 0.00000000000000E+00 -.95423805905139E-01
 452 0.53692052537637E+02 0.00000000000000E+00 -.93123651707953E-01
 453 0.55018246235317E+02 0.00000000000000E+00 -.90878941844396E-01
 454 0.56377196917329E+02 0.00000000000000E+00 -.88688339850099E-01
 455 0.57769713681187E+02 0.00000000000000E+00 -.86550541475650E-01
 456 0.59196625609113E+02 0.00000000000000E+00 -.84464273910071E-01
 457 0.60658782261658E+02 0.00000000000000E+00 -.82428295023003E-01
 458 0.62157054183521E+02 0.00000000000000E+00 -.80441392625162E-01
 459 0.63692333421854E+02 0.00000000000000E+00 -.78502383746620E-01
 460 0.65265534057374E+02 0.00000000000000E+00 -.76610113932488E-01
 461 0.66877592748591E+02 0.00000000000000E+00 -.74763456555565E-01
 462 0.68529469289481E+02 0.00000000000000E+00 -.72961312145570E-01
 463 0.70222147180931E+02 0.00000000000000E+00 -.71202607734527E-01
 464 0.71956634216300E+02 0.00000000000000E+00 -.69486296217944E-01
 465 0.73733963081443E+02 0.00000000000000E+00 -.67811355731379E-01
 466 0.75555191969554E+02 0.00000000000000E+00 -.66176789042040E-01
 467 0.77421405211202E+02 0.00000000000000E+00 -.64581622955051E-01
