  1.838235294117600E-004   0.00000000000000     
  1.883639705882400E-004   0.00000000000000     
  1.930165606617600E-004   0.00000000000000     
  1.977840697101100E-004   0.00000000000000     
  2.026693362319500E-004   0.00000000000000     
  2.076752688368800E-004   0.00000000000000     
  2.128048479771500E-004   0.00000000000000     
  2.180611277221900E-004   0.00000000000000     
  2.234472375769200E-004   0.00000000000000     
  2.289663843450700E-004   0.00000000000000     
  2.346218540384000E-004   0.00000000000000     
  2.404170138331500E-004   0.00000000000000     
  2.463553140748200E-004   0.00000000000000     
  2.524402903324700E-004   0.00000000000000     
  2.586755655036800E-004   0.00000000000000     
  2.650648519716300E-004   0.00000000000000     
  2.716119538153200E-004   0.00000000000000     
  2.783207690745600E-004   0.00000000000000     
  2.851952920707000E-004   0.00000000000000     
  2.922396157848500E-004   0.00000000000000     
  2.994579342947400E-004   0.00000000000000     
  3.068545452718200E-004   0.00000000000000     
  3.144338525400300E-004   0.00000000000000     
  3.222003686977700E-004   0.00000000000000     
  3.301587178046000E-004   0.00000000000000     
  3.383136381343800E-004   0.00000000000000     
  3.466699849963000E-004   0.00000000000000     
  3.552327336257100E-004   0.00000000000000     
  3.640069821462600E-004   0.00000000000000     
  3.729979546052700E-004   0.00000000000000     
  3.822110040840200E-004   0.00000000000000     
  3.916516158849000E-004   0.00000000000000     
  4.013254107972600E-004   0.00000000000000     
  4.112381484439500E-004   0.00000000000000     
  4.213957307105100E-004   0.00000000000000     
  4.318042052590600E-004   0.00000000000000     
  4.424697691289600E-004   0.00000000000000     
  4.533987724264500E-004   0.00000000000000     
  4.645977221053800E-004   0.00000000000000     
  4.760732858413800E-004   0.00000000000000     
  4.878322960016700E-004   0.00000000000000     
  4.998817537129100E-004   0.00000000000000     
  5.122288330296200E-004   0.00000000000000     
  5.248808852054500E-004   0.00000000000000     
  5.378454430700200E-004   0.00000000000000     
  5.511302255138500E-004   0.00000000000000     
  5.647431420840400E-004   0.00000000000000     
  5.786922976935200E-004   0.00000000000000     
  5.929859974465500E-004   0.00000000000000     
  6.076327515834800E-004   0.00000000000000     
  6.226412805475900E-004   0.00000000000000     
  6.380205201771200E-004   0.00000000000000     
  6.537796270254900E-004   0.00000000000000     
  6.699279838130200E-004   0.00000000000000     
  6.864752050132000E-004   0.00000000000000     
  7.034311425770300E-004   0.00000000000000     
  7.208058917986800E-004   0.00000000000000     
  7.386097973261100E-004   0.00000000000000     
  7.568534593200600E-004   0.00000000000000     
  7.755477397652700E-004   0.00000000000000     
  7.947037689374700E-004   0.00000000000000     
  8.143329520302300E-004   0.00000000000000     
  8.344469759453700E-004   0.00000000000000     
  8.550578162512200E-004   0.00000000000000     
  8.761777443126300E-004   0.00000000000000     
  8.978193345971500E-004   0.00000000000000     
  9.199954721617000E-004   0.00000000000000     
  9.427193603240900E-004   0.00000000000000     
  9.660045285241000E-004   0.00000000000000     
  9.898648403786400E-004   0.00000000000000     
  1.014314501936000E-003   0.00000000000000     
  1.039368070133800E-003   0.00000000000000     
  1.065040461466100E-003   0.00000000000000     
  1.091346960864300E-003   0.00000000000000     
  1.118303230797700E-003   0.00000000000000     
  1.145925320598400E-003   0.00000000000000     
  1.174229676017200E-003   0.00000000000000     
  1.203233149014800E-003   0.00000000000000     
  1.232953007795500E-003   0.00000000000000     
  1.263406947088000E-003   0.00000000000000     
  1.294613098681100E-003   0.00000000000000     
  1.326590042218500E-003   0.00000000000000     
  1.359356816261300E-003   0.00000000000000     
  1.392932929622900E-003   0.00000000000000     
  1.427338372984600E-003   0.00000000000000     
  1.462593630797400E-003   0.00000000000000     
  1.498719693478000E-003   0.00000000000000     
  1.535738069907000E-003   0.00000000000000     
  1.573670800233700E-003   0.00000000000000     
  1.612540468999400E-003   0.00000000000000     
  1.652370218583700E-003   0.00000000000000     
  1.693183762982700E-003   0.00000000000000     
  1.735005401928400E-003   0.00000000000000     
  1.777860035356000E-003   0.00000000000000     
  1.821773178229300E-003   0.00000000000000     
  1.866770975731600E-003   0.00000000000000     
  1.912880218832200E-003   0.00000000000000     
  1.960128360237300E-003   0.00000000000000     
  2.008543530735200E-003   0.00000000000000     
  2.058154555944300E-003   0.00000000000000     
  2.108990973476200E-003   0.00000000000000     
  2.161083050521000E-003   0.00000000000000     
  2.214461801868900E-003   0.00000000000000     
  2.269159008375100E-003   0.00000000000000     
  2.325207235881900E-003   0.00000000000000     
  2.382639854608200E-003   0.00000000000000     
  2.441491059017000E-003   0.00000000000000     
  2.501795888174800E-003   0.00000000000000     
  2.563590246612700E-003   0.00000000000000     
  2.626910925704000E-003   0.00000000000000     
  2.691795625568900E-003   0.00000000000000     
  2.758282977520400E-003   0.00000000000000     
  2.826412567065200E-003   0.00000000000000     
  2.896224957471700E-003   0.00000000000000     
  2.967761713921300E-003   0.00000000000000     
  3.041065428255100E-003   0.00000000000000     
  3.116179744333000E-003   0.00000000000000     
  3.193149384018000E-003   0.00000000000000     
  3.272020173803300E-003   0.00000000000000     
  3.352839072096200E-003   0.00000000000000     
  3.435654197177000E-003   0.00000000000000     
  3.520514855847300E-003   0.00000000000000     
  3.607471572786700E-003   0.00000000000000     
  3.696576120634500E-003   0.00000000000000     
  3.787881550814200E-003   0.00000000000000     
  3.881442225119300E-003   0.00000000000000     
  3.977313848079800E-003   0.00000000000000     
  4.075553500127300E-003   0.00000000000000     
  4.176219671580500E-003   0.00000000000000     
  4.279372297468500E-003   0.00000000000000     
  4.385072793216000E-003   0.00000000000000     
  4.493384091208400E-003   0.00000000000000     
  4.604370678261300E-003   0.00000000000000     
  4.718098634014300E-003   0.00000000000000     
  4.834635670274500E-003   0.00000000000000     
  4.954051171330300E-003   0.00000000000000     
  5.076416235262100E-003   0.00000000000000     
  5.201803716273100E-003   0.00000000000000     
  5.330288268065000E-003   0.00000000000000     
  5.461946388286200E-003   0.00000000000000     
  5.596856464076900E-003   0.00000000000000     
  5.735098818739600E-003   0.00000000000000     
  5.876755759562500E-003   0.00000000000000     
  6.021911626823700E-003   0.00000000000000     
  6.170652844006200E-003   0.00000000000000     
  6.323067969253200E-003   0.00000000000000     
  6.479247748093700E-003   0.00000000000000     
  6.639285167471600E-003   0.00000000000000     
  6.803275511108200E-003   0.00000000000000     
  6.971316416232500E-003   0.00000000000000     
  7.143507931713500E-003   0.00000000000000     
  7.319952577626800E-003   0.00000000000000     
  7.500755406294200E-003   0.00000000000000     
  7.686024064829700E-003   0.00000000000000     
  7.875868859231000E-003   0.00000000000000     
  8.070402820053999E-003   0.00000000000000     
  8.269741769709300E-003   0.00000000000000     
  8.474004391421101E-003   0.00000000000000     
  8.683312299889201E-003   0.00000000000000     
  8.897790113696499E-003   0.00000000000000     
  9.117565529504800E-003   0.00000000000000     
  9.342769398083499E-003   0.00000000000000     
  9.573535802216201E-003   0.00000000000000     
  9.810002136530899E-003   0.00000000000000     
  1.005230918930300E-002   0.00000000000000     
  1.030060122627900E-002   0.00000000000000     
  1.055502607656800E-002   0.00000000000000     
  1.081573522065900E-002   0.00000000000000     
  1.108288388061000E-002   0.00000000000000     
  1.135663111246100E-002   0.00000000000000     
  1.163713990093800E-002   0.00000000000000     
  1.192457725649200E-002   0.00000000000000     
  1.221911431472700E-002   0.00000000000000     
  1.252092643830100E-002   0.00000000000000     
  1.283019332132700E-002   0.00000000000000     
  1.314709909636400E-002   0.00000000000000     
  1.347183244404400E-002   0.00000000000000     
  1.380458670541200E-002   0.00000000000000     
  1.414555999703500E-002   0.00000000000000     
  1.449495532896200E-002   0.00000000000000     
  1.485298072558700E-002   0.00000000000000     
  1.521984934950900E-002   0.00000000000000     
  1.559577962844200E-002   0.00000000000000     
  1.598099538526500E-002   0.00000000000000     
  1.637572597128100E-002   0.00000000000000     
  1.678020640277200E-002   0.00000000000000     
  1.719467750092000E-002   0.00000000000000     
  1.761938603519300E-002   0.00000000000000     
  1.805458487026200E-002   0.00000000000000     
  1.850053311655700E-002   0.00000000000000     
  1.895749628453600E-002   0.00000000000000     
  1.942574644276400E-002   0.00000000000000     
  1.990556237990100E-002   0.00000000000000     
  2.039722977068400E-002   0.00000000000000     
  2.090104134602000E-002   0.00000000000000     
  2.141729706726700E-002   0.00000000000000     
  2.194630430482800E-002   0.00000000000000     
  2.248837802115800E-002   0.00000000000000     
  2.304384095828000E-002   0.00000000000000     
  2.361302382995000E-002   0.00000000000000     
  2.419626551855000E-002   0.00000000000000     
  2.479391327685800E-002   0.00000000000000     
  2.540632293479600E-002   0.00000000000000     
  2.603385911128600E-002   0.00000000000000     
  2.667689543133400E-002   0.00000000000000     
  2.733581474848800E-002   0.00000000000000     
  2.801100937277600E-002   0.00000000000000     
  2.870288130428300E-002   0.00000000000000     
  2.941184247249900E-002   0.00000000000000     
  3.013831498157000E-002   0.00000000000000     
  3.088273136161500E-002   0.00000000000000     
  3.164553482624700E-002   0.00000000000000     
  3.242717953645500E-002   0.00000000000000     
  3.322813087100500E-002   0.00000000000000     
  3.404886570351900E-002   0.00000000000000     
  3.488987268639600E-002   0.00000000000000     
  3.575165254175000E-002   0.00000000000000     
  3.663471835953100E-002   0.00000000000000     
  3.753959590301200E-002   0.00000000000000     
  3.846682392181600E-002   0.00000000000000     
  3.941695447268500E-002   0.00000000000000     
  4.039055324816000E-002   0.00000000000000     
  4.138819991339000E-002   0.00000000000000     
  4.241048845125100E-002   0.00000000000000     
  4.345802751599600E-002   0.00000000000000     
  4.453144079564200E-002   0.00000000000000     
  4.563136738329400E-002   0.00000000000000     
  4.675846215766100E-002   0.00000000000000     
  4.791339617295600E-002   0.00000000000000     
  4.909685705842800E-002   0.00000000000000     
  5.030954942777100E-002   0.00000000000000     
  5.155219529863700E-002   0.00000000000000     
  5.282553452251300E-002   0.00000000000000     
  5.413032522521900E-002   0.00000000000000     
  5.546734425828200E-002   0.00000000000000     
  5.683738766146100E-002   0.00000000000000     
  5.824127113670000E-002   0.00000000000000     
  5.967983053377600E-002   0.00000000000000     
  6.115392234796000E-002   0.00000000000000     
  6.266442422995500E-002   0.00000000000000     
  6.421223550843499E-002   0.00000000000000     
  6.579827772549300E-002   0.00000000000000     
  6.742349518531300E-002   0.00000000000000     
  6.908885551639000E-002   0.00000000000000     
  7.079535024764499E-002   0.00000000000000     
  7.254399539876200E-002   0.00000000000000     
  7.433583208511101E-002   0.00000000000000     
  7.617192713761300E-002   0.00000000000000     
  7.805337373791200E-002   0.00000000000000     
  7.998129206923900E-002   0.00000000000000     
  8.195682998334899E-002   0.00000000000000     
  8.398116368393800E-002   0.00000000000000     
  8.605549842693100E-002   0.00000000000000     
  8.818106923807600E-002   0.00000000000000     
  9.035914164825699E-002   0.00000000000000     
  9.259101244696900E-002   0.00000000000000     
  9.487801045440900E-002   0.00000000000000     
  9.722149731263301E-002   0.00000000000000     
  9.962286829625500E-002   0.00000000000000     
  0.102083553143170        0.00000000000000     
  0.104605016905810        0.00000000000000     
  0.107188760823380        0.00000000000000     
  0.109836323215720        0.00000000000000     
  0.112549280399150        0.00000000000000     
  0.115329247625010        0.00000000000000     
  0.118177880041340        0.00000000000000     
  0.121096873678370        0.00000000000000     
  0.124087966458220        0.00000000000000     
  0.127152939229740        0.00000000000000     
  0.130293616828710        0.00000000000000     
  0.133511869164380        0.00000000000000     
  0.136809612332740        0.00000000000000     
  0.140188809757360        0.00000000000000     
  0.143651473358370        0.00000000000000     
  0.147199664750320        0.00000000000000     
  0.150835496469650        0.00000000000000     
  0.154561133232450        0.00000000000000     
  0.158378793223300        0.00000000000000     
  0.162290749415910        0.00000000000000     
  0.166299330926480        0.00000000000000     
  0.170406924400370        0.00000000000000     
  0.174615975433060        0.00000000000000     
  0.178928990026250        0.00000000000000     
  0.183348536079900        0.00000000000000     
  0.187877244921080        0.00000000000000     
  0.192517812870630        0.00000000000000     
  0.197273002848530        0.00000000000000     
  0.202145646018890        0.00000000000000     
  0.207138643475560        0.00000000000000     
  0.212254967969400        0.00000000000000     
  0.217497665678250        0.00000000000000     
  0.222869858020500        0.00000000000000     
  0.228374743513610        0.00000000000000     
  0.234015599678390        0.00000000000000     
  0.239795784990450        0.00000000000000     
  0.245718740879710        0.00000000000000     
  0.251787993779440        0.00000000000000     
  0.258007157225790        0.00000000000000     
  0.264379934009270        0.00000000000000     
  0.270910118379300        0.00000000000000     
  0.277601598303270        0.00000000000000     
  0.284458357781360        0.00000000000000     
  0.291484479218560        0.00000000000000     
  0.298684145855260        0.00000000000000     
  0.306061644257880        0.00000000000000     
  0.313621366871050        0.00000000000000     
  0.321367814632770        0.00000000000000     
  0.329305599654190        0.00000000000000     
  0.337439447965650        0.00000000000000     
  0.345774202330400        0.00000000000000     
  0.354314825127970        0.00000000000000     
  0.363066401308630        0.00000000000000     
  0.372034141420950        0.00000000000000     
  0.381223384714050        0.00000000000000     
  0.390639602316480        0.00000000000000     
  0.400288400493700        0.00000000000000     
  0.410175523985900        0.00000000000000     
  0.420306859428350        0.00000000000000     
  0.430688438856230        0.00000000000000     
  0.441326443295980        0.00000000000000     
  0.452227206445390        0.00000000000000     
  0.463397218444590        0.00000000000000     
  0.474843129740170        0.00000000000000     
  0.486571755044750        0.00000000000000     
  0.498590077394360        0.00000000000000     
  0.510905252306000        0.00000000000000     
  0.523524612037950        0.00000000000000     
  0.536455669955290        0.00000000000000     
  0.549706125003190        0.00000000000000     
  0.563283866290770        0.00000000000000     
  0.577196977788150        0.00000000000000     
  0.591453743139520        0.00000000000000     
  0.606062650595060        0.00000000000000     
  0.621032398064760        0.00000000000000     
  0.636371898296960        0.00000000000000     
  0.652090284184890        0.00000000000000     
  0.668196914204260        0.00000000000000     
  0.684701377985110        0.00000000000000     
  0.701613502021340        0.00000000000000     
  0.718943355521270        0.00000000000000     
  0.736701256402640        0.00000000000000     
  0.754897777435790        0.00000000000000     
  0.773543752538450        0.00000000000000     
  0.792650283226150        0.00000000000000     
  0.812228745221840        0.00000000000000     
  0.832290795228810        0.00000000000000     
  0.852848377870970        0.00000000000000     
  0.873913732804380        0.00000000000000     
  0.895499402004650        0.00000000000000     
  0.917618237234160        0.00000000000000     
  0.940283407693850        0.00000000000000     
  0.963508407863880        0.00000000000000     
  0.987307065538120        0.00000000000000     
   1.01169355005690        0.00000000000000     
   1.03668238074330        0.00000000000000     
   1.06228843554770        0.00000000000000     
   1.08852695990570        0.00000000000000     
   1.11541357581540        0.00000000000000     
   1.14296429113800        0.00000000000000     
   1.17119550912910        0.00000000000000     
   1.20012403820460        0.00000000000000     
   1.22976710194830        0.00000000000000     
   1.26014234936640        0.00000000000000     
   1.29126786539570        0.00000000000000     
   1.32316218167100        0.00000000000000     
   1.35584428755830        0.00000000000000     
   1.38933364146100        0.00000000000000     
   1.42365018240510        0.00000000000000     
   1.45881434191050        0.00000000000000     
   1.49484705615570        0.00000000000000     
   1.53176977844270        0.00000000000000     
   1.56960449197020        0.00000000000000     
   1.60837372292190        0.00000000000000     
   1.64810055387810        0.00000000000000     
   1.68880863755890        0.00000000000000     
   1.73052221090660        0.00000000000000     
   1.77326610951600        0.00000000000000     
   1.81706578242100        0.00000000000000     
   1.86194730724680        0.00000000000000     
   1.90793740573580        0.00000000000000     
   1.95506345965750        0.00000000000000     
   2.00335352711100        0.00000000000000     
   2.05283635923070        0.00000000000000     
   2.10354141730360        0.00000000000000     
   2.15549889031100        0.00000000000000     
   2.20873971290170        0.00000000000000     
   2.26329558381040        0.00000000000000     
   2.31919898473050        0.00000000000000     
   2.37648319965340        0.00000000000000     
   2.43518233468480        0.00000000000000     
   2.49533133835150        0.00000000000000     
   2.55696602240880        0.00000000000000     
   2.62012308316230        0.00000000000000     
   2.68484012331640        0.00000000000000     
   2.75115567436230        0.00000000000000     
   2.81910921951910        0.00000000000000     
   2.88874121724120        0.00000000000000     
   2.96009312530700        0.00000000000000     
   3.03320742550210        0.00000000000000     
   3.10812764891200        0.00000000000000     
   3.18489840184020        0.00000000000000     
   3.26356539236560        0.00000000000000     
   3.34417545755700        0.00000000000000     
   3.42677659135870        0.00000000000000     
   3.51141797316530        0.00000000000000     
   3.59814999710240        0.00000000000000     
   3.68702430203090        0.00000000000000     
   3.77809380229100        0.00000000000000     
   3.87141271920760        0.00000000000000     
   3.96703661337210        0.00000000000000     
   4.06502241772230        0.00000000000000     
   4.16542847144010        0.00000000000000     
   4.26831455468470        0.00000000000000     
   4.37374192418540        0.00000000000000     
   4.48177334971270        0.00000000000000     
   4.59247315145060        0.00000000000000     
   4.70590723829150        0.00000000000000     
   4.82214314707730        0.00000000000000     
   4.94125008281010        0.00000000000000     
   5.06329895985550        0.00000000000000     
   5.18836244416390        0.00000000000000     
   5.31651499653480        0.00000000000000     
   5.44783291694920        0.00000000000000     
   5.58239438999780        0.00000000000000     
   5.72027953143080        0.00000000000000     
   5.86157043585710        0.00000000000000     
   6.00635122562280        0.00000000000000     
   6.15470810089570        0.00000000000000     
   6.30672939098780        0.00000000000000     
   6.46250560694520        0.00000000000000     
   6.62212949543670        0.00000000000000     
   6.78569609397400        0.00000000000000     
   6.95330278749520        0.00000000000000     
   7.12504936634630        0.00000000000000     
   7.30103808569510        0.00000000000000     
   7.48137372641170        0.00000000000000     
   7.66616365745410        0.00000000000000     
   7.85551789979320        0.00000000000000     
   8.04954919191810        0.00000000000000     
   8.24837305695850        0.00000000000000     
   8.45210787146540        0.00000000000000     
   8.66087493589050        0.00000000000000     
   8.87479854680700        0.00000000000000     
   9.09400607091320        0.00000000000000     
   9.31862802086470        0.00000000000000     
   9.54879813298010        0.00000000000000     
   9.78465344686470        0.00000000000000     
   10.0263343870020        0.00000000000000     
   10.2739848463610        0.00000000000000     
   10.5277522720660        0.00000000000000     
   10.7877877531860        0.00000000000000     
   11.0542461106900        0.00000000000000     
   11.3272859896240        0.00000000000000     
   11.6070699535680        0.00000000000000     
   11.8937645814210        0.00000000000000     
   12.1875405665820        0.00000000000000     
   12.4885728185770        0.00000000000000     
   12.7970405671950        0.00000000000000     
   13.1131274692050        0.00000000000000     
   13.4370217176950        0.00000000000000     
   13.7689161541220        0.00000000000000     
   14.1090083831280        0.00000000000000     
   14.4575008901920        0.00000000000000     
   14.8146011621790        0.00000000000000     
   15.1805218108850        0.00000000000000     
   15.5554806996140        0.00000000000000     
   15.9397010728950        0.00000000000000     
   16.3334116893950        0.00000000000000     
   16.7368469581230        0.00000000000000     
   17.1502470779890        0.00000000000000     
   17.5738581808150        0.00000000000000     
   18.0079324778810        0.00000000000000     
   18.4527284100850        0.00000000000000     
   18.9085108018140        0.00000000000000     
   19.3755510186190        0.00000000000000     
   19.8541271287790        0.00000000000000     
   20.3445240688600        0.00000000000000     
   20.8470338133600        0.00000000000000     
   21.3619555485500        0.00000000000000     
   21.8895958506000        0.00000000000000     
   22.4302688681090        0.00000000000000     
   22.9842965091520        0.00000000000000     
   23.5520086329280        0.00000000000000     
   24.1337432461610        0.00000000000000     
   24.7298467043410        0.00000000000000     
   25.3406739179380        0.00000000000000     
   25.9665885637110        0.00000000000000     
   26.6079633012350        0.00000000000000     
   27.2651799947760        0.00000000000000     
   27.9386299406470        0.00000000000000     
   28.6287141001810        0.00000000000000     
   29.3358433384550        0.00000000000000     
   30.0604386689150        0.00000000000000     
   30.8029315040370        0.00000000000000     
   31.5637639121870        0.00000000000000     
   32.3433888808180        0.00000000000000     
   33.1422705861740        0.00000000000000     
   33.9608846696530        0.00000000000000     
   34.7997185209930        0.00000000000000     
   35.6592715684610        0.00000000000000     
   36.5400555762020        0.00000000000000     
   37.4425949489350        0.00000000000000     
   38.3674270441730        0.00000000000000     
   39.3151024921640        0.00000000000000     
   40.2861855237210        0.00000000000000     
   41.2812543061570        0.00000000000000     
   42.3009012875190        0.00000000000000     
   43.3457335493210        0.00000000000000     
   44.4163731679890        0.00000000000000     
   45.5134575852380        0.00000000000000     
   46.6376399875930        0.00000000000000     
   47.7895896952870        0.00000000000000     
   48.9699925607610        0.00000000000000     
   50.1795513770110        0.00000000000000     
   51.4189862960240        0.00000000000000     
   52.6890352575350        0.00000000000000     
   53.9904544283960        0.00000000000000     
   55.3240186527780        0.00000000000000     
   56.6905219135010        0.00000000000000     
   58.0907778047650        0.00000000000000     
   59.5256200165430        0.00000000000000     
   60.9959028309510        0.00000000000000     
   62.5025016308760        0.00000000000000     
   64.0463134211580        0.00000000000000     
   65.6282573626610        0.00000000000000     
   67.2492753195190        0.00000000000000     
   68.9103324199110        0.00000000000000     
   70.6124176306830        0.00000000000000     
   72.3565443461610        0.00000000000000     
   74.1437509915110        0.00000000000000     
   75.9751016410010        0.00000000000000     
   77.8516866515340        0.00000000000000     
   79.7746233118270        0.00000000000000     
