  2.314814814814800E-004 -2.005480151072770E-008
  2.371990740740700E-004 -2.105774393920897E-008
  2.430578912037000E-004 -2.211084360880849E-008
  2.490614211164400E-004 -2.321660888765839E-008
  2.552132382180100E-004 -2.437767375798713E-008
  2.615170052020000E-004 -2.559680359693921E-008
  2.679764752304900E-004 -2.687690223758722E-008
  2.745954941686800E-004 -2.822101873597517E-008
  2.813780028746400E-004 -2.963235463141140E-008
  2.883280395456500E-004 -3.111427157249483E-008
  2.954497421224300E-004 -3.267029932421101E-008
  3.027473507528500E-004 -3.430414417541593E-008
  3.102252103164400E-004 -3.601969776685936E-008
  3.178877730112600E-004 -3.782104636060143E-008
  3.257396010046400E-004 -3.971248057308116E-008
  3.337853691494500E-004 -4.169850559488287E-008
  3.420298677674500E-004 -4.378385192160662E-008
  3.504780055013000E-004 -4.597348662141501E-008
  3.591348122371800E-004 -4.827262516602237E-008
  3.680054420994400E-004 -5.068674385339793E-008
  3.770951765193000E-004 -5.322159285170659E-008
  3.864094273793200E-004 -5.588320989559697E-008
  3.959537402355900E-004 -5.867793466739111E-008
  4.057337976194100E-004 -6.161242389758306E-008
  4.157554224206100E-004 -6.469366722038714E-008
  4.260245813544000E-004 -6.792900382231638E-008
  4.365473885138600E-004 -7.132613992332169E-008
  4.473301090101500E-004 -7.489316713217793E-008
  4.583791627027000E-004 -7.863858171977598E-008
  4.697011280214500E-004 -8.257130485640040E-008
  4.813027458835800E-004 -8.670070386090251E-008
  4.931909237069100E-004 -9.103661451267752E-008
  5.053727395224700E-004 -9.558936447943051E-008
  5.178554461886700E-004 -1.003697979165102E-007
  5.306464757095300E-004 -1.053893012965907E-007
  5.437534436595599E-004 -1.106598305309074E-007
  5.571841537179500E-004 -1.161939394470684E-007
  5.709466023147800E-004 -1.220048096907997E-007
  5.850489833919600E-004 -1.281062821231923E-007
  5.994996932817400E-004 -1.345128897882175E-007
  6.143073357058000E-004 -1.412398925288370E-007
  6.294807268977300E-004 -1.483033133341819E-007
  6.450289008521100E-004 -1.557199765047704E-007
  6.609611147031500E-004 -1.635075477259348E-007
  6.772868542363200E-004 -1.716845761457793E-007
  6.940158395359600E-004 -1.802705385570995E-007
  7.111580307725000E-004 -1.892858857890556E-007
  7.287236341325800E-004 -1.987520914187657E-007
  7.467231078956500E-004 -2.086917029191597E-007
  7.651671686606800E-004 -2.191283953645025E-007
  7.840667977265900E-004 -2.300870278217792E-007
  8.034332476304400E-004 -2.415937025625608E-007
  8.232780488469100E-004 -2.536758272355790E-007
  8.436130166534300E-004 -2.663621801487931E-007
  8.644502581647699E-004 -2.796829788162386E-007
  8.858021795414400E-004 -2.936699519328556E-007
  9.076814933761100E-004 -3.083564149489050E-007
  9.301012262625000E-004 -3.237773494235452E-007
  9.530747265511900E-004 -3.399694863473276E-007
  9.766156722970001E-004 -3.569713936312676E-007
  1.000738079402700E-003 -3.748235679716362E-007
  1.025456309964000E-003 -3.935685313085862E-007
  1.050785080820100E-003 -4.132509321087434E-007
  1.076739472316400E-003 -4.339176517130456E-007
  1.103334937282600E-003 -4.556179160033461E-007
  1.130587310233400E-003 -4.784034126527235E-007
  1.158512816796200E-003 -5.023284142400686E-007
  1.187128083371100E-003 -5.274499075214671E-007
  1.216450147030300E-003 -5.538277291669082E-007
  1.246496465662000E-003 -5.815247082839607E-007
  1.277284928363800E-003 -6.106068160707784E-007
  1.308833866094400E-003 -6.411433229519470E-007
  1.341162062587000E-003 -6.732069635731007E-007
  1.374288765532900E-003 -7.068741100471157E-007
  1.408233698041500E-003 -7.422249538644574E-007
  1.443017070383100E-003 -7.793436969004031E-007
  1.478659592021600E-003 -8.183187519749654E-007
  1.515182483944500E-003 -8.592429534426312E-007
  1.552607491298000E-003 -9.022137783140559E-007
  1.590956896333000E-003 -9.473335784356214E-007
  1.630253531672500E-003 -9.947098242805884E-007
  1.670520793904800E-003 -1.044455360932110E-006
  1.711782657514200E-003 -1.096688676868505E-006
  1.754063689154800E-003 -1.151534186189912E-006
  1.797389062276900E-003 -1.209122524959092E-006
  1.841784572115200E-003 -1.269590862363011E-006
  1.887276651046400E-003 -1.333083227434899E-006
  1.933892384327300E-003 -1.399750852116121E-006
  1.981659526220200E-003 -1.469752531474703E-006
  2.030606516517800E-003 -1.543255001938021E-006
  2.080762497475800E-003 -1.620433338441426E-006
  2.132157331163400E-003 -1.701471371437274E-006
  2.184821617243200E-003 -1.786562124761909E-006
  2.238786711189100E-003 -1.875908275395006E-006
  2.294084742955500E-003 -1.969722636216112E-006
  2.350748636106500E-003 -2.068228662903096E-006
  2.408812127418300E-003 -2.171660986178738E-006
  2.468309786965500E-003 -2.280265970676859E-006
  2.529277038703600E-003 -2.394302301756801E-006
  2.591750181559500E-003 -2.514041601665566E-006
  2.655766411044100E-003 -2.639769076512673E-006
  2.721363841396800E-003 -2.771784195600744E-006
  2.788581528279400E-003 -2.910401404731545E-006
  2.857459492027900E-003 -3.055950875181061E-006
  2.928038741480900E-003 -3.208779290137298E-006
  3.000361298395500E-003 -3.369250670456556E-006
  3.074470222465900E-003 -3.537747241731408E-006
  3.150409636960800E-003 -3.714670344705554E-006
  3.228224754993700E-003 -3.900441391232167E-006
  3.307961906442100E-003 -4.095502868028562E-006
  3.389668565531200E-003 -4.300319390636796E-006
  3.473393379099800E-003 -4.515378810089853E-006
  3.559186195563600E-003 -4.741193374924403E-006
  3.647098094594000E-003 -4.978300951302595E-006
  3.737181417530500E-003 -5.227266304156085E-006
  3.829489798543500E-003 -5.488682442398661E-006
  3.924078196567500E-003 -5.763172031414080E-006
  4.021002928022700E-003 -6.051388876184166E-006
  4.120321700344900E-003 -6.354019478585470E-006
  4.222093646343400E-003 -6.671784672569396E-006
  4.326379359408100E-003 -7.005441341117826E-006
  4.433240929585400E-003 -7.355784219062271E-006
  4.542741980546200E-003 -7.723647786068856E-006
  4.654947707465700E-003 -8.109908254283350E-006
  4.769924915840100E-003 -8.515485655385928E-006
  4.887742061261400E-003 -8.941346032022588E-006
  5.008469290174500E-003 -9.388503738816685E-006
  5.132178481641800E-003 -9.858023858477869E-006
  5.258943290138400E-003 -1.035102473872135E-005
  5.388839189404800E-003 -1.086868065607041E-005
  5.521943517383100E-003 -1.141222461287194E-005
  5.658335522262400E-003 -1.198295127420360E-005
  5.798096409662300E-003 -1.258222005163781E-005
  5.941309390981000E-003 -1.321145834124531E-005
  6.088059732938200E-003 -1.387216492352827E-005
  6.238434808341800E-003 -1.456591353337670E-005
  6.392524148107800E-003 -1.529435660857198E-005
  6.550419494566100E-003 -1.605922922574848E-005
  6.712214856081900E-003 -1.686235323321426E-005
  6.878006563027100E-003 -1.770564159041599E-005
  7.047893325133900E-003 -1.859110292447919E-005
  7.221976290264700E-003 -1.952084631457765E-005
  7.400359104634200E-003 -2.049708631559516E-005
  7.583147974518700E-003 -2.152214823303284E-005
  7.770451729489300E-003 -2.259847366169846E-005
  7.962381887207701E-003 -2.372862630140992E-005
  8.159052719821700E-003 -2.491529806352241E-005
  8.360581322001299E-003 -2.616131548290831E-005
  8.567087680654700E-003 -2.746964645051689E-005
  8.778694746366901E-003 -2.884340728273443E-005
  8.995528506602200E-003 -3.028587014420999E-005
  9.217718060715200E-003 -3.180047084196864E-005
  9.445395696814900E-003 -3.339081700927340E-005
  9.678696970526200E-003 -3.506069669881263E-005
  9.917760785698200E-003 -3.681408740560821E-005
  1.016272947710500E-002 -3.865516554120263E-005
  1.041374889518900E-002 -4.058831638165574E-005
  1.067096849290100E-002 -4.261814451305720E-005
  1.093454141467500E-002 -4.474948479942102E-005
  1.120462458761800E-002 -4.698741389915372E-005
  1.148137881493200E-002 -4.933726235742947E-005
  1.176496887166100E-002 -5.180462730335384E-005
  1.205556360279100E-002 -5.439538578213727E-005
  1.235333602378000E-002 -5.711570875405586E-005
  1.265846342356700E-002 -5.997207579349679E-005
  1.297112747012900E-002 -6.297129052316908E-005
  1.329151431864100E-002 -6.612049682018904E-005
  1.361981472231200E-002 -6.942719583273325E-005
  1.395622414595300E-002 -7.289926384765806E-005
  1.430094288235800E-002 -7.654497105179630E-005
  1.465417617155200E-002 -8.037300123151254E-005
  1.501613432299000E-002 -8.439247245753731E-005
  1.538703284076700E-002 -8.861295880430656E-005
  1.576709255193400E-002 -9.304451315549151E-005
  1.615653973796700E-002 -9.769769115023184E-005
  1.655560626949500E-002 -1.025835763269099E-004
  1.696452974435100E-002 -1.077138065244408E-004
  1.738355362903700E-002 -1.131006016041267E-004
  1.781292740367400E-002 -1.187567925578226E-004
  1.825290671054500E-002 -1.246958520720870E-004
  1.870375350629500E-002 -1.309319266207938E-004
  1.916573621790100E-002 -1.374798701629492E-004
  1.963912990248300E-002 -1.443552795259833E-004
  2.012421641107400E-002 -1.515745315584567E-004
  2.062128455642800E-002 -1.591548221411858E-004
  2.113063028497200E-002 -1.671142071494759E-004
  2.165255685301000E-002 -1.754716454639903E-004
  2.218737500728000E-002 -1.842470441328233E-004
  2.273540316995900E-002 -1.934613057925391E-004
  2.329696762825700E-002 -2.031363784607777E-004
  2.387240272867500E-002 -2.132953078193795E-004
  2.446205107607400E-002 -2.239622921124871E-004
  2.506626373765300E-002 -2.351627397904822E-004
  2.568540045197300E-002 -2.469233300368048E-004
  2.631982984313600E-002 -2.592720763223534E-004
  2.696992964026200E-002 -2.722383931384611E-004
  2.763608690237600E-002 -2.858531660675348E-004
  2.831869824886500E-002 -3.001488253587091E-004
  2.901817009561200E-002 -3.151594231828308E-004
  2.973491889697400E-002 -3.309207147519958E-004
  3.046937139372900E-002 -3.474702434961193E-004
  3.122196486715400E-002 -3.648474304994747E-004
  3.199314739937300E-002 -3.830936684107843E-004
  3.278337814013700E-002 -4.022524200499758E-004
  3.359312758019900E-002 -4.223693219468549E-004
  3.442287783143000E-002 -4.434922930579727E-004
  3.527312291386600E-002 -4.656716489213157E-004
  3.614436904983800E-002 -4.889602215194525E-004
  3.703713496536900E-002 -5.134134851380858E-004
  3.795195219901400E-002 -5.390896885185609E-004
  3.888936541833000E-002 -5.660499936192750E-004
  3.984993274416200E-002 -5.943586213168957E-004
  4.083422608294300E-002 -6.240830043933366E-004
  4.184283146719200E-002 -6.552939481731733E-004
  4.287634940443200E-002 -6.880657991938084E-004
  4.393539523472100E-002 -7.224766223093306E-004
  4.502059949701900E-002 -7.586083866499205E-004
  4.613260830459500E-002 -7.965471608777410E-004
  4.727208372971800E-002 -8.363833182063473E-004
  4.843970419784200E-002 -8.782117516673836E-004
  4.963616489152900E-002 -9.221321001386167E-004
  5.086217816435000E-002 -9.682489856700246E-004
  5.211847396500900E-002 -1.016672262669472E-003
  5.340580027194500E-002 -1.067517279542493E-003
  5.472492353866200E-002 -1.120905153403859E-003
  5.607662915006700E-002 -1.176963058513942E-003
  5.746172189007400E-002 -1.235824529123600E-003
  5.888102642075900E-002 -1.297629777442333E-003
  6.033538777335100E-002 -1.362526027485838E-003
  6.182567185135300E-002 -1.430667865587646E-003
  6.335276594608200E-002 -1.502217608406258E-003
  6.491757926495000E-002 -1.577345689294629E-003
  6.652104347279400E-002 -1.656231063940693E-003
  6.816411324657200E-002 -1.739061636238205E-003
  6.984776684376200E-002 -1.826034705381486E-003
  7.157300668480300E-002 -1.917357435240453E-003
  7.334085994991800E-002 -2.013247347109281E-003
  7.515237919068100E-002 -2.113932836982526E-003
  7.700864295669101E-002 -2.219653718565206E-003
  7.891075643772100E-002 -2.330661793279729E-003
  8.085985212173299E-002 -2.447221448588238E-003
  8.285709046913900E-002 -2.569610286019367E-003
  8.490366060372700E-002 -2.698119780343405E-003
  8.700078102063900E-002 -2.833055971406727E-003
  8.914970031184900E-002 -2.974740190212662E-003
  9.135169790955200E-002 -3.123509820892832E-003
  9.360808484791799E-002 -3.279719100302758E-003
  9.592020454366100E-002 -3.443739957028296E-003
  9.828943359589000E-002 -3.615962891691146E-003
  0.100717182605710      -3.796797900493887E-003
  0.103204897016070      -3.986675444046859E-003
  0.105754057972370      -4.186047463584564E-003
  0.108366183204280      -4.395388446760929E-003
  0.111042827929430      -4.615196545310030E-003
  0.113785585779290      -4.845994746910935E-003
  0.116596089748030      -5.088332103701133E-003
  0.119476013164810      -5.342785019946000E-003
  0.122427070689980      -5.609958601443380E-003
  0.125451019336020      -5.890488069314822E-003
  0.128549659513620      -6.185040240907804E-003
  0.131724836103610      -6.494315080553107E-003
  0.134978439555370      -6.819047323016615E-003
  0.138312407012390      -7.160008172460328E-003
  0.141728723465590      -7.518007079782379E-003
  0.145229422935190      -7.893893601179416E-003
  0.148816589681690      -8.288559340763764E-003
  0.152492359446830      -8.702939979969146E-003
  0.156258920725170      -9.138017396449956E-003
  0.160118516067080      -9.594821874980503E-003
  0.164073443413940      -1.007443441271769E-002
  0.168126057466260      -1.057798912093250E-002
  0.172278771085680      -1.110667572500752E-002
  0.176534056731490      -1.166174216410474E-002
  0.180894447932760      -1.224449729141822E-002
  0.185362540796700      -1.285631367531491E-002
  0.189940995554380      -1.349863050094645E-002
  0.194632538144570      -1.417295657102814E-002
  0.199439961836740      -1.488087340335531E-002
  0.204366128894110      -1.562403842144014E-002
  0.209413972277790      -1.640418823301079E-002
  0.214586497393060      -1.722314198937006E-002
  0.219886783878660      -1.808280481642048E-002
  0.225317987440470      -1.898517130560975E-002
  0.230883341730250      -1.993232905006977E-002
  0.236586160270980      -2.092646220765560E-002
  0.242429838429680      -2.196985506847523E-002
  0.248417855438890      -2.306489559966730E-002
  0.254553776468230      -2.421407893443270E-002
  0.260841254747000      -2.542001076580733E-002
  0.267284033739250      -2.668541059787545E-002
  0.273885949372610      -2.801311479817670E-002
  0.280650932322110      -2.940607938457807E-002
  0.287583010350470      -3.086738246784060E-002
  0.294686310706120      -3.240022625695430E-002
  0.301965062580560      -3.400793851815281E-002
  0.309423599626300      -3.569397335958537E-002
  0.317066362537070      -3.746191119199643E-002
  0.324897901691740      -3.931545769064936E-002
  0.332922879863520      -4.125844155479570E-002
  0.341146074996150      -4.329481082788581E-002
  0.349572383048560      -4.542862750352718E-002
  0.358206820909860      -4.766406009844462E-002
  0.367054529386330      -5.000537382374418E-002
  0.376120776262170      -5.245691792861425E-002
  0.385410959435850      -5.502310972551931E-002
  0.394930610133910      -5.770841473201644E-002
  0.404685396204220      -6.051732228044908E-002
  0.414681125490470      -6.345431585210329E-002
  0.424923749290080      -6.652383728581178E-002
  0.435419365897550      -6.973024389144232E-002
  0.446174224235220      -7.307775736532261E-002
  0.457194727573830      -7.657040325671313E-002
  0.468487437344900      -8.021193957114560E-002
  0.480059077047320      -8.400577291797515E-002
  0.491916536250390      -8.795486041569354E-002
  0.504066874695770      -9.206159536132690E-002
  0.516517326500760      -9.632767445062934E-002
  0.529275304465320      -0.100753944108306     
  0.542348404485620      -0.105340223257228     
  0.555744410076410      -0.110085099629720     
  0.569471297005300      -0.114985696514731     
  0.583537238041330      -0.120037406655479     
  0.597950607820950      -0.125233589884156     
  0.612719987834130      -0.130565231029345     
  0.627854171533630      -0.136020554690873     
  0.643362169570510      -0.141584593692693     
  0.659253215158900      -0.147238708447432     
  0.675536769573330      -0.152960055169882     
  0.692222527781790      -0.158721001942114     
  0.709320424218000      -0.164488493165498     
  0.726840638696190      -0.170223365056327     
  0.744793602471980      -0.175879617698990     
  0.763190004453040      -0.181403652930224     
  0.782040797563030      -0.186733492181439     
  0.801357205262840      -0.191797994559250     
  0.821150728232830      -0.196516103115999     
  0.841433151220180      -0.200796156666435     
  0.862216550055320      -0.204535315834184     
  0.883513298841680      -0.207619165396877     
  0.905336077323070      -0.209921570473041     
  0.927697878432950      -0.211304881529095     
  0.950612016030250      -0.211620602195163     
  0.974092132826190      -0.210710653735907     
  0.998152208507000      -0.208409389491726     
   1.02280656805710      -0.204546529817313     
   1.04806989028810      -0.198951200285657     
   1.07395721657830      -0.191457259482836     
   1.10048395982770      -0.181910092689339     
   1.12766591363550      -0.170175017951977     
   1.15551926170230      -0.156147394066888     
   1.18406058746630      -0.139764427363251     
   1.21330688397670      -0.121018537023331     
   1.24327556401100      -9.997194872672996E-002
   1.27398447044200      -7.677193771105663E-002
   1.30545188686200      -5.166583374184874E-002
   1.33769654846740      -2.501453892128788E-002
   1.37073765321460       2.697086073360869E-003
   1.40459487324900       3.085500486368669E-002
   1.43928836661820       5.871832872350650E-002
   1.47483878927370       8.543174519443911E-002
   1.51126730736880       0.110050565141525     
   1.54859560986080       0.131580482707644     
   1.58684592142430       0.149033231500606     
   1.62604101568350       0.161497812843962     
   1.66620422877090       0.168224820495300     
   1.70735947322150       0.168718642755719     
   1.74953125221010       0.162829181511157     
   1.79274467413970       0.150831554229620     
   1.83702546759100       0.133479573459781     
   1.88239999664050       0.112017276857591     
   1.92889527655750       8.813305387211519E-002
   1.97653898988840       6.384345782874462E-002
   2.02535950293870       4.129874498665810E-002
   2.07538588266130       2.250929187224364E-002
   2.12664791396300       9.000848910413002E-003
   2.17917611743790       1.416990877479770E-003
   2.23300176753860      -8.996913577884834E-004
   2.28815691119680      -2.968034932342960E-004
   2.34467438690340        0.00000000000000     
   2.40258784425990        0.00000000000000     
   2.46193176401310        0.00000000000000     
   2.52274147858420        0.00000000000000     
   2.58505319310530        0.00000000000000     
   2.64890400697500        0.00000000000000     
   2.71433193594720        0.00000000000000     
   2.78137593476510        0.00000000000000     
   2.85007592035380        0.00000000000000     
   2.92047279558660        0.00000000000000     
   2.99260847363760        0.00000000000000     
   3.06652590293640        0.00000000000000     
   3.14226909273890        0.00000000000000     
   3.21988313932960        0.00000000000000     
   3.29941425287100        0.00000000000000     
   3.38090978491690        0.00000000000000     
   3.46441825660440        0.00000000000000     
   3.54998938754250        0.00000000000000     
   3.63767412541480        0.00000000000000     
   3.72752467631260        0.00000000000000     
   3.81959453581750        0.00000000000000     
   3.91393852085220        0.00000000000000     
   4.01061280231720        0.00000000000000     
   4.10967493853450        0.00000000000000     
   4.21118390951630        0.00000000000000     
   4.31520015208130        0.00000000000000     
   4.42178559583770        0.00000000000000     
   4.53100370005490        0.00000000000000     
   4.64291949144630        0.00000000000000     
   4.75759960288500        0.00000000000000     
   4.87511231307630        0.00000000000000     
   4.99552758720920        0.00000000000000     
   5.11891711861330        0.00000000000000     
   5.24535437144310        0.00000000000000     
   5.37491462441770        0.00000000000000     
   5.50767501564080        0.00000000000000     
   5.64371458852710        0.00000000000000     
   5.78311433886380        0.00000000000000     
   5.92595726303370        0.00000000000000     
   6.07232840743060        0.00000000000000     
   6.22231491909420        0.00000000000000     
   6.37600609759580        0.00000000000000     
   6.53349344820640        0.00000000000000     
   6.69487073637710        0.00000000000000     
   6.86023404356560        0.00000000000000     
   7.02968182444170        0.00000000000000     
   7.20331496550540        0.00000000000000     
   7.38123684515340        0.00000000000000     
   7.56355339522870        0.00000000000000     
   7.75037316409080        0.00000000000000     
   7.94180738124390        0.00000000000000     
   8.13797002356060        0.00000000000000     
   8.33897788314250        0.00000000000000     
   8.54495063685620        0.00000000000000     
   8.75601091758650        0.00000000000000     
   8.97228438725090        0.00000000000000     
   9.19389981161600        0.00000000000000     
   9.42098913696290        0.00000000000000     
   9.65368756864590        0.00000000000000     
   9.89213365159140        0.00000000000000     
   10.1364693527860        0.00000000000000     
   10.3868401458000        0.00000000000000     
   10.6433950974010        0.00000000000000     
   10.9062869563070        0.00000000000000     
   11.1756722441270        0.00000000000000     
   11.4517113485570        0.00000000000000     
   11.7345686188670        0.00000000000000     
   12.0244124637530        0.00000000000000     
   12.3214154516070        0.00000000000000     
   12.6257544132620        0.00000000000000     
   12.9376105472700        0.00000000000000     
   13.2571695277870        0.00000000000000     
   13.5846216151240        0.00000000000000     
   13.9201617690170        0.00000000000000     
   14.2639897647120        0.00000000000000     
   14.6163103119000        0.00000000000000     
   14.9773331766040        0.00000000000000     
   15.3472733060660        0.00000000000000     
   15.7263509567260        0.00000000000000     
   16.1147918253570        0.00000000000000     
   16.5128271834440        0.00000000000000     
   16.9206940148750        0.00000000000000     
   17.3386351570420        0.00000000000000     
   17.7668994454210        0.00000000000000     
   18.2057418617230        0.00000000000000     
   18.6554236857070        0.00000000000000     
   19.1162126507440        0.00000000000000     
   19.5883831032180        0.00000000000000     
   20.0722161658670        0.00000000000000     
   20.5679999051640        0.00000000000000     
   21.0760295028220        0.00000000000000     
   21.5966074315410        0.00000000000000     
   22.1300436351000        0.00000000000000     
   22.6766557128870        0.00000000000000     
   23.2367691089960        0.00000000000000     
   23.8107173059880        0.00000000000000     
   24.3988420234460        0.00000000000000     
   25.0014934214250        0.00000000000000     
   25.6190303089340        0.00000000000000     
   26.2518203575650        0.00000000000000     
   26.9002403203970        0.00000000000000     
   27.5646762563100        0.00000000000000     
   28.2455237598410        0.00000000000000     
   28.9431881967090        0.00000000000000     
   29.6580849451680        0.00000000000000     
   30.3906396433140        0.00000000000000     
   31.1412884425040        0.00000000000000     
   31.9104782670330        0.00000000000000     
   32.6986670802290        0.00000000000000     
   33.5063241571110        0.00000000000000     
   34.3339303637920        0.00000000000000     
   35.1819784437770        0.00000000000000     
   36.0509733113380        0.00000000000000     
   36.9414323521290        0.00000000000000     
   37.8538857312260        0.00000000000000     
   38.7888767087870        0.00000000000000     
   39.7469619634940        0.00000000000000     
   40.7287119239930        0.00000000000000     
   41.7347111085150        0.00000000000000     
   42.7655584728960        0.00000000000000     
   43.8218677671760        0.00000000000000     
   44.9042679010250        0.00000000000000     
   46.0134033181810        0.00000000000000     
   47.1499343801400        0.00000000000000     
   48.3145377593290        0.00000000000000     
   49.5079068419850        0.00000000000000     
   50.7307521409820        0.00000000000000     
   51.9838017188640        0.00000000000000     
   53.2678016213200        0.00000000000000     
   54.5835163213660        0.00000000000000     
   55.9317291745040        0.00000000000000     
   57.3132428851140        0.00000000000000     
   58.7288799843770        0.00000000000000     
   60.1794833199910        0.00000000000000     
   61.6659165579950        0.00000000000000     
   63.1890646969770        0.00000000000000     
   64.7498345949920        0.00000000000000     
   66.3491555094890        0.00000000000000     
   67.9879796505730        0.00000000000000     
   69.6672827479420        0.00000000000000     
   71.3880646318170        0.00000000000000     
   73.1513498282220        0.00000000000000     
   74.9581881689790        0.00000000000000     
   76.8096554167530        0.00000000000000     
   78.7068539055470        0.00000000000000     
