#   515 0.10247000000000E+01 1   2.6100 0.40000000000000E+01
   1 0.28409090909091E-03 0.24911619048351E-07 -.17831946824686E+01
   2 0.29110795454545E-03 0.26157451359005E-07 -.17831947088875E+01
   3 0.29829832102273E-03 0.27465587855640E-07 -.17831947346585E+01
   4 0.30566628955199E-03 0.28839144376203E-07 -.17831947597966E+01
   5 0.31321624690392E-03 0.30281392793142E-07 -.17831947843164E+01
   6 0.32095268820245E-03 0.31795768194120E-07 -.17831948082323E+01
   7 0.32888021960105E-03 0.33385877654712E-07 -.17831948315582E+01
   8 0.33700356102520E-03 0.35055508642866E-07 -.17831948543075E+01
   9 0.34532754898252E-03 0.36808638037807E-07 -.17831948764936E+01
  10 0.35385713944239E-03 0.38649441602861E-07 -.17831948981292E+01
  11 0.36259741078661E-03 0.40582303931675E-07 -.17831949192268E+01
  12 0.37155356683304E-03 0.42611828891834E-07 -.17831949397986E+01
  13 0.38073093993382E-03 0.44742850590773E-07 -.17831949598563E+01
  14 0.39013499415018E-03 0.46980444890094E-07 -.17831949794115E+01
  15 0.39977132850569E-03 0.49329941495711E-07 -.17831949984753E+01
  16 0.40964568031978E-03 0.51796936652629E-07 -.17831950170586E+01
  17 0.41976392862368E-03 0.54387306474584E-07 -.17831950351718E+01
  18 0.43013209766069E-03 0.57107220940310E-07 -.17831950528252E+01
  19 0.44075636047291E-03 0.59963158589746E-07 -.17831950700288E+01
  20 0.45164304257659E-03 0.62961921955213E-07 -.17831950867921E+01
  21 0.46279862572823E-03 0.66110653764300E-07 -.17831951031245E+01
  22 0.47422975178372E-03 0.69416853953060E-07 -.17831951190351E+01
  23 0.48594322665277E-03 0.72888397530035E-07 -.17831951345325E+01
  24 0.49794602435110E-03 0.76533553333663E-07 -.17831951496253E+01
  25 0.51024529115257E-03 0.80361003727747E-07 -.17831951643217E+01
  26 0.52284834984404E-03 0.84379865281891E-07 -.17831951786295E+01
  27 0.53576270408519E-03 0.88599710486168E-07 -.17831951925565E+01
  28 0.54899604287609E-03 0.93030590551744E-07 -.17831952061100E+01
  29 0.56255624513513E-03 0.97683059351756E-07 -.17831952192971E+01
  30 0.57645138438997E-03 0.10256819855948E-06 -.17831952321248E+01
  31 0.59068973358440E-03 0.10769764404366E-06 -.17831952445994E+01
  32 0.60527977000393E-03 0.11308361358385E-06 -.17831952567275E+01
  33 0.62023018032303E-03 0.11873893597187E-06 -.17831952685149E+01
  34 0.63554986577701E-03 0.12467708156851E-06 -.17831952799676E+01
  35 0.65124794746170E-03 0.13091219438850E-06 -.17831952910910E+01
  36 0.66733377176401E-03 0.13745912578994E-06 -.17831953018905E+01
  37 0.68381691592658E-03 0.14433346984867E-06 -.17831953123710E+01
  38 0.70070719374996E-03 0.15155160050156E-06 -.17831953225372E+01
  39 0.71801466143559E-03 0.15913071054748E-06 -.17831953323938E+01
  40 0.73574962357305E-03 0.16708885259860E-06 -.17831953419448E+01
  41 0.75392263927530E-03 0.17544498207974E-06 -.17831953511944E+01
  42 0.77254452846540E-03 0.18421900237810E-06 -.17831953601460E+01
  43 0.79162637831850E-03 0.19343181225090E-06 -.17831953688033E+01
  44 0.81117954986296E-03 0.20310535560392E-06 -.17831953771692E+01
  45 0.83121568474458E-03 0.21326267375942E-06 -.17831953852468E+01
  46 0.85174671215777E-03 0.22392796033806E-06 -.17831953930386E+01
  47 0.87278485594807E-03 0.23512661888534E-06 -.17831954005470E+01
  48 0.89434264188998E-03 0.24688532338010E-06 -.17831954077739E+01
  49 0.91643290514467E-03 0.25923208176887E-06 -.17831954147212E+01
  50 0.93906879790174E-03 0.27219630267775E-06 -.17831954213902E+01
  51 0.96226379720991E-03 0.28580886546044E-06 -.17831954277821E+01
  52 0.98603171300100E-03 0.30010219374938E-06 -.17831954338978E+01
  53 0.10103866963121E-02 0.31511033268524E-06 -.17831954397378E+01
  54 0.10353432477110E-02 0.33086903000862E-06 -.17831954453022E+01
  55 0.10609162259295E-02 0.34741582120712E-06 -.17831954505911E+01
  56 0.10871208567100E-02 0.36479011892067E-06 -.17831954556038E+01
  57 0.11139727418707E-02 0.38303330681798E-06 -.17831954603396E+01
  58 0.11414878685949E-02 0.40218883816777E-06 -.17831954647973E+01
  59 0.11696826189492E-02 0.42230233933951E-06 -.17831954689755E+01
  60 0.11985737796372E-02 0.44342171848029E-06 -.17831954728721E+01
  61 0.12281785519943E-02 0.46559727962654E-06 -.17831954764848E+01
  62 0.12585145622285E-02 0.48888184252254E-06 -.17831954798110E+01
  63 0.12895998719156E-02 0.51333086843102E-06 -.17831954828476E+01
  64 0.13214529887519E-02 0.53900259223551E-06 -.17831954855909E+01
  65 0.13540928775741E-02 0.56595816114916E-06 -.17831954880369E+01
  66 0.13875389716501E-02 0.59426178036038E-06 -.17831954901813E+01
  67 0.14218111842499E-02 0.62398086596218E-06 -.17831954920189E+01
  68 0.14569299205009E-02 0.65518620552947E-06 -.17831954935444E+01
  69 0.14929160895372E-02 0.68795212672691E-06 -.17831954947518E+01
  70 0.15297911169488E-02 0.72235667434869E-06 -.17831954956346E+01
  71 0.15675769575374E-02 0.75848179621215E-06 -.17831954961857E+01
  72 0.16062961083886E-02 0.79641353834786E-06 -.17831954963973E+01
  73 0.16459716222658E-02 0.83624224995113E-06 -.17831954962613E+01
  74 0.16866271213358E-02 0.87806279858314E-06 -.17831954957686E+01
  75 0.17282868112328E-02 0.92197479613423E-06 -.17831954949097E+01
  76 0.17709754954702E-02 0.96808283608753E-06 -.17831954936743E+01
  77 0.18147185902083E-02 0.10164967426482E-05 -.17831954920514E+01
  78 0.18595421393865E-02 0.10673318323313E-05 -.17831954900291E+01
  79 0.19054728302293E-02 0.11207091886321E-05 -.17831954875950E+01
  80 0.19525380091360E-02 0.11767559504321E-05 -.17831954847354E+01
  81 0.20007656979617E-02 0.12356056148284E-05 -.17831954814363E+01
  82 0.20501846107013E-02 0.12973983551074E-05 -.17831954776822E+01
  83 0.21008241705856E-02 0.13622813546202E-05 -.17831954734571E+01
  84 0.21527145275991E-02 0.14304091573554E-05 -.17831954687437E+01
  85 0.22058865764308E-02 0.15019440360432E-05 -.17831954635238E+01
  86 0.22603719748686E-02 0.15770563786689E-05 -.17831954577781E+01
  87 0.23162031626479E-02 0.16559250943156E-05 -.17831954514858E+01
  88 0.23734133807653E-02 0.17387380393029E-05 -.17831954446254E+01
  89 0.24320366912702E-02 0.18256924646362E-05 -.17831954371736E+01
  90 0.24921079975446E-02 0.19169954858335E-05 -.17831954291061E+01
  91 0.25536630650839E-02 0.20128645762476E-05 -.17831954203971E+01
  92 0.26167385427915E-02 0.21135280850588E-05 -.17831954110190E+01
  93 0.26813719847984E-02 0.22192257811728E-05 -.17831954009431E+01
  94 0.27476018728230E-02 0.23302094243178E-05 -.17831953901385E+01
  95 0.28154676390817E-02 0.24467433647027E-05 -.17831953785731E+01
  96 0.28850096897670E-02 0.25691051726629E-05 -.17831953662124E+01
  97 0.29562694291043E-02 0.26975862997948E-05 -.17831953530202E+01
  98 0.30292892840031E-02 0.28324927731535E-05 -.17831953389584E+01
  99 0.31041127293180E-02 0.29741459241656E-05 -.17831953239864E+01
 100 0.31807843137322E-02 0.31228831539952E-05 -.17831953080614E+01
 101 0.32593496862813E-02 0.32790587371855E-05 -.17831952911383E+01
 102 0.33398556235325E-02 0.34430446654888E-05 -.17831952731692E+01
 103 0.34223500574338E-02 0.36152315338960E-05 -.17831952541037E+01
 104 0.35068821038524E-02 0.37960294709762E-05 -.17831952338883E+01
 105 0.35935020918175E-02 0.39858691157403E-05 -.17831952124667E+01
 106 0.36822615934854E-02 0.41852026433577E-05 -.17831951897792E+01
 107 0.37732134548445E-02 0.43945048421668E-05 -.17831951657628E+01
 108 0.38664118271792E-02 0.46142742445463E-05 -.17831951403507E+01
 109 0.39619121993105E-02 0.48450343143391E-05 -.17831951134725E+01
 110 0.40597714306335E-02 0.50873346936581E-05 -.17831950850536E+01
 111 0.41600477849701E-02 0.53417525120427E-05 -.17831950550152E+01
 112 0.42628009652589E-02 0.56088937610843E-05 -.17831950232737E+01
 113 0.43680921491008E-02 0.58893947377941E-05 -.17831949897409E+01
 114 0.44759840251835E-02 0.61839235601520E-05 -.17831949543233E+01
 115 0.45865408306056E-02 0.64931817584446E-05 -.17831949169219E+01
 116 0.46998283891215E-02 0.68179059461832E-05 -.17831948774321E+01
 117 0.48159141503328E-02 0.71588695745811E-05 -.17831948357428E+01
 118 0.49348672298461E-02 0.75168847747686E-05 -.17831947917364E+01
 119 0.50567584504233E-02 0.78928042921325E-05 -.17831947452884E+01
 120 0.51816603841487E-02 0.82875235173883E-05 -.17831946962666E+01
 121 0.53096473956372E-02 0.87019826192203E-05 -.17831946445309E+01
 122 0.54407956863094E-02 0.91371687835701E-05 -.17831945899329E+01
 123 0.55751833397613E-02 0.95941185649053E-05 -.17831945323147E+01
 124 0.57128903682534E-02 0.10073920355069E-04 -.17831944715090E+01
 125 0.58539987603492E-02 0.10577716975587E-04 -.17831944073381E+01
 126 0.59985925297298E-02 0.11106708399612E-04 -.17831943396130E+01
 127 0.61467577652142E-02 0.11662154609978E-04 -.17831942681332E+01
 128 0.62985826820150E-02 0.12245378600180E-04 -.17831941926852E+01
 129 0.64541576742607E-02 0.12857769525419E-04 -.17831941130420E+01
 130 0.66135753688150E-02 0.13500786011219E-04 -.17831940289621E+01
 131 0.67769306804247E-02 0.14175959627497E-04 -.17831939401884E+01
 132 0.69443208682312E-02 0.14884898536351E-04 -.17831938464469E+01
 133 0.71158455936765E-02 0.15629291322260E-04 -.17831937474459E+01
 134 0.72916069798403E-02 0.16410911013816E-04 -.17831936428742E+01
 135 0.74717096722424E-02 0.17231619306560E-04 -.17831935323997E+01
 136 0.76562609011467E-02 0.18093370996981E-04 -.17831934156684E+01
 137 0.78453705454051E-02 0.18998218638231E-04 -.17831932923020E+01
 138 0.80391511978766E-02 0.19948317428652E-04 -.17831931618965E+01
 139 0.82377182324641E-02 0.20945930344742E-04 -.17831930240198E+01
 140 0.84411898728060E-02 0.21993433530792E-04 -.17831928782102E+01
 141 0.86496872626643E-02 0.23093321958017E-04 -.17831927239733E+01
 142 0.88633345380521E-02 0.24248215366667E-04 -.17831925607800E+01
 143 0.90822589011420E-02 0.25460864505253E-04 -.17831923880633E+01
 144 0.93065906960002E-02 0.26734157681748E-04 -.17831922052155E+01
 145 0.95364634861914E-02 0.28071127642361E-04 -.17831920115850E+01
 146 0.97720141343003E-02 0.29474958794262E-04 -.17831918064723E+01
 147 0.10013382883418E-01 0.30948994789445E-04 -.17831915891266E+01
 148 0.10260713440638E-01 0.32496746487784E-04 -.17831913587411E+01
 149 0.10514153062622E-01 0.34121900318254E-04 -.17831911144485E+01
 150 0.10773852643268E-01 0.35828327058194E-04 -.17831908553160E+01
 151 0.11039966803557E-01 0.37620091051536E-04 -.17831905803395E+01
 152 0.11312653983605E-01 0.39501459887918E-04 -.17831902884379E+01
 153 0.11592076537000E-01 0.41476914565743E-04 -.17831899784462E+01
 154 0.11878400827464E-01 0.43551160163354E-04 -.17831896491083E+01
 155 0.12171797327902E-01 0.45729137043730E-04 -.17831892990691E+01
 156 0.12472440721902E-01 0.48016032619378E-04 -.17831889268662E+01
 157 0.12780510007733E-01 0.50417293705401E-04 -.17831885309197E+01
 158 0.13096188604924E-01 0.52938639490159E-04 -.17831881095228E+01
 159 0.13419664463465E-01 0.55586075154374E-04 -.17831876608294E+01
 160 0.13751130175713E-01 0.58365906171093E-04 -.17831871828429E+01
 161 0.14090783091053E-01 0.61284753320530E-04 -.17831866734015E+01
 162 0.14438825433402E-01 0.64349568455525E-04 -.17831861301642E+01
 163 0.14795464421607E-01 0.67567651055101E-04 -.17831855505941E+01
 164 0.15160912392821E-01 0.70946665605531E-04 -.17831849319404E+01
 165 0.15535386928923E-01 0.74494659850244E-04 -.17831842712195E+01
 166 0.15919110986068E-01 0.78220083951980E-04 -.17831835651927E+01
 167 0.16312313027423E-01 0.82131810612792E-04 -.17831828103434E+01
 168 0.16715227159201E-01 0.86239156199720E-04 -.17831820028509E+01
 169 0.17128093270033E-01 0.90551902926399E-04 -.17831811385624E+01
 170 0.17551157173803E-01 0.95080322143350E-04 -.17831802129617E+01
 171 0.17984670755996E-01 0.99835198792317E-04 -.17831792211353E+01
 172 0.18428892123669E-01 0.10482785708281E-03 -.17831781577348E+01
 173 0.18884085759124E-01 0.11007018745192E-03 -.17831770169363E+01
 174 0.19350522677374E-01 0.11557467487138E-03 -.17831757923950E+01
 175 0.19828480587505E-01 0.12135442856939E-03 -.17831744771959E+01
 176 0.20318244058016E-01 0.12742321323757E-03 -.17831730637991E+01
 177 0.20820104686249E-01 0.13379548179739E-03 -.17831715439809E+01
 178 0.21334361272000E-01 0.14048640980390E-03 -.17831699087676E+01
 179 0.21861319995418E-01 0.14751193156845E-03 -.17831681483636E+01
 180 0.22401294599305E-01 0.15488877808626E-03 -.17831662520728E+01
 181 0.22954606575908E-01 0.16263451685891E-03 -.17831642082109E+01
 182 0.23521585358333E-01 0.17076759370635E-03 -.17831620040109E+01
 183 0.24102568516684E-01 0.17930737666767E-03 -.17831596255173E+01
 184 0.24697901959046E-01 0.18827420209492E-03 -.17831570574712E+01
 185 0.25307940137434E-01 0.19768942304936E-03 -.17831542831838E+01
 186 0.25933046258829E-01 0.20757546011501E-03 -.17831512843966E+01
 187 0.26573592501422E-01 0.21795585475016E-03 -.17831480411288E+01
 188 0.27229960236207E-01 0.22885532530323E-03 -.17831445315089E+01
 189 0.27902540254041E-01 0.24029982582609E-03 -.17831407315900E+01
 190 0.28591732998316E-01 0.25231660782424E-03 -.17831366151464E+01
 191 0.29297948803374E-01 0.26493428509009E-03 -.17831321534501E+01
 192 0.30021608138818E-01 0.27818290177341E-03 -.17831273150260E+01
 193 0.30763141859847E-01 0.29209400384988E-03 -.17831220653814E+01
 194 0.31522991463785E-01 0.30670071415735E-03 -.17831163667101E+01
 195 0.32301609352940E-01 0.32203781117750E-03 -.17831101775666E+01
 196 0.33099459103958E-01 0.33814181174935E-03 -.17831034525080E+01
 197 0.33917015743826E-01 0.35505105791061E-03 -.17830961417007E+01
 198 0.34754766032698E-01 0.37280580807231E-03 -.17830881904887E+01
 199 0.35613208753706E-01 0.39144833274240E-03 -.17830795389192E+01
 200 0.36492855009922E-01 0.41102301502490E-03 -.17830701212210E+01
 201 0.37394228528667E-01 0.43157645613189E-03 -.17830598652326E+01
 202 0.38317865973326E-01 0.45315758615815E-03 -.17830486917740E+01
 203 0.39264317262867E-01 0.47581778037975E-03 -.17830365139569E+01
 204 0.40234145899259E-01 0.49961098135150E-03 -.17830232364284E+01
 205 0.41227929302971E-01 0.52459382709146E-03 -.17830087545404E+01
 206 0.42246259156755E-01 0.55082578565477E-03 -.17829929534394E+01
 207 0.43289741757926E-01 0.57836929641450E-03 -.17829757070678E+01
 208 0.44358998379347E-01 0.60728991838221E-03 -.17829568770706E+01
 209 0.45454665639317E-01 0.63765648591794E-03 -.17829363115956E+01
 210 0.46577395880608E-01 0.66954127219610E-03 -.17829138439819E+01
 211 0.47727857558859E-01 0.70302016081207E-03 -.17828892913223E+01
 212 0.48906735640563E-01 0.73817282593294E-03 -.17828624528919E+01
 213 0.50114732010885E-01 0.77508292141611E-03 -.17828331084299E+01
 214 0.51352565891554E-01 0.81383827933958E-03 -.17828010162617E+01
 215 0.52620974269075E-01 0.85453111841022E-03 -.17827659112498E+01
 216 0.53920712333521E-01 0.89725826273868E-03 -.17827275025571E+01
 217 0.55252553928159E-01 0.94212137149365E-03 -.17826854712103E+01
 218 0.56617292010185E-01 0.98922717997327E-03 -.17826394674456E+01
 219 0.58015739122836E-01 0.10386877526577E-02 -.17825891078228E+01
 220 0.59448727879170E-01 0.10906207488345E-02 -.17825339720893E+01
 221 0.60917111457786E-01 0.11451497014166E-02 -.17824735997779E+01
 222 0.62421764110793E-01 0.12024043096042E-02 -.17824074865212E+01
 223 0.63963581684330E-01 0.12625207460718E-02 -.17823350800645E+01
 224 0.65543482151933E-01 0.13256419793962E-02 -.17822557759622E+01
 225 0.67162406161085E-01 0.13919181124739E-02 -.17821689129393E+01
 226 0.68821317593264E-01 0.14615067377158E-02 -.17820737679053E+01
 227 0.70521204137818E-01 0.15345733098413E-02 -.17819695506060E+01
 228 0.72263077880022E-01 0.16112915371354E-02 -.17818553979040E+01
 229 0.74047975903659E-01 0.16918437920755E-02 -.17817303676796E+01
 230 0.75876960908479E-01 0.17764215422729E-02 -.17815934323507E+01
 231 0.77751121842918E-01 0.18652258027265E-02 -.17814434720130E+01
 232 0.79671574552438E-01 0.19584676104264E-02 -.17812792672120E+01
 233 0.81639462443884E-01 0.20563685224000E-02 -.17810994913623E+01
 234 0.83655957166248E-01 0.21591611383421E-02 -.17809027028451E+01
 235 0.85722259308254E-01 0.22670896490256E-02 -.17806873368194E+01
 236 0.87839599113168E-01 0.23804104117450E-02 -.17804516968044E+01
 237 0.90009237211263E-01 0.24993925541062E-02 -.17801939460984E+01
 238 0.92232465370381E-01 0.26243186075331E-02 -.17799120991225E+01
 239 0.94510607265030E-01 0.27554851719306E-02 -.17796040127949E+01
 240 0.96845019264476E-01 0.28932036130081E-02 -.17792673780636E+01
 241 0.99237091240308E-01 0.30378007938352E-02 -.17788997117481E+01
 242 0.10168824739394E+00 0.31896198422799E-02 -.17784983488650E+01
 243 0.10419994710457E+00 0.33490209560478E-02 -.17780604356367E+01
 244 0.10677368579806E+00 0.35163822471266E-02 -.17775829234077E+01
 245 0.10941099583727E+00 0.36921006275160E-02 -.17770625637112E+01
 246 0.11211344743445E+00 0.38765927382140E-02 -.17764959047531E+01
 247 0.11488264958608E+00 0.40702959235140E-02 -.17758792895896E+01
 248 0.11772025103086E+00 0.42736692527632E-02 -.17752088562846E+01
 249 0.12062794123132E+00 0.44871945918253E-02 -.17744805403315E+01
 250 0.12360745137973E+00 0.47113777265919E-02 -.17736900796084E+01
 251 0.12666055542881E+00 0.49467495409879E-02 -.17728330221145E+01
 252 0.12978907114790E+00 0.51938672520235E-02 -.17719047366914E+01
 253 0.13299486120526E+00 0.54533157045550E-02 -.17709004268797E+01
 254 0.13627983427703E+00 0.57257087285304E-02 -.17698151479887E+01
 255 0.13964594618367E+00 0.60116905616135E-02 -.17686438273700E+01
 256 0.14309520105441E+00 0.63119373402010E-02 -.17673812877862E+01
 257 0.14662965252045E+00 0.66271586619714E-02 -.17660222736548E+01
 258 0.15025140493770E+00 0.69580992232355E-02 -.17645614798348E+01
 259 0.15396261463967E+00 0.73055405344851E-02 -.17629935825063E+01
 260 0.15776549122127E+00 0.76703027176784E-02 -.17613132715901E+01
 261 0.16166229885443E+00 0.80532463889339E-02 -.17595152840605E+01
 262 0.16565535763614E+00 0.84552746304482E-02 -.17575944374379E+01
 263 0.16974704496975E+00 0.88773350556000E-02 -.17555456627069E+01
 264 0.17393979698050E+00 0.93204219713443E-02 -.17533640358995E+01
 265 0.17823610996592E+00 0.97855786421564E-02 -.17510448076130E+01
 266 0.18263854188208E+00 0.10273899659932E-01 -.17485834298006E+01
 267 0.18714971386656E+00 0.10786533424406E-01 -.17459755792697E+01
 268 0.19177231179907E+00 0.11324684738797E-01 -.17432171774560E+01
 269 0.19650908790051E+00 0.11889617525559E-01 -.17403044061884E+01
 270 0.20136286237165E+00 0.12482657667250E-01 -.17372337193230E+01
 271 0.20633652507223E+00 0.13105195977687E-01 -.17340018502870E+01
 272 0.21143303724151E+00 0.13758691308726E-01 -.17306058157300E+01
 273 0.21665543326138E+00 0.14444673798126E-01 -.17270429156204E+01
 274 0.22200682246293E+00 0.15164748264097E-01 -.17233107302382E+01
 275 0.22749039097777E+00 0.15920597752307E-01 -.17194071146085E+01
 276 0.23310940363492E+00 0.16713987241195E-01 -.17153301909730E+01
 277 0.23886720590470E+00 0.17546767511598E-01 -.17110783399308E+01
 278 0.24476722589055E+00 0.18420879186799E-01 -.17066501908735E+01
 279 0.25081297637004E+00 0.19338356949186E-01 -.17020446123206E+01
 280 0.25700805688638E+00 0.20301333939804E-01 -.16972607027112E+01
 281 0.26335615589148E+00 0.21312046347138E-01 -.16922977821506E+01
 282 0.26986105294200E+00 0.22372838191515E-01 -.16871553855396E+01
 283 0.27652662094966E+00 0.23486166311506E-01 -.16818332574368E+01
 284 0.28335682848712E+00 0.24654605558730E-01 -.16763313489294E+01
 285 0.29035574215075E+00 0.25880854207386E-01 -.16706498167092E+01
 286 0.29752752898188E+00 0.27167739584779E-01 -.16647890244839E+01
 287 0.30487645894773E+00 0.28518223928982E-01 -.16587495467831E+01
 288 0.31240690748374E+00 0.29935410479597E-01 -.16525321751652E+01
 289 0.32012335809859E+00 0.31422549807380E-01 -.16461379267747E+01
 290 0.32803040504362E+00 0.32983046388183E-01 -.16395680551594E+01
 291 0.33613275604820E+00 0.34620465426376E-01 -.16328240632140E+01
 292 0.34443523512259E+00 0.36338539932431E-01 -.16259077180872E+01
 293 0.35294278543012E+00 0.38141178058917E-01 -.16188210678571E+01
 294 0.36166047223024E+00 0.40032470698531E-01 -.16115664597574E+01
 295 0.37059348589433E+00 0.42016699347114E-01 -.16041465597145E+01
 296 0.37974714499592E+00 0.44098344233823E-01 -.15965643729328E+01
 297 0.38912689947732E+00 0.46282092719704E-01 -.15888232652520E+01
 298 0.39873833389441E+00 0.48572847964864E-01 -.15809269849796E+01
 299 0.40858717074160E+00 0.50975737863270E-01 -.15728796848883E+01
 300 0.41867927385892E+00 0.53496124242825E-01 -.15646859440543E+01
 301 0.42902065192323E+00 0.56139612326868E-01 -.15563507892007E+01
 302 0.43961746202573E+00 0.58912060451520E-01 -.15478797152010E+01
 303 0.45047601333777E+00 0.61819590031362E-01 -.15392787043937E+01
 304 0.46160277086721E+00 0.64868595763771E-01 -.15305542443581E+01
 305 0.47300435930763E+00 0.68065756059820E-01 -.15217133438082E+01
 306 0.48468756698253E+00 0.71418043686936E-01 -.15127635462753E+01
 307 0.49665934988700E+00 0.74932736605479E-01 -.15037129412760E+01
 308 0.50892683582921E+00 0.78617428978030E-01 -.14945701726990E+01
 309 0.52149732867419E+00 0.82480042326381E-01 -.14853444441919E+01
 310 0.53437831269244E+00 0.86528836806988E-01 -.14760455214036E+01
 311 0.54757745701595E+00 0.90772422570872E-01 -.14666837310168E+01
 312 0.56110262020424E+00 0.95219771168595E-01 -.14572699566209E+01
 313 0.57496185492329E+00 0.99880226954850E-01 -.14478156315977E+01
 314 0.58916341273989E+00 0.10476351844030E+00 -.14383327293553E+01
 315 0.60371574903457E+00 0.10987976953037E+00 -.14288337514187E+01
 316 0.61862752803572E+00 0.11523951058162E+00 -.14193317140939E+01
 317 0.63390762797820E+00 0.12085368919562E+00 -.14098401346499E+01
 318 0.64956514638926E+00 0.12673368065805E+00 -.14003730182150E+01
 319 0.66560940550508E+00 0.13289129791584E+00 -.13909448468502E+01
 320 0.68204995782105E+00 0.13933880096803E+00 -.13815705725507E+01
 321 0.69889659177923E+00 0.14608890552477E+00 -.13722656162141E+01
 322 0.71615933759618E+00 0.15315479076397E+00 -.13630458749078E+01
 323 0.73384847323481E+00 0.16055010598385E+00 -.13539277400523E+01
 324 0.75197453052371E+00 0.16828897591211E+00 -.13449281294042E+01
 325 0.77054830142764E+00 0.17638600438580E+00 -.13360645359624E+01
 326 0.78958084447290E+00 0.18485627605807E+00 -.13273550971251E+01
 327 0.80908349133138E+00 0.19371535571642E+00 -.13188186875820E+01
 328 0.82906785356727E+00 0.20297928470780E+00 -.13104750395302E+01
 329 0.84954582955038E+00 0.21266457385399E+00 -.13023448938419E+01
 330 0.87052961154028E+00 0.22278819210218E+00 -.12944501857874E+01
 331 0.89203169294532E+00 0.23336754998091E+00 -.12868142688123E+01
 332 0.91406487576107E+00 0.24442047671540E+00 -.12794621796820E+01
 333 0.93664227819237E+00 0.25596518958517E+00 -.12724209480232E+01
 334 0.95977734246372E+00 0.26802025377070E+00 -.12657199528860E+01
 335 0.98348384282257E+00 0.28060453051865E+00 -.12593913283873E+01
 336 0.10077758937403E+01 0.29373711093861E+00 -.12534704197194E+01
 337 0.10326679583157E+01 0.30743723210854E+00 -.12479962897235E+01
 338 0.10581748568861E+01 0.32172417138578E+00 -.12430122747252E+01
 339 0.10843117758512E+01 0.33661711386818E+00 -.12385665862309E+01
 340 0.11110942767147E+01 0.35213498679472E+00 -.12347129521868E+01
 341 0.11385383053495E+01 0.36829625328241E+00 -.12315112875368E+01
 342 0.11666602014917E+01 0.38511865613248E+00 -.12290283784743E+01
 343 0.11954767084685E+01 0.40261890046747E+00 -.12273385577064E+01
 344 0.12250049831677E+01 0.42081226165344E+00 -.12265243388481E+01
 345 0.12552626062519E+01 0.43971210229591E+00 -.12266769663185E+01
 346 0.12862675926263E+01 0.45932927907175E+00 -.12278968223913E+01
 347 0.13180384021642E+01 0.47967141679780E+00 -.12302936148981E+01
 348 0.13505939506977E+01 0.50074202351111E+00 -.12339862470548E+01
 349 0.13839536212799E+01 0.52253941658302E+00 -.12391022445017E+01
 350 0.14181372757255E+01 0.54505542624481E+00 -.12457765835004E+01
 351 0.14531652664359E+01 0.56827383973221E+00 -.12541497280120E+01
 352 0.14890584485169E+01 0.59216854711141E+00 -.12643646421818E+01
 353 0.15258381921953E+01 0.61670134951305E+00 -.12765624995135E+01
 354 0.15635263955425E+01 0.64181939306053E+00 -.12908767633768E+01
 355 0.16021454975124E+01 0.66745219868079E+00 -.13074252710181E+01
 356 0.16417184913010E+01 0.69350827108949E+00 -.13262999250022E+01
 357 0.16822689380361E+01 0.71987129183611E+00 -.13475535982423E+01
 358 0.17238209808056E+01 0.74639593404159E+00 -.13711839150361E+01
 359 0.17663993590315E+01 0.77290338322792E+00 -.13971137118520E+01
 360 0.18100294231996E+01 0.79917671212602E+00 -.14251682450019E+01
 361 0.18547371499526E+01 0.82495633944115E+00 -.14550496377239E+01
 362 0.19005491575564E+01 0.84993590328855E+00 -.14863096855076E+01
 363 0.19474927217481E+01 0.87375899606027E+00 -.15183229996446E+01
 364 0.19955957919752E+01 0.89601733015656E+00 -.15502635899318E+01
 365 0.20448870080370E+01 0.91625101685743E+00 -.15810893787772E+01
 366 0.20953957171355E+01 0.93395171699021E+00 -.16095407864712E+01
 367 0.21471519913488E+01 0.94856942345313E+00 -.16341613728616E+01
 368 0.22001866455351E+01 0.95952351197142E+00 -.16533504300079E+01
 369 0.22545312556798E+01 0.96621838999949E+00 -.16654591376115E+01
 370 0.23102181776951E+01 0.96806352906324E+00 -.16689429770947E+01
 371 0.23672805666842E+01 0.96449684769576E+00 -.16625828330807E+01
 372 0.24257523966813E+01 0.95500933157496E+00 -.16457843545503E+01
 373 0.24856684808793E+01 0.93916752653299E+00 -.16189559648393E+01
 374 0.25470644923570E+01 0.91662933160422E+00 -.15839474867497E+01
 375 0.26099769853182E+01 0.88714773100188E+00 -.15445034173172E+01
 376 0.26744434168556E+01 0.85055867844833E+00 -.15053089463463E+01
 377 0.27405021692519E+01 0.00000000000000E+00 -.14673914393734E+01
 378 0.28081925728325E+01 0.00000000000000E+00 -.14306721181566E+01
 379 0.28775549293814E+01 0.00000000000000E+00 -.13950791103425E+01
 380 0.29486305361371E+01 0.00000000000000E+00 -.13605472421556E+01
 381 0.30214617103797E+01 0.00000000000000E+00 -.13270176879410E+01
 382 0.30960918146261E+01 0.00000000000000E+00 -.12944375211731E+01
 383 0.31725652824474E+01 0.00000000000000E+00 -.12627592069905E+01
 384 0.32509276449238E+01 0.00000000000000E+00 -.12319400696701E+01
 385 0.33312255577534E+01 0.00000000000000E+00 -.12019417611218E+01
 386 0.34135068290300E+01 0.00000000000000E+00 -.11727297494382E+01
 387 0.34978204477070E+01 0.00000000000000E+00 -.11442728403261E+01
 388 0.35842166127654E+01 0.00000000000000E+00 -.11165427391321E+01
 389 0.36727467631007E+01 0.00000000000000E+00 -.10895136571813E+01
 390 0.37634636081492E+01 0.00000000000000E+00 -.10631619631962E+01
 391 0.38564211592705E+01 0.00000000000000E+00 -.10374658784913E+01
 392 0.39516747619045E+01 0.00000000000000E+00 -.10124052132915E+01
 393 0.40492811285236E+01 0.00000000000000E+00 -.98796114072233E+00
 394 0.41492983723981E+01 0.00000000000000E+00 -.96411600463404E+00
 395 0.42517860421963E+01 0.00000000000000E+00 -.94085315732966E+00
 396 0.43568051574386E+01 0.00000000000000E+00 -.91815682336799E+00
 397 0.44644182448273E+01 0.00000000000000E+00 -.89601198584513E+00
 398 0.45746893754745E+01 0.00000000000000E+00 -.87440429186012E+00
 399 0.46876842030488E+01 0.00000000000000E+00 -.85331997420811E+00
 400 0.48034700028641E+01 0.00000000000000E+00 -.83274578669050E+00
 401 0.49221157119348E+01 0.00000000000000E+00 -.81266895076735E+00
 402 0.50436919700196E+01 0.00000000000000E+00 -.79307711159359E+00
 403 0.51682711616791E+01 0.00000000000000E+00 -.77395830176938E+00
 404 0.52959274593725E+01 0.00000000000000E+00 -.75530091139445E+00
 405 0.54267368676190E+01 0.00000000000000E+00 -.73709366324506E+00
 406 0.55607772682492E+01 0.00000000000000E+00 -.71932559209210E+00
 407 0.56981284667750E+01 0.00000000000000E+00 -.70198602735043E+00
 408 0.58388722399043E+01 0.00000000000000E+00 -.68506457839629E+00
 409 0.59830923842300E+01 0.00000000000000E+00 -.66855112201338E+00
 410 0.61308747661204E+01 0.00000000000000E+00 -.65243579153182E+00
 411 0.62823073728436E+01 0.00000000000000E+00 -.63670896731045E+00
 412 0.64374803649529E+01 0.00000000000000E+00 -.62136126828369E+00
 413 0.65964861299672E+01 0.00000000000000E+00 -.60638354435243E+00
 414 0.67594193373774E+01 0.00000000000000E+00 -.59176686944536E+00
 415 0.69263769950106E+01 0.00000000000000E+00 -.57750253511522E+00
 416 0.70974585067874E+01 0.00000000000000E+00 -.56358204456457E+00
 417 0.72727657319050E+01 0.00000000000000E+00 -.54999710701995E+00
 418 0.74524030454831E+01 0.00000000000000E+00 -.53673963239202E+00
 419 0.76364774007065E+01 0.00000000000000E+00 -.52380172617411E+00
 420 0.78250983925039E+01 0.00000000000000E+00 -.51117568454305E+00
 421 0.80183783227988E+01 0.00000000000000E+00 -.49885398963480E+00
 422 0.82164322673719E+01 0.00000000000000E+00 -.48682930497421E+00
 423 0.84193781443760E+01 0.00000000000000E+00 -.47509447104317E+00
 424 0.86273367845421E+01 0.00000000000000E+00 -.46364250097515E+00
 425 0.88404320031203E+01 0.00000000000000E+00 -.45246657636697E+00
 426 0.90587906735974E+01 0.00000000000000E+00 -.44156004320066E+00
 427 0.92825428032352E+01 0.00000000000000E+00 -.43091640786972E+00
 428 0.95118216104751E+01 0.00000000000000E+00 -.42052933330530E+00
 429 0.97467636042539E+01 0.00000000000000E+00 -.41039263519829E+00
 430 0.99875086652789E+01 0.00000000000000E+00 -.40050027831431E+00
 431 0.10234200129311E+02 0.00000000000000E+00 -.39084637289854E+00
 432 0.10486984872505E+02 0.00000000000000E+00 -.38142517116795E+00
 433 0.10746013398856E+02 0.00000000000000E+00 -.37223106388848E+00
 434 0.11011439929808E+02 0.00000000000000E+00 -.36325857703498E+00
 435 0.11283422496074E+02 0.00000000000000E+00 -.35450236853187E+00
 436 0.11562123031727E+02 0.00000000000000E+00 -.34595722507240E+00
 437 0.11847707470611E+02 0.00000000000000E+00 -.33761805901465E+00
 438 0.12140345845135E+02 0.00000000000000E+00 -.32947990535240E+00
 439 0.12440212387510E+02 0.00000000000000E+00 -.32153791875903E+00
 440 0.12747485633481E+02 0.00000000000000E+00 -.31378737070267E+00
 441 0.13062348528628E+02 0.00000000000000E+00 -.30622364663088E+00
 442 0.13384988537285E+02 0.00000000000000E+00 -.29884224322326E+00
 443 0.13715597754156E+02 0.00000000000000E+00 -.29163876571022E+00
 444 0.14054373018684E+02 0.00000000000000E+00 -.28460892525639E+00
 445 0.14401516032246E+02 0.00000000000000E+00 -.27774853640713E+00
 446 0.14757233478242E+02 0.00000000000000E+00 -.27105351459659E+00
 447 0.15121737145155E+02 0.00000000000000E+00 -.26451987371581E+00
 448 0.15495244052640E+02 0.00000000000000E+00 -.25814372373945E+00
 449 0.15877976580740E+02 0.00000000000000E+00 -.25192126840973E+00
 450 0.16270162602284E+02 0.00000000000000E+00 -.24584880297622E+00
 451 0.16672035618561E+02 0.00000000000000E+00 -.23992271199006E+00
 452 0.17083834898339E+02 0.00000000000000E+00 -.23413946715142E+00
 453 0.17505805620328E+02 0.00000000000000E+00 -.22849562520876E+00
 454 0.17938199019150E+02 0.00000000000000E+00 -.22298782590882E+00
 455 0.18381272534923E+02 0.00000000000000E+00 -.21761278999592E+00
 456 0.18835289966536E+02 0.00000000000000E+00 -.21236731725961E+00
 457 0.19300521628709E+02 0.00000000000000E+00 -.20724828462926E+00
 458 0.19777244512938E+02 0.00000000000000E+00 -.20225264431469E+00
 459 0.20265742452408E+02 0.00000000000000E+00 -.19737742199150E+00
 460 0.20766306290983E+02 0.00000000000000E+00 -.19261971503025E+00
 461 0.21279234056370E+02 0.00000000000000E+00 -.18797669076828E+00
 462 0.21804831137562E+02 0.00000000000000E+00 -.18344558482314E+00
 463 0.22343410466660E+02 0.00000000000000E+00 -.17902369944681E+00
 464 0.22895292705186E+02 0.00000000000000E+00 -.17470840191940E+00
 465 0.23460806435005E+02 0.00000000000000E+00 -.17049712298175E+00
 466 0.24040288353949E+02 0.00000000000000E+00 -.16638735530570E+00
 467 0.24634083476292E+02 0.00000000000000E+00 -.16237665200127E+00
 468 0.25242545338156E+02 0.00000000000000E+00 -.15846262515982E+00
 469 0.25866036208009E+02 0.00000000000000E+00 -.15464294443234E+00
 470 0.26504927302346E+02 0.00000000000000E+00 -.15091533564198E+00
 471 0.27159599006714E+02 0.00000000000000E+00 -.14727757943006E+00
 472 0.27830441102180E+02 0.00000000000000E+00 -.14372750993468E+00
 473 0.28517852997404E+02 0.00000000000000E+00 -.14026301350120E+00
 474 0.29222243966440E+02 0.00000000000000E+00 -.13688202742383E+00
 475 0.29944033392411E+02 0.00000000000000E+00 -.13358253871751E+00
 476 0.30683651017203E+02 0.00000000000000E+00 -.13036258291940E+00
 477 0.31441537197328E+02 0.00000000000000E+00 -.12722024291929E+00
 478 0.32218143166102E+02 0.00000000000000E+00 -.12415364781818E+00
 479 0.33013931302305E+02 0.00000000000000E+00 -.12116097181437E+00
 480 0.33829375405472E+02 0.00000000000000E+00 -.11824043311639E+00
 481 0.34664960977987E+02 0.00000000000000E+00 -.11539029288220E+00
 482 0.35521185514143E+02 0.00000000000000E+00 -.11260885418386E+00
 483 0.36398558796343E+02 0.00000000000000E+00 -.10989446099723E+00
 484 0.37297603198612E+02 0.00000000000000E+00 -.10724549721599E+00
 485 0.38218853997618E+02 0.00000000000000E+00 -.10466038568946E+00
 486 0.39162859691359E+02 0.00000000000000E+00 -.10213758728356E+00
 487 0.40130182325736E+02 0.00000000000000E+00 -.99675599964438E-01
 488 0.41121397829182E+02 0.00000000000000E+00 -.97272957904204E-01
 489 0.42137096355562E+02 0.00000000000000E+00 -.94928230608182E-01
 490 0.43177882635545E+02 0.00000000000000E+00 -.92640022063220E-01
 491 0.44244376336643E+02 0.00000000000000E+00 -.90406969906529E-01
 492 0.45337212432158E+02 0.00000000000000E+00 -.88227744614549E-01
 493 0.46457041579232E+02 0.00000000000000E+00 -.86101048711378E-01
 494 0.47604530506239E+02 0.00000000000000E+00 -.84025615996271E-01
 495 0.48780362409743E+02 0.00000000000000E+00 -.82000210789763E-01
 496 0.49985237361264E+02 0.00000000000000E+00 -.80023627197973E-01
 497 0.51219872724087E+02 0.00000000000000E+00 -.78094688394626E-01
 498 0.52485003580372E+02 0.00000000000000E+00 -.76212245920393E-01
 499 0.53781383168807E+02 0.00000000000000E+00 -.74375178999114E-01
 500 0.55109783333077E+02 0.00000000000000E+00 -.72582393870513E-01
 501 0.56470994981404E+02 0.00000000000000E+00 -.70832823138980E-01
 502 0.57865828557444E+02 0.00000000000000E+00 -.69125425138070E-01
 503 0.59295114522813E+02 0.00000000000000E+00 -.67459183310305E-01
 504 0.60759703851527E+02 0.00000000000000E+00 -.65833105601937E-01
 505 0.62260468536660E+02 0.00000000000000E+00 -.64246223872292E-01
 506 0.63798302109515E+02 0.00000000000000E+00 -.62697593317353E-01
 507 0.65374120171620E+02 0.00000000000000E+00 -.61186291907244E-01
 508 0.66988860939859E+02 0.00000000000000E+00 -.59711419837264E-01
 509 0.68643485805074E+02 0.00000000000000E+00 -.58272098992157E-01
 510 0.70338979904459E+02 0.00000000000000E+00 -.56867472423302E-01
 511 0.72076352708099E+02 0.00000000000000E+00 -.55496703838491E-01
 512 0.73856638619989E+02 0.00000000000000E+00 -.54158977104022E-01
 513 0.75680897593903E+02 0.00000000000000E+00 -.52853495758780E-01
 514 0.77550215764472E+02 0.00000000000000E+00 -.51579482540041E-01
 515 0.79465706093855E+02 0.00000000000000E+00 -.50336178920700E-01
