#   521 0.10247000000000E+01 2   2.2084 0.80000000000000E+01
   1 0.24038461538462E-03 0.76284168364146E-10 -.18255814957475E+02
   2 0.24632211538462E-03 0.82077595407905E-10 -.18255839075449E+02
   3 0.25240627163462E-03 0.88311006233767E-10 -.18255864398626E+02
   4 0.25864070654399E-03 0.95017815559315E-10 -.18255890984662E+02
   5 0.26502913199563E-03 0.10223398106717E-09 -.18255918899611E+02
   6 0.27157535155592E-03 0.10999818106710E-09 -.18255948207210E+02
   7 0.27828326273935E-03 0.11835203618996E-09 -.18255978978305E+02
   8 0.28515685932901E-03 0.12734032802888E-09 -.18256011286012E+02
   9 0.29220023375444E-03 0.13701123912037E-09 -.18256045207729E+02
  10 0.29941757952817E-03 0.14741661124120E-09 -.18256080824231E+02
  11 0.30681319374252E-03 0.15861222331058E-09 -.18256118218755E+02
  12 0.31439147962796E-03 0.17065809039780E-09 -.18256157482261E+02
  13 0.32215694917477E-03 0.18361878543807E-09 -.18256198707296E+02
  14 0.33011422581939E-03 0.19756378538117E-09 -.18256241991497E+02
  15 0.33826804719713E-03 0.21256784362845E-09 -.18256287439377E+02
  16 0.34662326796289E-03 0.22871139075469E-09 -.18256335157918E+02
  17 0.35518486268158E-03 0.24608096566284E-09 -.18256385261213E+02
  18 0.36395792878981E-03 0.26476967948298E-09 -.18256437868037E+02
  19 0.37294768963092E-03 0.28487771470216E-09 -.18256493104271E+02
  20 0.38215949756480E-03 0.30651286220086E-09 -.18256551101081E+02
  21 0.39159883715466E-03 0.32979109907469E-09 -.18256611996553E+02
  22 0.40127132843238E-03 0.35483721033908E-09 -.18256675936487E+02
  23 0.41118273024466E-03 0.38178545784929E-09 -.18256743071734E+02
  24 0.42133894368170E-03 0.41078030002185E-09 -.18256813563139E+02
  25 0.43174601559064E-03 0.44197716621533E-09 -.18256887578298E+02
  26 0.44241014217572E-03 0.47554328992163E-09 -.18256965293222E+02
  27 0.45333767268747E-03 0.51165860523421E-09 -.18257046893134E+02
  28 0.46453511320285E-03 0.55051671139867E-09 -.18257132572640E+02
  29 0.47600913049896E-03 0.59232591061640E-09 -.18257222535167E+02
  30 0.48776655602228E-03 0.63731032466432E-09 -.18257316995502E+02
  31 0.49981438995603E-03 0.68571109631661E-09 -.18257416178235E+02
  32 0.51215980538794E-03 0.73778768200845E-09 -.18257520319431E+02
  33 0.52481015258103E-03 0.79381924267140E-09 -.18257629667285E+02
  34 0.53777296334978E-03 0.85410614019586E-09 -.18257744482188E+02
  35 0.55105595554452E-03 0.91897154754265E-09 -.18257865037513E+02
  36 0.56466703764647E-03 0.98876318113453E-09 -.18257991620131E+02
  37 0.57861431347633E-03 0.10638551648145E-08 -.18258124531927E+02
  38 0.59290608701920E-03 0.11446500353623E-08 -.18258264088672E+02
  39 0.60755086736857E-03 0.12315809003205E-08 -.18258410623297E+02
  40 0.62255737379258E-03 0.13251137596957E-08 -.18258564484283E+02
  41 0.63793454092525E-03 0.14257500039827E-08 -.18258726038219E+02
  42 0.65369152408611E-03 0.15340291019004E-08 -.18258895669640E+02
  43 0.66983770473103E-03 0.16505314922471E-08 -.18259073782704E+02
  44 0.68638269603789E-03 0.17758816953795E-08 -.18259260801109E+02
  45 0.70333634863003E-03 0.19107516609903E-08 -.18259457170404E+02
  46 0.72070875644119E-03 0.20558643701348E-08 -.18259663358043E+02
  47 0.73851026272529E-03 0.22119977108115E-08 -.18259879854922E+02
  48 0.75675146621460E-03 0.23799886478737E-08 -.18260107176538E+02
  49 0.77544322743010E-03 0.25607377096240E-08 -.18260345863925E+02
  50 0.79459667514763E-03 0.27552138151432E-08 -.18260596485500E+02
  51 0.81422321302377E-03 0.29644594682285E-08 -.18260859637916E+02
  52 0.83433452638546E-03 0.31895963457845E-08 -.18261135947720E+02
  53 0.85494258918718E-03 0.34318313106237E-08 -.18261426072389E+02
  54 0.87605967114010E-03 0.36924628809056E-08 -.18261730702971E+02
  55 0.89769834501726E-03 0.39728881908966E-08 -.18262050564333E+02
  56 0.91987149413919E-03 0.42746104803614E-08 -.18262386417859E+02
  57 0.94259232004443E-03 0.45992471527327E-08 -.18262739063190E+02
  58 0.96587435034952E-03 0.49485384452555E-08 -.18263109339435E+02
  59 0.98973144680316E-03 0.53243567575803E-08 -.18263498128309E+02
  60 0.10141778135392E-02 0.57287166888117E-08 -.18263906354789E+02
  61 0.10392280055336E-02 0.61637858368141E-08 -.18264334990603E+02
  62 0.10648969372703E-02 0.66318964176638E-08 -.18264785055856E+02
  63 0.10911998916209E-02 0.71355577675318E-08 -.18265257621572E+02
  64 0.11181525289439E-02 0.76774697940125E-08 -.18265753812366E+02
  65 0.11457708964088E-02 0.82605374490030E-08 -.18266274808888E+02
  66 0.11740714375501E-02 0.88878863007115E-08 -.18266821850860E+02
  67 0.12030710020576E-02 0.95628792882678E-08 -.18267396239842E+02
  68 0.12327868558084E-02 0.10289134748745E-07 -.18267999342434E+02
  69 0.12632366911469E-02 0.11070545813224E-07 -.18268632593455E+02
  70 0.12944386374182E-02 0.11911301275869E-07 -.18269297499361E+02
  71 0.13264112717625E-02 0.12815908047881E-07 -.18269995641707E+02
  72 0.13591736301750E-02 0.13789215316684E-07 -.18270728681157E+02
  73 0.13927452188403E-02 0.14836440539848E-07 -.18271498361082E+02
  74 0.14271460257457E-02 0.15963197413082E-07 -.18272306512039E+02
  75 0.14623965325816E-02 0.17175525962211E-07 -.18273155055718E+02
  76 0.14985177269363E-02 0.18479924920437E-07 -.18274046009836E+02
  77 0.15355311147917E-02 0.19883386564433E-07 -.18274981492663E+02
  78 0.15734587333270E-02 0.21393434195997E-07 -.18275963728167E+02
  79 0.16123231640402E-02 0.23018162470175E-07 -.18276995051157E+02
  80 0.16521475461920E-02 0.24766280786017E-07 -.18278077912974E+02
  81 0.16929555905829E-02 0.26647159972546E-07 -.18279214886978E+02
  82 0.17347715936703E-02 0.28670882520174E-07 -.18280408674924E+02
  83 0.17776204520340E-02 0.30848296626827E-07 -.18281662113120E+02
  84 0.18215276771992E-02 0.33191074348447E-07 -.18282978179178E+02
  85 0.18665194108261E-02 0.35711774165569E-07 -.18284359999073E+02
  86 0.19126224402735E-02 0.38423908301338E-07 -.18285810854348E+02
  87 0.19598642145482E-02 0.41342015151764E-07 -.18287334189880E+02
  88 0.20082728606476E-02 0.44481737216461E-07 -.18288933622119E+02
  89 0.20578772003056E-02 0.47859904947553E-07 -.18290612947288E+02
  90 0.21087067671531E-02 0.51494626966174E-07 -.18292376150473E+02
  91 0.21607918243018E-02 0.55405387130103E-07 -.18294227414848E+02
  92 0.22141633823620E-02 0.59613148972791E-07 -.18296171131512E+02
  93 0.22688532179064E-02 0.64140468073562E-07 -.18298211909635E+02
  94 0.23248938923887E-02 0.69011612961232E-07 -.18300354587294E+02
  95 0.23823187715307E-02 0.74252695199176E-07 -.18302604242634E+02
  96 0.24411620451875E-02 0.79891809349023E-07 -.18304966205717E+02
  97 0.25014587477036E-02 0.85959183563144E-07 -.18307446070842E+02
  98 0.25632447787719E-02 0.92487341613020E-07 -.18310049709462E+02
  99 0.26265569248075E-02 0.99511277221868E-07 -.18312783283761E+02
 100 0.26914328808503E-02 0.10706864163587E-06 -.18315653260776E+02
 101 0.27579112730073E-02 0.11519994543923E-06 -.18318666427312E+02
 102 0.28260316814506E-02 0.12394877569466E-06 -.18321829905408E+02
 103 0.28958346639824E-02 0.13336202957297E-06 -.18325151168610E+02
 104 0.29673617801828E-02 0.14349016572387E-06 -.18328638058951E+02
 105 0.30406556161533E-02 0.15438747473505E-06 -.18332298804710E+02
 106 0.31157598098723E-02 0.16611237012890E-06 -.18336142038934E+02
 107 0.31927190771761E-02 0.17872770145638E-06 -.18340176818894E+02
 108 0.32715792383824E-02 0.19230109116577E-06 -.18344412646226E+02
 109 0.33523872455704E-02 0.20690529705154E-06 -.18348859488065E+02
 110 0.34351912105360E-02 0.22261860222555E-06 -.18353527799096E+02
 111 0.35200404334362E-02 0.23952523470028E-06 -.18358428544390E+02
 112 0.36069854321421E-02 0.25771581883237E-06 -.18363573223337E+02
 113 0.36960779723160E-02 0.27728786104548E-06 -.18368973894435E+02
 114 0.37873710982322E-02 0.29834627243507E-06 -.18374643201107E+02
 115 0.38809191643586E-02 0.32100393105530E-06 -.18380594398455E+02
 116 0.39767778677182E-02 0.34538228690072E-06 -.18386841381003E+02
 117 0.40750042810509E-02 0.37161201282415E-06 -.18393398711447E+02
 118 0.41756568867928E-02 0.39983370487829E-06 -.18400281650310E+02
 119 0.42787956118966E-02 0.43019863583297E-06 -.18407506186572E+02
 120 0.43844818635104E-02 0.46286956590524E-06 -.18415089069175E+02
 121 0.44927785655392E-02 0.49802161504526E-06 -.18423047839373E+02
 122 0.46037501961080E-02 0.53584320145118E-06 -.18431400863840E+02
 123 0.47174628259518E-02 0.57653705134040E-06 -.18440167368481E+02
 124 0.48339841577528E-02 0.62032128538634E-06 -.18449367472745E+02
 125 0.49533835664493E-02 0.66743058764020E-06 -.18459022224390E+02
 126 0.50757321405406E-02 0.71811746319897E-06 -.18469153634408E+02
 127 0.52011027244120E-02 0.77265359135574E-06 -.18479784711989E+02
 128 0.53295699617050E-02 0.83133128147981E-06 -.18490939499118E+02
 129 0.54612103397591E-02 0.89446503942369E-06 -.18502643104588E+02
 130 0.55961022351511E-02 0.96239325284580E-06 -.18514921736936E+02
 131 0.57343259603594E-02 0.10354800044740E-05 -.18527802735832E+02
 132 0.58759638115802E-02 0.11141170230200E-05 -.18541314601388E+02
 133 0.60211001177263E-02 0.11987257821905E-05 -.18555487020612E+02
 134 0.61698212906341E-02 0.12897597590341E-05 -.18570350890287E+02
 135 0.63222158765128E-02 0.13877068637157E-05 -.18585938335251E+02
 136 0.64783746086626E-02 0.14930920537255E-05 -.18602282720998E+02
 137 0.66383904614966E-02 0.16064801465180E-05 -.18619418659289E+02
 138 0.68023587058956E-02 0.17284788456362E-05 -.18637382005252E+02
 139 0.69703769659312E-02 0.18597419965200E-05 -.18656209844233E+02
 140 0.71425452769897E-02 0.20009730894227E-05 -.18675940466356E+02
 141 0.73189661453313E-02 0.21529290281827E-05 -.18696613326498E+02
 142 0.74997446091210E-02 0.23164241850198E-05 -.18718268987021E+02
 143 0.76849883009663E-02 0.24923347630495E-05 -.18740949040244E+02
 144 0.78748075120002E-02 0.26816034898600E-05 -.18764696007266E+02
 145 0.80693152575466E-02 0.28852446672585E-05 -.18789553209321E+02
 146 0.82686273444080E-02 0.31043496042009E-05 -.18815564607385E+02
 147 0.84728624398149E-02 0.33400924619646E-05 -.18842774605327E+02
 148 0.86821421420783E-02 0.35937365428235E-05 -.18871227811401E+02
 149 0.88965910529876E-02 0.38666410558558E-05 -.18900968752407E+02
 150 0.91163368519964E-02 0.41602683960588E-05 -.18932041534408E+02
 151 0.93415103722407E-02 0.44761919756872E-05 -.18964489443448E+02
 152 0.95722456784351E-02 0.48161046496758E-05 -.18998354479324E+02
 153 0.98086801466924E-02 0.51818277801795E-05 -.19033676815136E+02
 154 0.10050954546316E-01 0.55753209886680E-05 -.19070494175054E+02
 155 0.10299213123610E-01 0.59986926476838E-05 -.19108841122525E+02
 156 0.10553603687763E-01 0.64542111683100E-05 -.19148748250976E+02
 157 0.10814277698851E-01 0.69443171436394E-05 -.19190241268963E+02
 158 0.11081390358012E-01 0.74716364130915E-05 -.19233339971580E+02
 159 0.11355100699855E-01 0.80389941173347E-05 -.19278057089840E+02
 160 0.11635571687142E-01 0.86494298188388E-05 -.19324397009558E+02
 161 0.11922970307814E-01 0.93062137687588E-05 -.19372354351027E+02
 162 0.12217467674417E-01 0.10012864406948E-04 -.19421912400525E+02
 163 0.12519239125975E-01 0.10773167188458E-04 -.19473041384450E+02
 164 0.12828464332387E-01 0.11591194836931E-04 -.19525696576898E+02
 165 0.13145327401397E-01 0.12471329132882E-04 -.19579816231943E+02
 166 0.13470016988211E-01 0.13418284353005E-04 -.19635319333240E+02
 167 0.13802726407820E-01 0.14437132485423E-04 -.19692103156257E+02
 168 0.14143653750093E-01 0.15533330355208E-04 -.19750040643059E+02
 169 0.14493001997720E-01 0.16712748804645E-04 -.19808977596626E+02
 170 0.14850979147064E-01 0.17981704083579E-04 -.19868729711793E+02
 171 0.15217798331996E-01 0.19346991616947E-04 -.19929079473226E+02
 172 0.15593677950797E-01 0.20815922329106E-04 -.19989772967794E+02
 173 0.15978841796181E-01 0.22396361718180E-04 -.20050516678897E+02
 174 0.16373519188547E-01 0.24096771888127E-04 -.20110974353624E+02
 175 0.16777945112504E-01 0.25926256761895E-04 -.20170764059326E+02
 176 0.17192360356783E-01 0.27894610715816E-04 -.20229455573555E+02
 177 0.17617011657596E-01 0.30012370893451E-04 -.20286568279394E+02
 178 0.18052151845538E-01 0.32290873476493E-04 -.20341569765700E+02
 179 0.18498039996123E-01 0.34742314211174E-04 -.20393875357332E+02
 180 0.18954941584027E-01 0.37379813511044E-04 -.20442848822064E+02
 181 0.19423128641153E-01 0.40217486481020E-04 -.20487804516269E+02
 182 0.19902879918589E-01 0.43270518233490E-04 -.20528011237597E+02
 183 0.20394481052578E-01 0.46555244895010E-04 -.20562698046190E+02
 184 0.20898224734577E-01 0.50089240731962E-04 -.20591062292474E+02
 185 0.21414410885521E-01 0.53891411855594E-04 -.20612280044848E+02
 186 0.21943346834394E-01 0.57982097001272E-04 -.20625519040776E+02
 187 0.22485347501203E-01 0.62383175913702E-04 -.20629954186419E+02
 188 0.23040735584483E-01 0.67118185909600E-04 -.20624785501541E+02
 189 0.23609841753419E-01 0.72212447231834E-04 -.20609258248594E+02
 190 0.24193004844729E-01 0.77693197854848E-04 -.20582684801844E+02
 191 0.24790572064394E-01 0.83589738450205E-04 -.20544467612282E+02
 192 0.25402899194384E-01 0.89933588273817E-04 -.20494122419732E+02
 193 0.26030350804486E-01 0.96758652792932E-04 -.20431300672346E+02
 194 0.26673300469356E-01 0.10410140393161E-03 -.20355809957054E+02
 195 0.27332130990949E-01 0.11200107387852E-03 -.20267631145997E+02
 196 0.28007234626426E-01 0.12049986347062E-03 -.20166930947360E+02
 197 0.28699013321699E-01 0.12964316624125E-03 -.20054068634342E+02
 198 0.29407878950745E-01 0.13947980930137E-03 -.19929595926643E+02
 199 0.30134253560828E-01 0.15006231230865E-03 -.19794249316985E+02
 200 0.30878569623780E-01 0.16144716587155E-03 -.19648934559617E+02
 201 0.31641270293488E-01 0.17369513083431E-03 -.19494703541989E+02
 202 0.32422809669737E-01 0.18687155999455E-03 -.19332724304244E+02
 203 0.33223653068579E-01 0.20104674391875E-03 -.19164245502335E+02
 204 0.34044277299373E-01 0.21629628264259E-03 -.18990557073026E+02
 205 0.34885170948668E-01 0.23270148517271E-03 -.18812949198834E+02
 206 0.35746834671100E-01 0.25034979884629E-03 -.18632671845126E+02
 207 0.36629781487476E-01 0.26933527075341E-03 -.18450897124720E+02
 208 0.37534537090217E-01 0.28975904358684E-03 -.18268686535101E+02
 209 0.38461640156345E-01 0.31172988845418E-03 -.18086964730951E+02
 210 0.39411642668207E-01 0.33536477736974E-03 -.17906500982638E+02
 211 0.40385110242112E-01 0.36078949833814E-03 -.17727898886857E+02
 212 0.41382622465092E-01 0.38813931614965E-03 -.17551594302417E+02
 213 0.42404773239980E-01 0.41755968222979E-03 -.17377860942712E+02
 214 0.43452171139007E-01 0.44920699712240E-03 -.17206822616211E+02
 215 0.44525439766140E-01 0.48324942943880E-03 -.17038470799711E+02
 216 0.45625218128364E-01 0.51986779537534E-03 -.16872686069325E+02
 217 0.46752161016135E-01 0.55925650318908E-03 -.16709261895628E+02
 218 0.47906939393233E-01 0.60162456732813E-03 -.16547929411586E+02
 219 0.49090240796246E-01 0.64719669723872E-03 -.16388381954127E+02
 220 0.50302769743913E-01 0.69621446621862E-03 -.16230298427828E+02
 221 0.51545248156588E-01 0.74893756605517E-03 -.16073364807952E+02
 222 0.52818415786056E-01 0.80564515357829E-03 -.15917293360730E+02
 223 0.54123030655971E-01 0.86663729567490E-03 -.15761839389047E+02
 224 0.55459869513174E-01 0.93223651975281E-03 -.15606815497096E+02
 225 0.56829728290149E-01 0.10027894771097E-02 -.15452103501414E+02
 226 0.58233422578916E-01 0.10786687271585E-02 -.15297664197150E+02
 227 0.59671788116615E-01 0.11602746509842E-02 -.15143545221804E+02
 228 0.61145681283096E-01 0.12480375032601E-02 -.14989887250760E+02
 229 0.62655979610788E-01 0.13424196121373E-02 -.14836928718491E+02
 230 0.64203582307174E-01 0.14439177373348E-02 -.14685009195134E+02
 231 0.65789410790162E-01 0.15530655973055E-02 -.14534571468964E+02
 232 0.67414409236679E-01 0.16704365770358E-02 -.14386162299043E+02
 233 0.69079545144825E-01 0.17966466287481E-02 -.14240431716371E+02
 234 0.70785809909902E-01 0.19323573785228E-02 -.14098130672762E+02
 235 0.72534219414676E-01 0.20782794526393E-02 -.13960106770967E+02
 236 0.74325814634219E-01 0.22351760382451E-02 -.13827297763180E+02
 237 0.76161662255684E-01 0.24038666938116E-02 -.13700722484316E+02
 238 0.78042855313399E-01 0.25852314257095E-02 -.13581468897054E+02
 239 0.79970513839640E-01 0.27802150481441E-02 -.13470678973127E+02
 240 0.81945785531479E-01 0.29898318446215E-02 -.13369530223957E+02
 241 0.83969846434107E-01 0.32151705500765E-02 -.13279213825893E+02
 242 0.86043901641029E-01 0.34573996737646E-02 -.13200909460592E+02
 243 0.88169186011563E-01 0.37177731840152E-02 -.13135757204927E+02
 244 0.90346964906049E-01 0.39976365769391E-02 -.13084827048028E+02
 245 0.92578534939228E-01 0.42984333521847E-02 -.13049086870864E+02
 246 0.94865224752227E-01 0.46217119198299E-02 -.13029369976094E+02
 247 0.97208395803607E-01 0.49691329634668E-02 -.13026343478253E+02
 248 0.99609443179956E-01 0.53424772854800E-02 -.13040479029594E+02
 249 0.10206979642650E+00 0.57436541614139E-02 -.13072027438448E+02
 250 0.10459092039824E+00 0.61747102311498E-02 -.13120998711920E+02
 251 0.10717431613207E+00 0.66378389553658E-02 -.13187148908322E+02
 252 0.10982152174053E+00 0.71353906663787E-02 -.13269974913459E+02
 253 0.11253411332753E+00 0.76698832429749E-02 -.13368717869119E+02
 254 0.11531370592671E+00 0.82440134391588E-02 -.13482375506760E+02
 255 0.11816195446310E+00 0.88606688968761E-02 -.13609723112276E+02
 256 0.12108055473834E+00 0.95229408726437E-02 -.13749342315679E+02
 257 0.12407124444038E+00 0.10234137707595E-01 -.13899656412888E+02
 258 0.12713580417806E+00 0.10997799069684E-01 -.14058970532504E+02
 259 0.13027605854126E+00 0.11817710995592E-01 -.14225514695963E+02
 260 0.13349387718723E+00 0.12697921758231E-01 -.14397487707303E+02
 261 0.13679117595375E+00 0.13642758583486E-01 -.14573099854322E+02
 262 0.14016991799981E+00 0.14656845236952E-01 -.14750612593640E+02
 263 0.14363211497440E+00 0.15745120497769E-01 -.14928373701010E+02
 264 0.14717982821427E+00 0.16912857532166E-01 -.15104846757673E+02
 265 0.15081516997116E+00 0.18165684173760E-01 -.15278634271505E+02
 266 0.15454030466945E+00 0.19509604111038E-01 -.15448494157314E+02
 267 0.15835745019479E+00 0.20951018974464E-01 -.15613349688704E+02
 268 0.16226887921460E+00 0.22496751306233E-01 -.15772293358492E+02
 269 0.16627692053120E+00 0.24154068384552E-01 -.15924585330111E+02
 270 0.17038396046832E+00 0.25930706861374E-01 -.16069647323612E+02
 271 0.17459244429189E+00 0.27834898157327E-01 -.16207052860194E+02
 272 0.17890487766589E+00 0.29875394540127E-01 -.16336514798841E+02
 273 0.18332382814424E+00 0.32061495792544E-01 -.16457871051600E+02
 274 0.18785192669941E+00 0.34403076352850E-01 -.16571069276054E+02
 275 0.19249186928888E+00 0.36910612784211E-01 -.16676151229876E+02
 276 0.19724641846032E+00 0.39595211399376E-01 -.16773237346784E+02
 277 0.20211840499629E+00 0.42468635832799E-01 -.16862511966605E+02
 278 0.20711072959969E+00 0.45543334313761E-01 -.16944209533036E+02
 279 0.21222636462081E+00 0.48832466350534E-01 -.17018601966236E+02
 280 0.21746835582694E+00 0.52349928486818E-01 -.17085987326916E+02
 281 0.22283982421587E+00 0.56110378737143E-01 -.17146679815024E+02
 282 0.22834396787400E+00 0.60129259247111E-01 -.17201001089164E+02
 283 0.23398406388049E+00 0.64422816656921E-01 -.17249272851144E+02
 284 0.23976347025833E+00 0.69008119572033E-01 -.17291810611664E+02
 285 0.24568562797371E+00 0.73903072462813E-01 -.17328918535816E+02
 286 0.25175406298466E+00 0.79126425225030E-01 -.17360885258720E+02
 287 0.25797238834039E+00 0.84697777535093E-01 -.17387980560097E+02
 288 0.26434430633239E+00 0.90637577027545E-01 -.17410452790034E+02
 289 0.27087361069880E+00 0.96967110207694E-01 -.17428526945134E+02
 290 0.27756418888306E+00 0.10370848488942E+00 -.17442403303242E+02
 291 0.28442002434848E+00 0.11088460281761E+00 -.17452256535053E+02
 292 0.29144519894988E+00 0.11851912099691E+00 -.17458235221192E+02
 293 0.29864389536395E+00 0.12663640010479E+00 -.17460461713350E+02
 294 0.30602039957943E+00 0.13526143821847E+00 -.17459032287070E+02
 295 0.31357910344905E+00 0.14441978793452E+00 -.17454017541699E+02
 296 0.32132450730424E+00 0.15413745480899E+00 -.17445463009433E+02
 297 0.32926122263465E+00 0.16444077489889E+00 -.17433389940312E+02
 298 0.33739397483373E+00 0.17535626904661E+00 -.17417796233320E+02
 299 0.34572760601212E+00 0.18691047142259E+00 -.17398657485497E+02
 300 0.35426707788062E+00 0.19912972973566E+00 -.17375928131327E+02
 301 0.36301747470427E+00 0.21203997444199E+00 -.17349542643800E+02
 302 0.37198400632947E+00 0.22566645424230E+00 -.17319416766748E+02
 303 0.38117201128581E+00 0.24003343516447E+00 -.17285448745761E+02
 304 0.39058695996457E+00 0.25516386059692E+00 -.17247520522611E+02
 305 0.40023445787569E+00 0.27107896978315E+00 -.17205498856167E+02
 306 0.41012024898522E+00 0.28779787252568E+00 -.17159236331865E+02
 307 0.42025021913515E+00 0.30533707819782E+00 -.17108572222431E+02
 308 0.43063039954779E+00 0.32370997764498E+00 -.17053333165301E+02
 309 0.44126697041662E+00 0.34292627719614E+00 -.16993333627475E+02
 310 0.45216626458591E+00 0.36299138482526E+00 -.16928376136744E+02
 311 0.46333477132119E+00 0.38390574952583E+00 -.16858251269502E+02
 312 0.47477914017282E+00 0.40566415621542E+00 -.16782737399764E+02
 313 0.48650618493509E+00 0.42825497999374E+00 -.16701600231373E+02
 314 0.49852288770298E+00 0.45165940535930E+00 -.16614592155407E+02
 315 0.51083640302925E+00 0.47585061806214E+00 -.16521451497104E+02
 316 0.52345406218407E+00 0.50079297964336E+00 -.16421901740889E+02
 317 0.53638337752002E+00 0.52644119738553E+00 -.16315650847970E+02
 318 0.54963204694476E+00 0.55273950535812E+00 -.16202390808735E+02
 319 0.56320795850430E+00 0.57962087545768E+00 -.16081797602471E+02
 320 0.57711919507935E+00 0.60700628076065E+00 -.15953531771839E+02
 321 0.59137403919781E+00 0.63480403704897E+00 -.15817239862963E+02
 322 0.60598097796600E+00 0.66290925192410E+00 -.15672557042334E+02
 323 0.62094870812176E+00 0.69120341434862E+00 -.15519111295870E+02
 324 0.63628614121237E+00 0.71955416056065E+00 -.15356529782010E+02
 325 0.65200240890031E+00 0.74781525486903E+00 -.15184448246198E+02
 326 0.66810686840015E+00 0.77582682558800E+00 -.15002525184439E+02
 327 0.68460910804963E+00 0.80341589700140E+00 -.14810464557285E+02
 328 0.70151895301846E+00 0.83039725742054E+00 -.14608057404172E+02
 329 0.71884647115801E+00 0.85657470075558E+00 -.14395273867463E+02
 330 0.73660197899562E+00 0.88174267419944E+00 -.14172487829905E+02
 331 0.75479604787681E+00 0.90568835728494E+00 -.13940843425560E+02
 332 0.77343951025937E+00 0.92819418744065E+00 -.13701789529725E+02
 333 0.79254346616277E+00 0.94904083404785E+00 -.13454813756543E+02
 334 0.81211928977699E+00 0.96801060684329E+00 -.13197455875220E+02
 335 0.83217863623448E+00 0.98489126545740E+00 -.12927751146147E+02
 336 0.85273344854948E+00 0.99948017530057E+00 -.12644763388538E+02
 337 0.87379596472865E+00 0.10115887315619E+01 -.12348158467424E+02
 338 0.89537872505745E+00 0.10210469487264E+01 -.12037950636347E+02
 339 0.91749457956636E+00 0.10277080890232E+01 -.11714413219750E+02
 340 0.94015669568165E+00 0.10314531811628E+01 -.11378051496847E+02
 341 0.96337856606499E+00 0.10321952624246E+01 -.11029597572011E+02
 342 0.98717401664680E+00 0.10298831645693E+01 -.10670013225445E+02
 343 0.10115572148580E+01 0.10245046591376E+01 -.10300494938160E+02
 344 0.10365426780650E+01 0.10160887822299E+01 -.99224779817244E+01
 345 0.10621452822132E+01 0.10047071742118E+01 -.95376374815435E+01
 346 0.10883802706838E+01 0.99047429669918E+00 -.91478848218060E+01
 347 0.11152632633697E+01 0.97354642755634E+00 -.87553580295605E+01
 348 0.11428102659750E+01 0.95411938336392E+00 -.83624050014296E+01
 349 0.11710376795445E+01 0.93242497568798E+00 -.79715586901235E+01
 350 0.11999623102293E+01 0.90872626921383E+00 -.75855036875416E+01
 351 0.12296013792920E+01 0.88331177221686E+00 -.72070340442804E+01
 352 0.12599725333605E+01 0.85648874813559E+00 -.68390026490050E+01
 353 0.12910938549345E+01 0.82857588624450E+00 -.64842630288475E+01
 354 0.13229838731513E+01 0.79989560503247E+00 -.61456049698682E+01
 355 0.13556615748182E+01 0.77076631073561E+00 -.58256858134586E+01
 356 0.13891464157162E+01 0.74149476733458E+00 -.55269595601817E+01
 357 0.14234583321844E+01 0.71236907852262E+00 -.52516059090301E+01
 358 0.14586177529893E+01 0.68365232814381E+00 -.50014610179116E+01
 359 0.14946456114882E+01 0.65557713089921E+00 -.47779511151628E+01
 360 0.15315633580919E+01 0.62834120781463E+00 -.45820292687691E+01
 361 0.15693929730368E+01 0.60210405364528E+00 -.44141148939586E+01
 362 0.16081569794708E+01 0.57698471675252E+00 -.42740352454584E+01
 363 0.16478784568637E+01 0.55306068434362E+00 -.41609683398841E+01
 364 0.16885810547483E+01 0.53036786513126E+00 -.40733872850273E+01
 365 0.17302890068006E+01 0.50890169243622E+00 -.40090063788568E+01
 366 0.17730271452685E+01 0.48861943327678E+00 -.39647295284363E+01
 367 0.18168209157567E+01 0.46944387413425E+00 -.39366032647111E+01
 368 0.18616963923759E+01 0.45126863971094E+00 -.39197844664702E+01
 369 0.19076802932675E+01 0.43396544663023E+00 -.39085531000490E+01
 370 0.19547999965112E+01 0.41739353653848E+00 -.38964365454462E+01
 371 0.20030835564251E+01 0.40141128651876E+00 -.38765609237883E+01
 372 0.20525597202688E+01 0.38588947831265E+00 -.38423952248580E+01
 373 0.21032579453594E+01 0.37072466092376E+00 -.37890936954315E+01
 374 0.21552084166098E+01 0.35585005961921E+00 -.37156679613822E+01
 375 0.22084420645000E+01 0.34124131129268E+00 -.36282493473179E+01
 376 0.22629905834932E+01 0.32690119591227E+00 -.35397388487750E+01
 377 0.23188864509055E+01 0.31284013887475E+00 -.34535674265627E+01
 378 0.23761629462428E+01 0.29906863762182E+00 -.33696485272535E+01
 379 0.24348541710150E+01 0.28559633123152E+00 -.32878969284867E+01
 380 0.24949950690391E+01 0.27243203867377E+00 -.32082314912074E+01
 381 0.25566214472444E+01 0.25958379117708E+00 -.31305773272198E+01
 382 0.26197699969913E+01 0.24705885757767E+00 -.30548656213399E+01
 383 0.26844783159170E+01 0.23486376240716E+00 -.29810331976724E+01
 384 0.27507849303202E+01 0.22300429720842E+00 -.29090219242555E+01
 385 0.28187293180991E+01 0.21148552608857E+00 -.28387780473891E+01
 386 0.28883519322561E+01 0.20031178681431E+00 -.27702515291064E+01
 387 0.29596942249828E+01 0.18948668885984E+00 -.27033954380890E+01
 388 0.30327986723399E+01 0.17901310977800E+00 -.26381654220615E+01
 389 0.31077087995467E+01 0.16889319113493E+00 -.25745192717550E+01
 390 0.31844692068955E+01 0.15912833507093E+00 -.25124165740336E+01
 391 0.32631255963058E+01 0.14971920236041E+00 -.24518184443866E+01
 392 0.33437247985346E+01 0.14066571266344E+00 -.23926873256333E+01
 393 0.34263148010584E+01 0.13196704750256E+00 -.23349868391147E+01
 394 0.35109447766445E+01 0.12362165636561E+00 -.22786816757457E+01
 395 0.35976651126276E+01 0.11562726622663E+00 -.22237375162099E+01
 396 0.36865274409095E+01 0.10798089468969E+00 -.21701209717308E+01
 397 0.37775846687000E+01 0.10067886688700E+00 -.21177995388892E+01
 398 0.38708910100169E+01 0.93716836200445E-01 -.20667415637229E+01
 399 0.39665020179643E+01 0.87089808815966E-01 -.20169162117601E+01
 400 0.40644746178080E+01 0.80792172059842E-01 -.19682934417417E+01
 401 0.41648671408679E+01 0.74817726401904E-01 -.19208439815846E+01
 402 0.42677393592473E+01 0.69159720939066E-01 -.18745393057106E+01
 403 0.43731525214207E+01 0.63810892092721E-01 -.18293516132505E+01
 404 0.44811693886998E+01 0.58763505164840E-01 -.17852538068856E+01
 405 0.45918542726007E+01 0.54009398301362E-01 -.17422194722379E+01
 406 0.47052730731340E+01 0.49540028310381E-01 -.17002228578085E+01
 407 0.48214933180404E+01 0.45346517681386E-01 -.16592388555031E+01
 408 0.49405842029960E+01 0.41419702057819E-01 -.16192429817933E+01
 409 0.50626166328100E+01 0.37750177338718E-01 -.15802113595607E+01
 410 0.51876632636404E+01 0.34328345540112E-01 -.15421207006540E+01
 411 0.53157985462523E+01 0.31144458550588E-01 -.15049482891735E+01
 412 0.54470987703447E+01 0.28188658987938E-01 -.14686719654808E+01
 413 0.55816421099722E+01 0.25451017524831E-01 -.14332701109133E+01
 414 0.57195086700885E+01 0.22921566315704E-01 -.13987216331760E+01
 415 0.58607805342397E+01 0.20590328526242E-01 -.13650059523678E+01
 416 0.60055418134355E+01 0.18447344420269E-01 -.13321029876013E+01
 417 0.61538786962273E+01 0.16482694944709E-01 -.12999931441654E+01
 418 0.63058795000241E+01 0.14686524185016E-01 -.12686573011869E+01
 419 0.64616347236747E+01 0.13049062328452E-01 -.12380767997441E+01
 420 0.66212371013495E+01 0.11560650756317E-01 -.12082334313921E+01
 421 0.67847816577528E+01 0.10211770512453E-01 -.11791094270617E+01
 422 0.69523657646993E+01 0.89930746696460E-02 -.11506874463013E+01
 423 0.71240891990874E+01 0.78954241546815E-02 -.11229505668318E+01
 424 0.73000542023048E+01 0.69099256151235E-02 -.10958822743931E+01
 425 0.74803655411018E+01 0.60279691802612E-02 -.10694664528623E+01
 426 0.76651305699670E+01 0.52412637023715E-02 -.10436873746288E+01
 427 0.78544592950452E+01 0.45418673418356E-02 -.10185296912117E+01
 428 0.80484644396328E+01 0.39222120780374E-02 -.99397842411203E+00
 429 0.82472615112917E+01 0.33751216363177E-02 -.97001895588853E+00
 430 0.84509688706206E+01 0.28938231260194E-02 -.94663702145169E+00
 431 0.86597078017250E+01 0.24719531775534E-02 -.92381869956867E+00
 432 0.88736025844276E+01 0.21035595027406E-02 -.90155040457378E+00
 433 0.90927805682629E+01 0.17830986857403E-02 -.87981887827931E+00
 434 0.93173722482990E+01 0.15054308024878E-02 -.85861118208140E+00
 435 0.95475113428320E+01 0.12658112877805E-02 -.83791468925652E+00
 436 0.97833348729999E+01 0.10598803665508E-02 -.81771707744355E+00
 437 0.10024983244363E+02 0.88365032733234E-03 -.79800632130720E+00
 438 0.10272600330499E+02 0.73349091143511E-03 -.77877068537833E+00
 439 0.10526333558662E+02 0.60611309798649E-03 -.75999871706677E+00
 440 0.10786333997561E+02 0.49855157159615E-03 -.74167923984265E+00
 441 0.11052756447301E+02 0.40814616204007E-03 -.72380134658207E+00
 442 0.11325759531549E+02 0.33252254300465E-03 -.70635439307316E+00
 443 0.11605505791978E+02 0.26957246947282E-03 -.68932799167870E+00
 444 0.11892161785040E+02 0.21743382098580E-03 -.67271200515146E+00
 445 0.12185898181131E+02 0.17447070119865E-03 -.65649654059867E+00
 446 0.12486889866205E+02 0.13925382344363E-03 -.64067194359195E+00
 447 0.12795316045900E+02 0.11054138812825E-03 -.62522879241919E+00
 448 0.13111360352234E+02 0.87260631512385E-04 -.61015789247506E+00
 449 0.13435210952934E+02 0.68490197560632E-04 -.59545027078663E+00
 450 0.13767060663471E+02 0.53443455986981E-04 -.58109717067106E+00
 451 0.14107107061859E+02 0.41452861097318E-04 -.56709004652196E+00
 452 0.14455552606287E+02 0.31955418329686E-04 -.55342055872154E+00
 453 0.14812604755662E+02 0.24479299140433E-04 -.54008056867526E+00
 454 0.15178476093127E+02 0.18631620630911E-04 -.52706213396630E+00
 455 0.15553384452627E+02 0.14087384482230E-04 -.51435750362672E+00
 456 0.15937553048607E+02 0.10579550670753E-04 -.50195911352270E+00
 457 0.16331210608908E+02 0.78902052714197E-05 -.48985958185099E+00
 458 0.16734591510948E+02 0.58427684471777E-05 -.47805170474381E+00
 459 0.17147935921268E+02 0.42951787137311E-05 -.46652845197991E+00
 460 0.17571489938524E+02 0.31339813877212E-05 -.45528296279878E+00
 461 0.18005505740005E+02 0.22692469396464E-05 -.44430854181593E+00
 462 0.18450241731783E+02 0.16302378699445E-05 -.43359865503652E+00
 463 0.18905962702558E+02 0.11617492507072E-05 -.42314692596518E+00
 464 0.19372939981312E+02 0.82103640107203E-06 -.41294713180949E+00
 465 0.19851451598850E+02 0.00000000000000E+00 -.40299319977505E+00
 466 0.20341782453342E+02 0.00000000000000E+00 -.39327920344984E+00
 467 0.20844224479939E+02 0.00000000000000E+00 -.38379935927573E+00
 468 0.21359076824594E+02 0.00000000000000E+00 -.37454802310503E+00
 469 0.21886646022161E+02 0.00000000000000E+00 -.36551968684008E+00
 470 0.22427246178908E+02 0.00000000000000E+00 -.35670897515378E+00
 471 0.22981199159527E+02 0.00000000000000E+00 -.34811064228924E+00
 472 0.23548834778768E+02 0.00000000000000E+00 -.33971956893651E+00
 473 0.24130490997803E+02 0.00000000000000E+00 -.33153075918465E+00
 474 0.24726514125449E+02 0.00000000000000E+00 -.32353933754723E+00
 475 0.25337259024348E+02 0.00000000000000E+00 -.31574054605956E+00
 476 0.25963089322249E+02 0.00000000000000E+00 -.30812974144585E+00
 477 0.26604377628509E+02 0.00000000000000E+00 -.30070239235468E+00
 478 0.27261505755933E+02 0.00000000000000E+00 -.29345407666115E+00
 479 0.27934864948104E+02 0.00000000000000E+00 -.28638047883396E+00
 480 0.28624856112322E+02 0.00000000000000E+00 -.27947738736602E+00
 481 0.29331890058297E+02 0.00000000000000E+00 -.27274069226702E+00
 482 0.30056387742737E+02 0.00000000000000E+00 -.26616638261639E+00
 483 0.30798780519982E+02 0.00000000000000E+00 -.25975054417527E+00
 484 0.31559510398826E+02 0.00000000000000E+00 -.25348935705598E+00
 485 0.32339030305677E+02 0.00000000000000E+00 -.24737909344782E+00
 486 0.33137804354227E+02 0.00000000000000E+00 -.24141611539750E+00
 487 0.33956308121777E+02 0.00000000000000E+00 -.23559687264322E+00
 488 0.34795028932384E+02 0.00000000000000E+00 -.22991790050085E+00
 489 0.35654466147014E+02 0.00000000000000E+00 -.22437581780116E+00
 490 0.36535131460846E+02 0.00000000000000E+00 -.21896732487670E+00
 491 0.37437549207928E+02 0.00000000000000E+00 -.21368920159725E+00
 492 0.38362256673364E+02 0.00000000000000E+00 -.20853830545257E+00
 493 0.39309804413196E+02 0.00000000000000E+00 -.20351156968144E+00
 494 0.40280756582202E+02 0.00000000000000E+00 -.19860600144573E+00
 495 0.41275691269783E+02 0.00000000000000E+00 -.19381868004853E+00
 496 0.42295200844146E+02 0.00000000000000E+00 -.18914675519521E+00
 497 0.43339892304997E+02 0.00000000000000E+00 -.18458744529639E+00
 498 0.44410387644930E+02 0.00000000000000E+00 -.18013803581184E+00
 499 0.45507324219760E+02 0.00000000000000E+00 -.17579587763427E+00
 500 0.46631355127988E+02 0.00000000000000E+00 -.17155838551212E+00
 501 0.47783149599649E+02 0.00000000000000E+00 -.16742303651032E+00
 502 0.48963393394761E+02 0.00000000000000E+00 -.16338736850816E+00
 503 0.50172789211611E+02 0.00000000000000E+00 -.15944897873345E+00
 504 0.51412057105138E+02 0.00000000000000E+00 -.15560552233185E+00
 505 0.52681934915635E+02 0.00000000000000E+00 -.15185471097087E+00
 506 0.53983178708051E+02 0.00000000000000E+00 -.14819431147738E+00
 507 0.55316563222140E+02 0.00000000000000E+00 -.14462214450803E+00
 508 0.56682882333727E+02 0.00000000000000E+00 -.14113608325171E+00
 509 0.58082949527370E+02 0.00000000000000E+00 -.13773405216328E+00
 510 0.59517598380696E+02 0.00000000000000E+00 -.13441402572780E+00
 511 0.60987683060699E+02 0.00000000000000E+00 -.13117402725462E+00
 512 0.62494078832298E+02 0.00000000000000E+00 -.12801212770042E+00
 513 0.64037682579456E+02 0.00000000000000E+00 -.12492644452075E+00
 514 0.65619413339169E+02 0.00000000000000E+00 -.12191514054919E+00
 515 0.67240212848646E+02 0.00000000000000E+00 -.11897642290347E+00
 516 0.68901046106008E+02 0.00000000000000E+00 -.11610854191809E+00
 517 0.70602901944826E+02 0.00000000000000E+00 -.11330979010256E+00
 518 0.72346793622863E+02 0.00000000000000E+00 -.11057850112478E+00
 519 0.74133759425348E+02 0.00000000000000E+00 -.10791304881895E+00
 520 0.75964863283154E+02 0.00000000000000E+00 -.10531184621738E+00
 521 0.77841195406248E+02 0.00000000000000E+00 -.10277334460562E+00
