#   495 0.10247000000000E+01 0   1.0460 0.40000000000000E+01
   1 0.44642857142857E-03 0.93227169305065E-04 0.14988500900372E+01
   2 0.45745535714286E-03 0.95529880386901E-04 0.14988505589086E+01
   3 0.46875450446429E-03 0.97889468432457E-04 0.14988510451895E+01
   4 0.48033274072455E-03 0.10030733830274E-03 0.14988515495208E+01
   5 0.49219695942045E-03 0.10278492962087E-03 0.14988520722675E+01
   6 0.50435422431814E-03 0.10532371757004E-03 0.14988526138796E+01
   7 0.51681177365879E-03 0.10792521369498E-03 0.14988531751503E+01
   8 0.52957702446817E-03 0.11059096690040E-03 0.14988537568018E+01
   9 0.54265757697253E-03 0.11332256434580E-03 0.14988543595861E+01
  10 0.55606121912375E-03 0.11612163239417E-03 0.14988549842880E+01
  11 0.56979593123611E-03 0.11898983758047E-03 0.14988556317188E+01
  12 0.58386989073764E-03 0.12192888760391E-03 0.14988563027217E+01
  13 0.59829147703886E-03 0.12494053234478E-03 0.14988569981724E+01
  14 0.61306927652172E-03 0.12802656490636E-03 0.14988577189748E+01
  15 0.62821208765180E-03 0.13118882268265E-03 0.14988584660631E+01
  16 0.64372892621680E-03 0.13442918845240E-03 0.14988592404061E+01
  17 0.65962903069436E-03 0.13774959150021E-03 0.14988600430153E+01
  18 0.67592186775251E-03 0.14115200876529E-03 0.14988608749289E+01
  19 0.69261713788600E-03 0.14463846601867E-03 0.14988617372254E+01
  20 0.70972478119178E-03 0.14821103906944E-03 0.14988626310261E+01
  21 0.72725498328722E-03 0.15187185500078E-03 0.14988635574884E+01
  22 0.74521818137441E-03 0.15562309343655E-03 0.14988645178136E+01
  23 0.76362507045436E-03 0.15946698783925E-03 0.14988655132419E+01
  24 0.78248660969458E-03 0.16340582683987E-03 0.14988665450648E+01
  25 0.80181402895404E-03 0.16744195560080E-03 0.14988676146174E+01
  26 0.82161883546920E-03 0.17157777721224E-03 0.14988687232792E+01
  27 0.84191282070529E-03 0.17581575412327E-03 0.14988698724840E+01
  28 0.86270806737671E-03 0.18015840960815E-03 0.14988710637156E+01
  29 0.88401695664092E-03 0.18460832926892E-03 0.14988722985109E+01
  30 0.90585217546995E-03 0.18916816257515E-03 0.14988735784594E+01
  31 0.92822672420406E-03 0.19384062444165E-03 0.14988749052124E+01
  32 0.95115392429190E-03 0.19862849684527E-03 0.14988762804761E+01
  33 0.97464742622191E-03 0.20353463048160E-03 0.14988777060178E+01
  34 0.99872121764959E-03 0.20856194646259E-03 0.14988791836715E+01
  35 0.10233896317255E-02 0.21371343805617E-03 0.14988807153321E+01
  36 0.10486673556292E-02 0.21899217246888E-03 0.14988823029656E+01
  37 0.10745694393132E-02 0.22440129267246E-03 0.14988839486078E+01
  38 0.11011113044642E-02 0.22994401927571E-03 0.14988856543620E+01
  39 0.11283087536845E-02 0.23562365244248E-03 0.14988874224109E+01
  40 0.11561779799005E-02 0.24144357385723E-03 0.14988892550163E+01
  41 0.11847355760040E-02 0.24740724873900E-03 0.14988911545143E+01
  42 0.12139985447313E-02 0.25351822790529E-03 0.14988931233282E+01
  43 0.12439843087862E-02 0.25978014988693E-03 0.14988951639671E+01
  44 0.12747107212132E-02 0.26619674309516E-03 0.14988972790232E+01
  45 0.13061960760272E-02 0.27277182804239E-03 0.14988994711875E+01
  46 0.13384591191051E-02 0.27950931961780E-03 0.14989017432413E+01
  47 0.13715190593470E-02 0.28641322941918E-03 0.14989040980649E+01
  48 0.14053955801128E-02 0.29348766814251E-03 0.14989065386396E+01
  49 0.14401088509416E-02 0.30073684803055E-03 0.14989090680525E+01
  50 0.14756795395599E-02 0.30816508538200E-03 0.14989116894966E+01
  51 0.15121288241870E-02 0.31577680312269E-03 0.14989144062772E+01
  52 0.15494784061444E-02 0.32357653344043E-03 0.14989172218175E+01
  53 0.15877505227762E-02 0.33156892048492E-03 0.14989201396563E+01
  54 0.16269679606888E-02 0.33975872313452E-03 0.14989231634577E+01
  55 0.16671540693178E-02 0.34815081783143E-03 0.14989262970141E+01
  56 0.17083327748299E-02 0.35675020148695E-03 0.14989295442458E+01
  57 0.17505285943682E-02 0.36556199445874E-03 0.14989329092135E+01
  58 0.17937666506491E-02 0.37459144360160E-03 0.14989363961137E+01
  59 0.18380726869201E-02 0.38384392539383E-03 0.14989400092904E+01
  60 0.18834730822871E-02 0.39332494914090E-03 0.14989437532366E+01
  61 0.19299948674196E-02 0.40304016025843E-03 0.14989476325992E+01
  62 0.19776657406448E-02 0.41299534363642E-03 0.14989516521845E+01
  63 0.20265140844388E-02 0.42319642708671E-03 0.14989558169630E+01
  64 0.20765689823244E-02 0.43364948487588E-03 0.14989601320748E+01
  65 0.21278602361878E-02 0.44436074134545E-03 0.14989646028367E+01
  66 0.21804183840216E-02 0.45533657462192E-03 0.14989692347424E+01
  67 0.22342747181070E-02 0.46658352041850E-03 0.14989740334740E+01
  68 0.22894613036442E-02 0.47810827593111E-03 0.14989790049064E+01
  69 0.23460109978442E-02 0.48991770383084E-03 0.14989841551098E+01
  70 0.24039574694910E-02 0.50201883635531E-03 0.14989894903603E+01
  71 0.24633352189874E-02 0.51441887950142E-03 0.14989950171447E+01
  72 0.25241795988964E-02 0.52712521732198E-03 0.14990007421647E+01
  73 0.25865268349891E-02 0.54014541632887E-03 0.14990066723457E+01
  74 0.26504140478134E-02 0.55348723000526E-03 0.14990128148437E+01
  75 0.27158792747944E-02 0.56715860342983E-03 0.14990191770517E+01
  76 0.27829614928818E-02 0.58116767801553E-03 0.14990257666051E+01
  77 0.28517006417560E-02 0.59552279636598E-03 0.14990325913912E+01
  78 0.29221376476073E-02 0.61023250725230E-03 0.14990396595561E+01
  79 0.29943144475032E-02 0.62530557071342E-03 0.14990469795104E+01
  80 0.30682740143566E-02 0.64075096328298E-03 0.14990545599392E+01
  81 0.31440603825112E-02 0.65657788334604E-03 0.14990624098087E+01
  82 0.32217186739592E-02 0.67279575662870E-03 0.14990705383721E+01
  83 0.33012951252060E-02 0.68941424182421E-03 0.14990789551821E+01
  84 0.33828371147986E-02 0.70644323635870E-03 0.14990876700962E+01
  85 0.34663931915341E-02 0.72389288230030E-03 0.14990966932847E+01
  86 0.35520131033650E-02 0.74177357241519E-03 0.14991060352399E+01
  87 0.36397478270181E-02 0.76009595637408E-03 0.14991157067853E+01
  88 0.37296495983455E-02 0.77887094711331E-03 0.14991257190831E+01
  89 0.38217719434246E-02 0.79810972735404E-03 0.14991360836437E+01
  90 0.39161697104272E-02 0.81782375628383E-03 0.14991468123343E+01
  91 0.40128991022747E-02 0.83802477640461E-03 0.14991579173874E+01
  92 0.41120177101009E-02 0.85872482055122E-03 0.14991694114114E+01
  93 0.42135845475404E-02 0.87993621908488E-03 0.14991813073975E+01
  94 0.43176600858647E-02 0.90167160726609E-03 0.14991936187297E+01
  95 0.44243062899855E-02 0.92394393281138E-03 0.14992063591952E+01
  96 0.45335866553482E-02 0.94676646363872E-03 0.14992195429920E+01
  97 0.46455662457353E-02 0.97015279580633E-03 0.14992331847374E+01
  98 0.47603117320049E-02 0.99411686164985E-03 0.14992472994797E+01
  99 0.48778914317854E-02 0.10186729381229E-02 0.14992619027055E+01
 100 0.49983753501505E-02 0.10438356553465E-02 0.14992770103485E+01
 101 0.51218352212993E-02 0.10696200053719E-02 0.14992926387992E+01
 102 0.52483445512654E-02 0.10960413511637E-02 0.14993088049129E+01
 103 0.53779786616816E-02 0.11231154358075E-02 0.14993255260191E+01
 104 0.55108147346251E-02 0.11508583919487E-02 0.14993428199298E+01
 105 0.56469318585704E-02 0.11792867514685E-02 0.14993607049468E+01
 106 0.57864110754771E-02 0.12084174554021E-02 0.14993791998702E+01
 107 0.59293354290414E-02 0.12382678641074E-02 0.14993983240065E+01
 108 0.60757900141387E-02 0.12688557676889E-02 0.14994180971740E+01
 109 0.62258620274879E-02 0.13001993966842E-02 0.14994385397119E+01
 110 0.63796408195669E-02 0.13323174330201E-02 0.14994596724849E+01
 111 0.65372179478102E-02 0.13652290212449E-02 0.14994815168892E+01
 112 0.66986872311211E-02 0.13989537800448E-02 0.14995040948584E+01
 113 0.68641448057298E-02 0.14335118140514E-02 0.14995274288671E+01
 114 0.70336891824313E-02 0.14689237259481E-02 0.14995515419350E+01
 115 0.72074213052373E-02 0.15052106288833E-02 0.14995764576299E+01
 116 0.73854446114767E-02 0.15423941591992E-02 0.14996022000699E+01
 117 0.75678650933802E-02 0.15804964894835E-02 0.14996287939229E+01
 118 0.77547913611867E-02 0.16195403419534E-02 0.14996562644092E+01
 119 0.79463347078080E-02 0.16595490021812E-02 0.14996846372972E+01
 120 0.81426091750908E-02 0.17005463331698E-02 0.14997139389028E+01
 121 0.83437316217156E-02 0.17425567897879E-02 0.14997441960844E+01
 122 0.85498217927719E-02 0.17856054335758E-02 0.14997754362379E+01
 123 0.87610023910534E-02 0.18297179479299E-02 0.14998076872882E+01
 124 0.89773991501124E-02 0.18749206536786E-02 0.14998409776810E+01
 125 0.91991409091202E-02 0.19212405250582E-02 0.14998753363713E+01
 126 0.94263596895755E-02 0.19687052061018E-02 0.14999107928092E+01
 127 0.96591907739080E-02 0.20173430274517E-02 0.14999473769255E+01
 128 0.98977727860235E-02 0.20671830236078E-02 0.14999851191120E+01
 129 0.10142247773838E-01 0.21182549506230E-02 0.15000240502012E+01
 130 0.10392761293852E-01 0.21705893042606E-02 0.15000642014414E+01
 131 0.10649462497810E-01 0.22242173386247E-02 0.15001056044705E+01
 132 0.10912504221506E-01 0.22791710852785E-02 0.15001482912842E+01
 133 0.11182043075777E-01 0.23354833728641E-02 0.15001922942018E+01
 134 0.11458239539749E-01 0.23931878472386E-02 0.15002376458284E+01
 135 0.11741258056381E-01 0.24523189921418E-02 0.15002843790107E+01
 136 0.12031267130373E-01 0.25129121504108E-02 0.15003325267909E+01
 137 0.12328439428494E-01 0.25750035457583E-02 0.15003821223539E+01
 138 0.12632951882377E-01 0.26386303051310E-02 0.15004331989694E+01
 139 0.12944985793872E-01 0.27038304816662E-02 0.15004857899290E+01
 140 0.13264726942981E-01 0.27706430782646E-02 0.15005399284766E+01
 141 0.13592365698472E-01 0.28391080717977E-02 0.15005956477324E+01
 142 0.13928097131225E-01 0.29092664379712E-02 0.15006529806105E+01
 143 0.14272121130366E-01 0.29811601768623E-02 0.15007119597281E+01
 144 0.14624642522286E-01 0.30548323391549E-02 0.15007726173077E+01
 145 0.14985871192586E-01 0.31303270530931E-02 0.15008349850702E+01
 146 0.15356022211043E-01 0.32076895521770E-02 0.15008990941195E+01
 147 0.15735315959656E-01 0.32869662036248E-02 0.15009649748167E+01
 148 0.16123978263860E-01 0.33682045376258E-02 0.15010326566447E+01
 149 0.16522240526977E-01 0.34514532774118E-02 0.15011021680621E+01
 150 0.16930339867993E-01 0.35367623701729E-02 0.15011735363444E+01
 151 0.17348519262733E-01 0.36241830188478E-02 0.15012467874133E+01
 152 0.17777027688522E-01 0.37137677148170E-02 0.15013219456536E+01
 153 0.18216120272429E-01 0.38055702715316E-02 0.15013990337144E+01
 154 0.18666058443158E-01 0.38996458591101E-02 0.15014780722970E+01
 155 0.19127110086704E-01 0.39960510399370E-02 0.15015590799258E+01
 156 0.19599549705845E-01 0.40948438052997E-02 0.15016420727030E+01
 157 0.20083658583580E-01 0.41960836131019E-02 0.15017270640443E+01
 158 0.20579724950594E-01 0.42998314266919E-02 0.15018140643975E+01
 159 0.21088044156874E-01 0.44061497548485E-02 0.15019030809385E+01
 160 0.21608918847549E-01 0.45151026929677E-02 0.15019941172481E+01
 161 0.22142659143083E-01 0.46267559654959E-02 0.15020871729641E+01
 162 0.22689582823917E-01 0.47411769696582E-02 0.15021822434106E+01
 163 0.23250015519668E-01 0.48584348205329E-02 0.15022793192009E+01
 164 0.23824290903004E-01 0.49786003975245E-02 0.15023783858139E+01
 165 0.24412750888308E-01 0.51017463922931E-02 0.15024794231408E+01
 166 0.25015745835249E-01 0.52279473581985E-02 0.15025824050025E+01
 167 0.25633634757380E-01 0.53572797613223E-02 0.15026872986337E+01
 168 0.26266785535887E-01 0.54898220331332E-02 0.15027940641332E+01
 169 0.26915575138623E-01 0.56256546248670E-02 0.15029026538780E+01
 170 0.27580389844547E-01 0.57648600636933E-02 0.15030130118991E+01
 171 0.28261625473708E-01 0.59075230107483E-02 0.15031250732162E+01
 172 0.28959687622908E-01 0.60537303211156E-02 0.15032387631306E+01
 173 0.29674991907194E-01 0.62035711058421E-02 0.15033539964714E+01
 174 0.30407964207302E-01 0.63571367960831E-02 0.15034706767944E+01
 175 0.31159040923222E-01 0.65145212094719E-02 0.15035886955305E+01
 176 0.31928669234026E-01 0.66758206188208E-02 0.15037079310794E+01
 177 0.32717307364106E-01 0.68411338232620E-02 0.15038282478476E+01
 178 0.33525424856000E-01 0.70105622219457E-02 0.15039494952264E+01
 179 0.34353502849943E-01 0.71842098904201E-02 0.15040715065054E+01
 180 0.35202034370336E-01 0.73621836598248E-02 0.15041940977207E+01
 181 0.36071524619284E-01 0.75445931990381E-02 0.15043170664322E+01
 182 0.36962491277380E-01 0.77315510999281E-02 0.15044401904251E+01
 183 0.37875464811931E-01 0.79231729658643E-02 0.15045632263351E+01
 184 0.38810988792786E-01 0.81195775036610E-02 0.15046859081886E+01
 185 0.39769620215968E-01 0.83208866191308E-02 0.15048079458567E+01
 186 0.40751929835302E-01 0.85272255164401E-02 0.15049290234172E+01
 187 0.41758502502234E-01 0.87387228014710E-02 0.15050487974188E+01
 188 0.42789937514039E-01 0.89555105894067E-02 0.15051668950440E+01
 189 0.43846848970636E-01 0.91777246167731E-02 0.15052829121636E+01
 190 0.44929866140211E-01 0.94055043581841E-02 0.15053964112789E+01
 191 0.46039633833874E-01 0.96389931480539E-02 0.15055069193441E+01
 192 0.47176812789571E-01 0.98783383075603E-02 0.15056139254642E+01
 193 0.48342080065473E-01 0.10123691277158E-01 0.15057168784612E+01
 194 0.49536129443090E-01 0.10375207754968E-01 0.15058151843025E+01
 195 0.50759671840335E-01 0.10633047841378E-01 0.15059082033841E+01
 196 0.52013435734791E-01 0.10897376190238E-01 0.15059952476622E+01
 197 0.53298167597440E-01 0.11168362167025E-01 0.15060755776264E+01
 198 0.54614632337097E-01 0.11446180014411E-01 0.15061483991047E+01
 199 0.55963613755823E-01 0.11731009025684E-01 0.15062128598960E+01
 200 0.57345915015592E-01 0.12023033726496E-01 0.15062680462190E+01
 201 0.58762359116477E-01 0.12322444065462E-01 0.15063129789709E+01
 202 0.60213789386654E-01 0.12629435614153E-01 0.15063466097879E+01
 203 0.61701069984505E-01 0.12944209777096E-01 0.15063678168973E+01
 204 0.63225086413122E-01 0.13266974012383E-01 0.15063754007539E+01
 205 0.64786746047526E-01 0.13597942063599E-01 0.15063680794506E+01
 206 0.66386978674900E-01 0.13937334203779E-01 0.15063444838954E+01
 207 0.68026737048170E-01 0.14285377492180E-01 0.15063031527426E+01
 208 0.69706997453260E-01 0.14642306044714E-01 0.15062425270717E+01
 209 0.71428760290355E-01 0.15008361318919E-01 0.15061609448008E+01
 210 0.73193050669527E-01 0.15383792414461E-01 0.15060566348270E+01
 211 0.75000919021064E-01 0.15768856390170E-01 0.15059277108797E+01
 212 0.76853441720885E-01 0.16163818598748E-01 0.15057721650778E+01
 213 0.78751721731390E-01 0.16568953040314E-01 0.15055878611777E+01
 214 0.80696889258156E-01 0.16984542736087E-01 0.15053725274987E+01
 215 0.82690102422832E-01 0.17410880123559E-01 0.15051237495124E+01
 216 0.84732547952676E-01 0.17848267474652E-01 0.15048389620801E+01
 217 0.86825441887107E-01 0.18297017338420E-01 0.15045154413217E+01
 218 0.88970030301719E-01 0.18757453010016E-01 0.15041502960963E+01
 219 0.91167590050171E-01 0.19229909027731E-01 0.15037404590747E+01
 220 0.93419429524410E-01 0.19714731700083E-01 0.15032826773772E+01
 221 0.95726889433663E-01 0.20212279665049E-01 0.15027735027505E+01
 222 0.98091343602675E-01 0.20722924483717E-01 0.15022092812514E+01
 223 0.10051419978966E+00 0.21247051270777E-01 0.15015861424010E+01
 224 0.10299690052447E+00 0.21785059364481E-01 0.15008999877659E+01
 225 0.10554092396742E+00 0.22337363038869E-01 0.15001464789205E+01
 226 0.10814778478942E+00 0.22904392261286E-01 0.14993210247338E+01
 227 0.11081903507371E+00 0.23486593498443E-01 0.14984187679191E+01
 228 0.11355626524003E+00 0.24084430574501E-01 0.14974345707777E+01
 229 0.11636110499146E+00 0.24698385584933E-01 0.14963630000594E+01
 230 0.11923522428475E+00 0.25328959870200E-01 0.14951983108559E+01
 231 0.12218033432459E+00 0.25976675053576E-01 0.14939344294384E+01
 232 0.12519818858240E+00 0.26642074147767E-01 0.14925649349474E+01
 233 0.12829058384039E+00 0.27325722735355E-01 0.14910830398399E+01
 234 0.13145936126125E+00 0.28028210228432E-01 0.14894815690062E+01
 235 0.13470640748440E+00 0.28750151213216E-01 0.14877529374758E+01
 236 0.13803365574926E+00 0.29492186885867E-01 0.14858891266479E+01
 237 0.14144308704627E+00 0.30254986586185E-01 0.14838816590064E+01
 238 0.14493673129631E+00 0.31039249436364E-01 0.14817215713118E+01
 239 0.14851666855933E+00 0.31845706092516E-01 0.14793993863020E+01
 240 0.15218503027275E+00 0.32675120617251E-01 0.14769050829848E+01
 241 0.15594400052048E+00 0.33528292482197E-01 0.14742280656477E+01
 242 0.15979581733334E+00 0.34406058710024E-01 0.14713571317866E+01
 243 0.16374277402147E+00 0.35309296166207E-01 0.14682804391725E+01
 244 0.16778722053980E+00 0.36238924011533E-01 0.14649854723325E+01
 245 0.17193156488714E+00 0.37195906327161E-01 0.14614590087250E+01
 246 0.17617827453985E+00 0.38181254924869E-01 0.14576870848731E+01
 247 0.18052987792098E+00 0.39196032356071E-01 0.14536549626670E+01
 248 0.18498896590563E+00 0.40241355134143E-01 0.14493470959494E+01
 249 0.18955819336350E+00 0.41318397185617E-01 0.14447470973671E+01
 250 0.19424028073958E+00 0.42428393546942E-01 0.14398377053020E+01
 251 0.19903801567385E+00 0.43572644324629E-01 0.14346007505079E+01
 252 0.20395425466099E+00 0.44752518937885E-01 0.14290171218875E+01
 253 0.20899192475112E+00 0.45969460664111E-01 0.14230667306654E+01
 254 0.21415402529247E+00 0.47224991509033E-01 0.14167284720668E+01
 255 0.21944362971719E+00 0.48520717424683E-01 0.14099801835089E+01
 256 0.22486388737121E+00 0.49858333899949E-01 0.14027985982655E+01
 257 0.23041802538928E+00 0.51239631949987E-01 0.13951592935671E+01
 258 0.23610935061639E+00 0.52666504532418E-01 0.13870366321529E+01
 259 0.24194125157662E+00 0.54140953419895E-01 0.13784036963779E+01
 260 0.24791720049056E+00 0.55665096560312E-01 0.13692322140927E+01
 261 0.25404075534268E+00 0.57241175957637E-01 0.13594924756365E+01
 262 0.26031556199964E+00 0.58871566108037E-01 0.13491532414143E+01
 263 0.26674535638103E+00 0.60558783027598E-01 0.13381816396547E+01
 264 0.27333396668364E+00 0.62305493909498E-01 0.13265430540675E+01
 265 0.28008531566073E+00 0.64114527449909E-01 0.13142010012459E+01
 266 0.28700342295755E+00 0.65988884883098E-01 0.13011169977875E+01
 267 0.29409240750460E+00 0.67931751767188E-01 0.12872504172517E+01
 268 0.30135648996997E+00 0.69946510562542E-01 0.12725583372423E+01
 269 0.30879999527222E+00 0.72036754044875E-01 0.12569953771015E+01
 270 0.31642735515545E+00 0.74206299594629E-01 0.12405135269448E+01
 271 0.32424311082779E+00 0.76459204402815E-01 0.12230619690569E+01
 272 0.33225191566523E+00 0.78799781631178E-01 0.12045868930171E+01
 273 0.34045853798216E+00 0.81232617560989E-01 0.11850313063319E+01
 274 0.34886786387032E+00 0.83762589759616E-01 0.11643348428339E+01
 275 0.35748490010792E+00 0.86394886287018E-01 0.11424335716578E+01
 276 0.36631477714059E+00 0.89135025955038E-01 0.11192598102388E+01
 277 0.37536275213596E+00 0.91988879640223E-01 0.10947419454884E+01
 278 0.38463421211372E+00 0.94962692635488E-01 0.10688042681059E+01
 279 0.39413467715293E+00 0.98063108006440E-01 0.10413668258625E+01
 280 0.40386980367860E+00 0.10129719089391E+00 0.10123453026695E+01
 281 0.41384538782946E+00 0.10467245367423E+00 0.98165093129542E+00
 282 0.42406736890885E+00 0.10819688185211E+00 0.94919044873046E+00
 283 0.43454183292090E+00 0.11187896051625E+00 0.91486610440825E+00
 284 0.44527501619405E+00 0.11572770113404E+00 0.87857573276598E+00
 285 0.45627330909404E+00 0.11975266839685E+00 0.84021290294617E+00
 286 0.46754325982866E+00 0.12396400675053E+00 0.79966715979546E+00
 287 0.47909157834643E+00 0.12837246615411E+00 0.75682437167197E+00
 288 0.49092514033159E+00 0.13298942650220E+00 0.71156720190133E+00
 289 0.50305099129778E+00 0.13782692002034E+00 0.66377572198061E+00
 290 0.51547635078283E+00 0.14289765079603E+00 0.61332818576975E+00
 291 0.52820861664717E+00 0.14821501043839E+00 0.56010198486779E+00
 292 0.54125536947835E+00 0.15379308866510E+00 0.50397480607388E+00
 293 0.55462437710447E+00 0.15964667739382E+00 0.44482601218944E+00
 294 0.56832359921895E+00 0.16579126666527E+00 0.38253826732347E+00
 295 0.58236119211966E+00 0.17224303044683E+00 0.31699942719471E+00
 296 0.59674551356501E+00 0.17901880005690E+00 0.24810471353954E+00
 297 0.61148512775007E+00 0.18613602261591E+00 0.17575918947121E+00
 298 0.62658881040550E+00 0.19361270157043E+00 0.99880549312626E-01
 299 0.64206555402251E+00 0.20146731596126E+00 0.20402231840893E-01
 300 0.65792457320687E+00 0.20971871472223E+00 -.62723140177854E-01
 301 0.67417531016508E+00 0.21838598191885E+00 -.14951999904428E+00
 302 0.69082744032615E+00 0.22748826848409E+00 -.23998576433389E+00
 303 0.70789087810221E+00 0.23704458570772E+00 -.33408649453734E+00
 304 0.72537578279133E+00 0.24707355551908E+00 -.43175229905310E+00
 305 0.74329256462628E+00 0.25759311251366E+00 -.53287256662007E+00
 306 0.76165189097255E+00 0.26862015276149E+00 -.63729108684079E+00
 307 0.78046469267957E+00 0.28017012476295E+00 -.74480116142397E+00
 308 0.79974217058876E+00 0.29225655855608E+00 -.85514082464914E+00
 309 0.81949580220230E+00 0.30489053000950E+00 -.96798831725046E+00
 310 0.83973734851670E+00 0.31808005884522E+00 -.10829579816308E+01
 311 0.86047886102506E+00 0.33182944101558E+00 -.11995967698860E+01
 312 0.88173268889238E+00 0.34613851879742E+00 -.13173815770677E+01
 313 0.90351148630802E+00 0.36100189544140E+00 -.14357176294725E+01
 314 0.92582822001983E+00 0.37640810547978E+00 -.15539381710860E+01
 315 0.94869617705432E+00 0.39233875687042E+00 -.16713056972935E+01
 316 0.97212897262756E+00 0.40876766700227E+00 -.17870150050327E+01
 317 0.99614055825146E+00 0.42566001813351E+00 -.19002397512017E+01
 318 0.10207452300403E+01 0.44297156252062E+00 -.20100280309815E+01
 319 0.10459576372223E+01 0.46064793582484E+00 -.21153967205146E+01
 320 0.10717927908617E+01 0.47862413806348E+00 -.22153453880987E+01
 321 0.10982660727959E+01 0.49682420195363E+00 -.23088587218164E+01
 322 0.11253932447940E+01 0.51516112478362E+00 -.23949271534930E+01
 323 0.11531904579404E+01 0.53353712111397E+00 -.24725717762730E+01
 324 0.11816742622515E+01 0.55184424784230E+00 -.25408737680264E+01
 325 0.12108616165291E+01 0.56996544496353E+00 -.25990081432233E+01
 326 0.12407698984574E+01 0.58777601696951E+00 -.26462810282827E+01
 327 0.12714169149493E+01 0.60514555491111E+00 -.26821688163737E+01
 328 0.13028209127486E+01 0.62194026713282E+00 -.27063566105700E+01
 329 0.13350005892935E+01 0.63802564957448E+00 -.27187724776121E+01
 330 0.13679751038490E+01 0.65326938767074E+00 -.27196134096473E+01
 331 0.14017640889141E+01 0.66754434604159E+00 -.27093587214470E+01
 332 0.14363876619103E+01 0.68073147510792E+00 -.26887670458625E+01
 333 0.14718664371594E+01 0.69272245139226E+00 -.26588542127636E+01
 334 0.15082215381573E+01 0.70342187552509E+00 -.26208510998574E+01
 335 0.15454746101498E+01 0.71274888157249E+00 -.25761429085752E+01
 336 0.15836478330205E+01 0.72063806249879E+00 -.25261939882664E+01
 337 0.16227639344961E+01 0.72703968445990E+00 -.24724649032667E+01
 338 0.16628462036781E+01 0.73191923813140E+00 -.24163303875430E+01
 339 0.17039185049090E+01 0.73525644633749E+00 -.23590076087753E+01
 340 0.17460052919802E+01 0.73704390101028E+00 -.23015033375324E+01
 341 0.17891316226921E+01 0.73728552834530E+00 -.22445860591858E+01
 342 0.18333231737726E+01 0.73599507356686E+00 -.21887850942420E+01
 343 0.18786062561648E+01 0.73319475794249E+00 -.21344141962722E+01
 344 0.19250078306921E+01 0.72891420002663E+00 -.20816129816864E+01
 345 0.19725555241102E+01 0.72318962526149E+00 -.20303970073460E+01
 346 0.20212776455557E+01 0.71606332880713E+00 -.19807070355292E+01
 347 0.20712032034009E+01 0.70758331796008E+00 -.19324499887752E+01
 348 0.21223619225249E+01 0.69780304772380E+00 -.18855275393296E+01
 349 0.21747842620113E+01 0.68678117298677E+00 -.18398519920147E+01
 350 0.22285014332830E+01 0.67458126449106E+00 -.17953519485509E+01
 351 0.22835454186851E+01 0.66127146275703E+00 -.17519715384811E+01
 352 0.23399489905266E+01 0.64692406610140E+00 -.17096668138920E+01
 353 0.23977457305926E+01 0.63161506208660E+00 -.16684018069278E+01
 354 0.24569700501382E+01 0.61542361669658E+00 -.16281454605214E+01
 355 0.25176572103766E+01 0.59843153515800E+00 -.15888696755451E+01
 356 0.25798433434729E+01 0.58072270577075E+00 -.15505482344375E+01
 357 0.26435654740567E+01 0.56238253546841E+00 -.15131562575825E+01
 358 0.27088615412659E+01 0.54349738392772E+00 -.14766699291087E+01
 359 0.27757704213352E+01 0.52415400263766E+00 -.14410663426408E+01
 360 0.28443319507422E+01 0.50443898050479E+00 -.14063233987133E+01
 361 0.29145869499255E+01 0.48443820662733E+00 -.13724197272678E+01
 362 0.29865772475887E+01 0.46423634896238E+00 -.13393346254718E+01
 363 0.30603457056041E+01 0.44391635498326E+00 -.13070480067115E+01
 364 0.31359362445325E+01 0.42355897734854E+00 -.12755403583515E+01
 365 0.32133938697725E+01 0.40324232764687E+00 -.12447927065033E+01
 366 0.32927646983558E+01 0.38304146094489E+00 -.12147865864100E+01
 367 0.33740959864052E+01 0.36302799354006E+00 -.11855040173275E+01
 368 0.34574361572694E+01 0.34326975600742E+00 -.11569274809966E+01
 369 0.35428348303540E+01 0.32383048332771E+00 -.11290399029755E+01
 370 0.36303428506637E+01 0.30476954359226E+00 -.11018246362498E+01
 371 0.37200123190751E+01 0.28614170649452E+00 -.10752654466515E+01
 372 0.38118966233563E+01 0.26799695253571E+00 -.10493464997163E+01
 373 0.39060504699532E+01 0.25038032358877E+00 -.10240523486881E+01
 374 0.40025299165610E+01 0.23333181517737E+00 -.99936792344072E+00
 375 0.41013924055001E+01 0.21688631053146E+00 -.97527852013818E+00
 376 0.42026967979159E+01 0.20107355617648E+00 -.95176979149597E+00
 377 0.43065034088245E+01 0.18591817849670E+00 -.92882773753628E+00
 378 0.44128740430224E+01 0.17143974038615E+00 -.90643869675587E+00
 379 0.45218720318851E+01 0.15765283676258E+00 -.88458933764436E+00
 380 0.46335622710726E+01 0.14456722737454E+00 -.86326665050558E+00
 381 0.47480112591681E+01 0.13218800498201E+00 -.84245793954621E+00
 382 0.48652871372696E+01 0.12051579664299E+00 -.82215081520428E+00
 383 0.49854597295602E+01 0.10954699549714E+00 -.80233318669692E+00
 384 0.51086005848803E+01 0.99274020111691E-01 -.78299325477119E+00
 385 0.52347830193268E+01 0.89685598149949E-01 -.76411950464577E+00
 386 0.53640821599042E+01 0.80767070849541E-01 -.74570069913341E+00
 387 0.54965749892538E+01 0.72500714561550E-01 -.72772587193645E+00
 388 0.56323403914884E+01 0.64866075412824E-01 -.71018432110856E+00
 389 0.57714591991582E+01 0.57840313017810E-01 -.69306560267721E+00
 390 0.59140142413774E+01 0.51398549090021E-01 -.67635952442182E+00
 391 0.60600903931394E+01 0.45514216791433E-01 -.66005613980320E+00
 392 0.62097746258499E+01 0.40159406713993E-01 -.64414574204011E+00
 393 0.63631560591084E+01 0.35305205512667E-01 -.62861885832920E+00
 394 0.65203260137684E+01 0.30922023403562E-01 -.61346624420457E+00
 395 0.66813780663085E+01 0.26979907001312E-01 -.59867887803360E+00
 396 0.68464081045463E+01 0.23448834292712E-01 -.58424795564553E+00
 397 0.70155143847286E+01 0.20298988922001E-01 -.57016488508975E+00
 398 0.71887975900314E+01 0.17501011389250E-01 -.55642128152045E+00
 399 0.73663608905052E+01 0.15026225227039E-01 -.54300896220463E+00
 400 0.75483100045007E+01 0.12846836711076E-01 -.52991994165052E+00
 401 0.77347532616118E+01 0.10936107165634E-01 -.51714642685345E+00
 402 0.79258016671736E+01 0.92684974321576E-02 -.50468081265627E+00
 403 0.81215689683528E+01 0.78197845666471E-02 -.49251567722169E+00
 404 0.83221717218711E+01 0.65671513062637E-02 -.48064377761365E+00
 405 0.85277293634013E+01 0.54892492867292E-02 -.46905804548526E+00
 406 0.87383642786774E+01 0.45662373894255E-02 -.45775158287061E+00
 407 0.89542018763607E+01 0.37797969421090E-02 -.44671765807797E+00
 408 0.91753706627068E+01 0.31131257832282E-02 -.43594970168196E+00
 409 0.94020023180757E+01 0.25509134223963E-02 -.42544130261230E+00
 410 0.96342317753321E+01 0.20792996862550E-02 -.41518620433676E+00
 411 0.98721973001828E+01 0.16858193295765E-02 -.40517830113610E+00
 412 0.10116040573497E+02 0.13593351179422E-02 -.39541163446877E+00
 413 0.10365906775663E+02 0.10899618545635E-02 -.38588038942313E+00
 414 0.10621944673022E+02 0.86898373538959E-03 -.37657889125528E+00
 415 0.10884306706445E+02 0.68876728052020E-03 -.36750160201017E+00
 416 0.11153149082094E+02 0.54267191415029E-03 -.35864311722425E+00
 417 0.11428631864422E+02 0.42496005848299E-03 -.34999816270753E+00
 418 0.11710919071473E+02 0.33070837822129E-03 -.34156159140317E+00
 419 0.12000178772539E+02 0.25572157026392E-03 -.33332838032282E+00
 420 0.12296583188220E+02 0.19644984654012E-03 -.32529362755579E+00
 421 0.12600308792970E+02 0.14991101426859E-03 -.31745254935033E+00
 422 0.12911536420156E+02 0.11361782412114E-03 -.30980047726528E+00
 423 0.13230451369734E+02 0.85511038506452E-04 -.30233285539037E+00
 424 0.13557243518566E+02 0.63898473942948E-04 -.29504523763354E+00
 425 0.13892107433475E+02 0.47400096491335E-04 -.28793328507369E+00
 426 0.14235242487082E+02 0.34899099464628E-04 -.28099276337724E+00
 427 0.14586852976512E+02 0.25498768968029E-04 -.27421954027701E+00
 428 0.14947148245032E+02 0.18484845046047E-04 -.26760958311183E+00
 429 0.15316342806685E+02 0.13293013242073E-04 -.26115895642555E+00
 430 0.15694656474010E+02 0.94811113983275E-05 -.25486381962394E+00
 431 0.16082314488918E+02 0.67056071923286E-05 -.24872042468799E+00
 432 0.16479547656794E+02 0.47018905071705E-05 -.24272511394250E+00
 433 0.16886592483917E+02 0.32679283599134E-05 -.23687431787836E+00
 434 0.17303691318270E+02 0.22508458154900E-05 -.23116455302736E+00
 435 0.17731092493831E+02 0.15360212301806E-05 -.22559241988828E+00
 436 0.18169050478428E+02 0.10383156280785E-05 -.22015460090294E+00
 437 0.18617826025246E+02 0.69509161498056E-06 -.21484785848104E+00
 438 0.19077686328069E+02 0.46071489715859E-06 -.20966903307264E+00
 439 0.19548905180373E+02 0.30226946645345E-06 -.20461504128710E+00
 440 0.20031763138328E+02 0.19625446116324E-06 -.19968287405735E+00
 441 0.20526547687844E+02 0.12606557887390E-06 -.19486959484840E+00
 442 0.21033553415734E+02 0.80095982203566E-07 -.19017233790907E+00
 443 0.21553082185103E+02 0.50320459194557E-07 -.18558830656582E+00
 444 0.22085443315075E+02 0.31251970247142E-07 -.18111477155770E+00
 445 0.22630953764957E+02 0.19181617051620E-07 -.17674906941148E+00
 446 0.23189938322952E+02 0.11631635880828E-07 -.17248860085587E+00
 447 0.23762729799529E+02 0.69664819870037E-08 -.16833082927401E+00
 448 0.24349669225577E+02 0.41197348579474E-08 -.16427327919325E+00
 449 0.24951106055449E+02 0.24047523483609E-08 -.16031353481130E+00
 450 0.25567398375018E+02 0.13850818463419E-08 -.15644923855793E+00
 451 0.26198913114881E+02 0.78693593302144E-09 -.15267808969132E+00
 452 0.26846026268819E+02 0.44087265922932E-09 -.14899784292825E+00
 453 0.27509123117659E+02 0.24346907673866E-09 -.14540630710728E+00
 454 0.28188598458665E+02 0.13248728385782E-09 -.14190134388421E+00
 455 0.28884856840594E+02 0.71013839997746E-10 -.13848086645886E+00
 456 0.29598312804556E+02 0.37478700625439E-10 -.13514283833273E+00
 457 0.30329391130829E+02 0.19468326177951E-10 -.13188527209640E+00
 458 0.31078527091760E+02 0.99494821544949E-11 -.12870622824629E+00
 459 0.31846166710927E+02 0.50005822195385E-11 -.12560381402988E+00
 460 0.32632767028687E+02 0.24706114992376E-11 -.12257618231884E+00
 461 0.33438796374295E+02 0.11993960592149E-11 -.11962153050920E+00
 462 0.34264734644740E+02 0.57187406615628E-12 -.11673809944812E+00
 463 0.35111073590466E+02 0.26768088464604E-12 -.11392417238656E+00
 464 0.35978317108150E+02 0.12294430564660E-12 -.11117807395706E+00
 465 0.36866981540721E+02 0.55380352485605E-13 -.10849816917631E+00
 466 0.37777595984777E+02 0.24453795513664E-13 -.10588286247170E+00
 467 0.38710702605601E+02 0.10576105858583E-13 -.10333059673127E+00
 468 0.39666856959960E+02 0.44764161553553E-14 -.10083985237671E+00
 469 0.40646628326870E+02 0.00000000000000E+00 -.98409146458553E-01
 470 0.41650600046544E+02 0.00000000000000E+00 -.96037031773298E-01
 471 0.42679369867694E+02 0.00000000000000E+00 -.93722096001730E-01
 472 0.43733550303426E+02 0.00000000000000E+00 -.91462960868058E-01
 473 0.44813768995920E+02 0.00000000000000E+00 -.89258281319308E-01
 474 0.45920669090120E+02 0.00000000000000E+00 -.87106744724500E-01
 475 0.47054909616646E+02 0.00000000000000E+00 -.85007070093122E-01
 476 0.48217165884177E+02 0.00000000000000E+00 -.82958007312451E-01
 477 0.49408129881516E+02 0.00000000000000E+00 -.80958336403255E-01
 478 0.50628510689589E+02 0.00000000000000E+00 -.79006866793432E-01
 479 0.51879034903622E+02 0.00000000000000E+00 -.77102436609142E-01
 480 0.53160447065742E+02 0.00000000000000E+00 -.75243911983158E-01
 481 0.54473510108266E+02 0.00000000000000E+00 -.73430186379582E-01
 482 0.55819005807940E+02 0.00000000000000E+00 -.71660179935183E-01
 483 0.57197735251396E+02 0.00000000000000E+00 -.69932838816418E-01
 484 0.58610519312105E+02 0.00000000000000E+00 -.68247134591996E-01
 485 0.60058199139114E+02 0.00000000000000E+00 -.66602063620568E-01
 486 0.61541636657850E+02 0.00000000000000E+00 -.64996646453174E-01
 487 0.63061715083299E+02 0.00000000000000E+00 -.63429927250097E-01
 488 0.64619339445857E+02 0.00000000000000E+00 -.61900973211766E-01
 489 0.66215437130169E+02 0.00000000000000E+00 -.60408874023389E-01
 490 0.67850958427285E+02 0.00000000000000E+00 -.58952741312958E-01
 491 0.69526877100439E+02 0.00000000000000E+00 -.57531708122337E-01
 492 0.71244190964819E+02 0.00000000000000E+00 -.56144928391077E-01
 493 0.73003922481650E+02 0.00000000000000E+00 -.54791576452696E-01
 494 0.74807119366947E+02 0.00000000000000E+00 -.53470846543081E-01
 495 0.76654855215311E+02 0.00000000000000E+00 -.52181952320759E-01
