#   547 0.10247000000000E+01 0   2.4873 0.12000000000000E+02
   1 0.13020833333333E-03 0.16635099396598E-04 -.76061181827638E+01
   2 0.13342447916667E-03 0.17045986351694E-04 -.76061182144045E+01
   3 0.13672006380208E-03 0.17467022214581E-04 -.76061182452786E+01
   4 0.14009704937799E-03 0.17898457663281E-04 -.76061182754043E+01
   5 0.14355744649763E-03 0.18340549571935E-04 -.76061183047995E+01
   6 0.14710331542612E-03 0.18793561151735E-04 -.76061183334815E+01
   7 0.15073676731715E-03 0.19257762118455E-04 -.76061183614674E+01
   8 0.15445996546988E-03 0.19733428850049E-04 -.76061183887735E+01
   9 0.15827512661699E-03 0.20220844550981E-04 -.76061184154162E+01
  10 0.16218452224443E-03 0.20720299420867E-04 -.76061184414111E+01
  11 0.16619047994386E-03 0.21232090827263E-04 -.76061184667735E+01
  12 0.17029538479848E-03 0.21756523482707E-04 -.76061184915184E+01
  13 0.17450168080300E-03 0.22293909626145E-04 -.76061185156604E+01
  14 0.17881187231883E-03 0.22844569208829E-04 -.76061185392137E+01
  15 0.18322852556511E-03 0.23408830084818E-04 -.76061185621921E+01
  16 0.18775427014657E-03 0.23987028206172E-04 -.76061185846091E+01
  17 0.19239180061919E-03 0.24579507822976E-04 -.76061186064779E+01
  18 0.19714387809448E-03 0.25186621688302E-04 -.76061186278114E+01
  19 0.20201333188342E-03 0.25808731268232E-04 -.76061186486219E+01
  20 0.20700306118094E-03 0.26446206957071E-04 -.76061186689217E+01
  21 0.21211603679211E-03 0.27099428297877E-04 -.76061186887227E+01
  22 0.21735530290087E-03 0.27768784208430E-04 -.76061187080363E+01
  23 0.22272397888252E-03 0.28454673212797E-04 -.76061187268739E+01
  24 0.22822526116092E-03 0.29157503678601E-04 -.76061187452463E+01
  25 0.23386242511159E-03 0.29877694060160E-04 -.76061187631643E+01
  26 0.23963882701185E-03 0.30615673147634E-04 -.76061187806381E+01
  27 0.24555790603904E-03 0.31371880322315E-04 -.76061187976780E+01
  28 0.25162318631821E-03 0.32146765818232E-04 -.76061188142937E+01
  29 0.25783827902027E-03 0.32940790990216E-04 -.76061188304948E+01
  30 0.26420688451207E-03 0.33754428588587E-04 -.76061188462905E+01
  31 0.27073279455952E-03 0.34588163040617E-04 -.76061188616899E+01
  32 0.27741989458514E-03 0.35442490738961E-04 -.76061188767018E+01
  33 0.28427216598139E-03 0.36317920337200E-04 -.76061188913347E+01
  34 0.29129368848113E-03 0.37214973052688E-04 -.76061189055969E+01
  35 0.29848864258661E-03 0.38134182976878E-04 -.76061189194963E+01
  36 0.30586131205850E-03 0.39076097393319E-04 -.76061189330409E+01
  37 0.31341608646635E-03 0.40041277103499E-04 -.76061189462381E+01
  38 0.32115746380207E-03 0.41030296760745E-04 -.76061189590953E+01
  39 0.32909005315798E-03 0.42043745212362E-04 -.76061189716195E+01
  40 0.33721857747098E-03 0.43082225850230E-04 -.76061189838178E+01
  41 0.34554787633451E-03 0.44146356970059E-04 -.76061189956966E+01
  42 0.35408290887998E-03 0.45236772139517E-04 -.76061190072625E+01
  43 0.36282875672931E-03 0.46354120575449E-04 -.76061190185217E+01
  44 0.37179062702052E-03 0.47499067530421E-04 -.76061190294801E+01
  45 0.38097385550793E-03 0.48672294688802E-04 -.76061190401435E+01
  46 0.39038390973898E-03 0.49874500572637E-04 -.76061190505175E+01
  47 0.40002639230953E-03 0.51106400957543E-04 -.76061190606075E+01
  48 0.40990704419958E-03 0.52368729298878E-04 -.76061190704185E+01
  49 0.42003174819130E-03 0.53662237168437E-04 -.76061190799556E+01
  50 0.43040653237163E-03 0.54987694701933E-04 -.76061190892234E+01
  51 0.44103757372121E-03 0.56345891057536E-04 -.76061190982265E+01
  52 0.45193120179212E-03 0.57737634885733E-04 -.76061191069692E+01
  53 0.46309390247639E-03 0.59163754810799E-04 -.76061191154556E+01
  54 0.47453232186756E-03 0.60625099924157E-04 -.76061191236895E+01
  55 0.48625327021768E-03 0.62122540289926E-04 -.76061191316748E+01
  56 0.49826372599206E-03 0.63656967462958E-04 -.76061191394147E+01
  57 0.51057084002406E-03 0.65229295019671E-04 -.76061191469127E+01
  58 0.52318193977266E-03 0.66840459101993E-04 -.76061191541717E+01
  59 0.53610453368504E-03 0.68491418974743E-04 -.76061191611947E+01
  60 0.54934631566706E-03 0.70183157596780E-04 -.76061191679842E+01
  61 0.56291516966404E-03 0.71916682206264E-04 -.76061191745426E+01
  62 0.57681917435474E-03 0.73693024920366E-04 -.76061191808721E+01
  63 0.59106660796130E-03 0.75513243349802E-04 -.76061191869748E+01
  64 0.60566595317795E-03 0.77378421228539E-04 -.76061191928523E+01
  65 0.62062590222144E-03 0.79289669059062E-04 -.76061191985061E+01
  66 0.63595536200631E-03 0.81248124773577E-04 -.76061192039376E+01
  67 0.65166345944787E-03 0.83254954411549E-04 -.76061192091477E+01
  68 0.66775954689623E-03 0.85311352813975E-04 -.76061192141373E+01
  69 0.68425320770457E-03 0.87418544334812E-04 -.76061192189069E+01
  70 0.70115426193487E-03 0.89577783569976E-04 -.76061192234569E+01
  71 0.71847277220466E-03 0.91790356104346E-04 -.76061192277871E+01
  72 0.73621904967812E-03 0.94057579277231E-04 -.76061192318975E+01
  73 0.75440366020517E-03 0.96380802966735E-04 -.76061192357875E+01
  74 0.77303743061224E-03 0.98761410393510E-04 -.76061192394563E+01
  75 0.79213145514836E-03 0.10120081894436E-03 -.76061192429029E+01
  76 0.81169710209052E-03 0.10370048101617E-03 -.76061192461258E+01
  77 0.83174602051216E-03 0.10626188488075E-03 -.76061192491235E+01
  78 0.85229014721881E-03 0.10888655557094E-03 -.76061192518938E+01
  79 0.87334171385511E-03 0.11157605578872E-03 -.76061192544345E+01
  80 0.89491325418733E-03 0.11433198683564E-03 -.76061192567429E+01
  81 0.91701761156576E-03 0.11715598956637E-03 -.76061192588161E+01
  82 0.93966794657143E-03 0.12004974536564E-03 -.76061192606505E+01
  83 0.96287774485175E-03 0.12301497714950E-03 -.76061192622425E+01
  84 0.98666082514959E-03 0.12605345039116E-03 -.76061192635879E+01
  85 0.10110313475308E-02 0.12916697417227E-03 -.76061192646822E+01
  86 0.10360038218148E-02 0.13235740226013E-03 -.76061192655203E+01
  87 0.10615931162136E-02 0.13562663421154E-03 -.76061192660968E+01
  88 0.10878144661841E-02 0.13897661650390E-03 -.76061192664060E+01
  89 0.11146834834988E-02 0.14240934369426E-03 -.76061192664413E+01
  90 0.11422161655413E-02 0.14592685960705E-03 -.76061192661959E+01
  91 0.11704289048301E-02 0.14953125855106E-03 -.76061192656625E+01
  92 0.11993384987794E-02 0.15322468656660E-03 -.76061192648330E+01
  93 0.12289621596993E-02 0.15700934270343E-03 -.76061192636991E+01
  94 0.12593175250439E-02 0.16088748033020E-03 -.76061192622515E+01
  95 0.12904226679124E-02 0.16486140847640E-03 -.76061192604806E+01
  96 0.13222961078099E-02 0.16893349320729E-03 -.76061192583760E+01
  97 0.13549568216728E-02 0.17310615903296E-03 -.76061192559266E+01
  98 0.13884242551681E-02 0.17738189035213E-03 -.76061192531206E+01
  99 0.14227183342708E-02 0.18176323293161E-03 -.76061192499454E+01
 100 0.14578594771272E-02 0.18625279542239E-03 -.76061192463878E+01
 101 0.14938686062123E-02 0.19085325091317E-03 -.76061192424336E+01
 102 0.15307671607857E-02 0.19556733852223E-03 -.76061192380677E+01
 103 0.15685771096571E-02 0.20039786502874E-03 -.76061192332742E+01
 104 0.16073209642657E-02 0.20534770654431E-03 -.76061192280362E+01
 105 0.16470217920830E-02 0.21041981022588E-03 -.76061192223357E+01
 106 0.16877032303475E-02 0.21561719603096E-03 -.76061192161538E+01
 107 0.17293895001371E-02 0.22094295851622E-03 -.76061192094703E+01
 108 0.17721054207904E-02 0.22640026868060E-03 -.76061192022640E+01
 109 0.18158764246840E-02 0.23199237585392E-03 -.76061191945123E+01
 110 0.18607285723737E-02 0.23772260963219E-03 -.76061191861914E+01
 111 0.19066885681113E-02 0.24359438186080E-03 -.76061191772761E+01
 112 0.19537837757436E-02 0.24961118866668E-03 -.76061191677396E+01
 113 0.20020422350045E-02 0.25577661254077E-03 -.76061191575537E+01
 114 0.20514926782091E-02 0.26209432447193E-03 -.76061191466887E+01
 115 0.21021645473609E-02 0.26856808613363E-03 -.76061191351129E+01
 116 0.21540880116807E-02 0.27520175212468E-03 -.76061191227930E+01
 117 0.22072939855692E-02 0.28199927226548E-03 -.76061191096937E+01
 118 0.22618141470128E-02 0.28896469395086E-03 -.76061190957778E+01
 119 0.23176809564440E-02 0.29610216456134E-03 -.76061190810058E+01
 120 0.23749276760682E-02 0.30341593393383E-03 -.76061190653361E+01
 121 0.24335883896670E-02 0.31091035689358E-03 -.76061190487245E+01
 122 0.24936980228918E-02 0.31858989584869E-03 -.76061190311244E+01
 123 0.25552923640572E-02 0.32645912344882E-03 -.76061190124866E+01
 124 0.26184080854495E-02 0.33452272530968E-03 -.76061189927589E+01
 125 0.26830827651601E-02 0.34278550280495E-03 -.76061189718861E+01
 126 0.27493549094595E-02 0.35125237592725E-03 -.76061189498100E+01
 127 0.28172639757232E-02 0.35992838621994E-03 -.76061189264687E+01
 128 0.28868503959235E-02 0.36881869978147E-03 -.76061189017970E+01
 129 0.29581556007028E-02 0.37792861034405E-03 -.76061188757255E+01
 130 0.30312220440402E-02 0.38726354242865E-03 -.76061188481812E+01
 131 0.31060932285280E-02 0.39682905457793E-03 -.76061188190863E+01
 132 0.31828137312726E-02 0.40663084266941E-03 -.76061187883588E+01
 133 0.32614292304351E-02 0.41667474331052E-03 -.76061187559114E+01
 134 0.33419865324268E-02 0.42696673731784E-03 -.76061187216520E+01
 135 0.34245335997778E-02 0.43751295328244E-03 -.76061186854827E+01
 136 0.35091195796923E-02 0.44831967122363E-03 -.76061186472996E+01
 137 0.35957948333107E-02 0.45939332633315E-03 -.76061186069926E+01
 138 0.36846109656934E-02 0.47074051281220E-03 -.76061185644449E+01
 139 0.37756208565461E-02 0.48236798780353E-03 -.76061185195323E+01
 140 0.38688786917027E-02 0.49428267542103E-03 -.76061184721231E+01
 141 0.39644399953878E-02 0.50649167087920E-03 -.76061184220772E+01
 142 0.40623616632739E-02 0.51900224472506E-03 -.76061183692458E+01
 143 0.41627019963567E-02 0.53182184717494E-03 -.76061183134706E+01
 144 0.42655207356668E-02 0.54495811255897E-03 -.76061182545832E+01
 145 0.43708790978377E-02 0.55841886387571E-03 -.76061181924045E+01
 146 0.44788398115543E-02 0.57221211745997E-03 -.76061181267436E+01
 147 0.45894671548997E-02 0.58634608776639E-03 -.76061180573972E+01
 148 0.47028269936257E-02 0.60082919227184E-03 -.76061179841487E+01
 149 0.48189868203683E-02 0.61567005649957E-03 -.76061179067672E+01
 150 0.49380157948314E-02 0.63087751916821E-03 -.76061178250062E+01
 151 0.50599847849637E-02 0.64646063746869E-03 -.76061177386027E+01
 152 0.51849664091523E-02 0.66242869247235E-03 -.76061176472757E+01
 153 0.53130350794584E-02 0.67879119467352E-03 -.76061175507252E+01
 154 0.54442670459210E-02 0.69555788967001E-03 -.76061174486304E+01
 155 0.55787404419553E-02 0.71273876398488E-03 -.76061173406479E+01
 156 0.57165353308716E-02 0.73034405103320E-03 -.76061172264106E+01
 157 0.58577337535441E-02 0.74838423723732E-03 -.76061171055251E+01
 158 0.60024197772566E-02 0.76687006829459E-03 -.76061169775701E+01
 159 0.61506795457549E-02 0.78581255560115E-03 -.76061168420938E+01
 160 0.63026013305350E-02 0.80522298283602E-03 -.76061166986116E+01
 161 0.64582755833992E-02 0.82511291270936E-03 -.76061165466035E+01
 162 0.66177949903092E-02 0.84549419387913E-03 -.76061163855109E+01
 163 0.67812545265698E-02 0.86637896804057E-03 -.76061162147338E+01
 164 0.69487515133761E-02 0.88777967719267E-03 -.76061160336270E+01
 165 0.71203856757565E-02 0.90970907108635E-03 -.76061158414962E+01
 166 0.72962592019477E-02 0.93218021485900E-03 -.76061156375944E+01
 167 0.74764768042358E-02 0.95520649685997E-03 -.76061154211168E+01
 168 0.76611457813004E-02 0.97880163667212E-03 -.76061151911960E+01
 169 0.78503760820985E-02 0.10029796933345E-02 -.76061149468970E+01
 170 0.80442803713263E-02 0.10277550737709E-02 -.76061146872106E+01
 171 0.82429740964981E-02 0.10531425414306E-02 -.76061144110476E+01
 172 0.84465755566816E-02 0.10791572251453E-02 -.76061141172311E+01
 173 0.86552059729316E-02 0.11058146282095E-02 -.76061138044894E+01
 174 0.88689895604630E-02 0.11331306376891E-02 -.76061134714472E+01
 175 0.90880536026065E-02 0.11611215339636E-02 -.76061131166160E+01
 176 0.93125285265909E-02 0.11898040005108E-02 -.76061127383848E+01
 177 0.95425479811977E-02 0.12191951339359E-02 -.76061123350082E+01
 178 0.97782489163332E-02 0.12493124542562E-02 -.76061119045945E+01
 179 0.10019771664567E-01 0.12801739154443E-02 -.76061114450923E+01
 180 0.10267260024681E-01 0.13117979162389E-02 -.76061109542761E+01
 181 0.10520861347291E-01 0.13442033112295E-02 -.76061104297298E+01
 182 0.10780726622569E-01 0.13774094222227E-02 -.76061098688294E+01
 183 0.11047010570147E-01 0.14114360498964E-02 -.76061092687237E+01
 184 0.11319871731229E-01 0.14463034857517E-02 -.76061086263128E+01
 185 0.11599472562991E-01 0.14820325243689E-02 -.76061079382253E+01
 186 0.11885979535296E-01 0.15186444759759E-02 -.76061072007922E+01
 187 0.12179563229818E-01 0.15561611793385E-02 -.76061064100195E+01
 188 0.12480398441595E-01 0.15946050149806E-02 -.76061055615567E+01
 189 0.12788664283102E-01 0.16339989187431E-02 -.76061046506637E+01
 190 0.13104544290895E-01 0.16743663956918E-02 -.76061036721732E+01
 191 0.13428226534880E-01 0.17157315343830E-02 -.76061026204503E+01
 192 0.13759903730291E-01 0.17581190214969E-02 -.76061014893471E+01
 193 0.14099773352430E-01 0.18015541568499E-02 -.76061002721541E+01
 194 0.14448037754235E-01 0.18460628687952E-02 -.76060989615458E+01
 195 0.14804904286764E-01 0.18916717300238E-02 -.76060975495214E+01
 196 0.15170585422647E-01 0.19384079737757E-02 -.76060960273390E+01
 197 0.15545298882587E-01 0.19862995104760E-02 -.76060943854444E+01
 198 0.15929267764987E-01 0.20353749448037E-02 -.76060926133917E+01
 199 0.16322720678782E-01 0.20856635932106E-02 -.76060906997566E+01
 200 0.16725891879548E-01 0.21371955018991E-02 -.76060886320409E+01
 201 0.17139021408973E-01 0.21900014652755E-02 -.76060863965677E+01
 202 0.17562355237774E-01 0.22441130448911E-02 -.76060839783657E+01
 203 0.17996145412147E-01 0.22995625888863E-02 -.76060813610423E+01
 204 0.18440650203827E-01 0.23563832519522E-02 -.76060785266443E+01
 205 0.18896134263862E-01 0.24146090158268E-02 -.76060754555038E+01
 206 0.19362868780179E-01 0.24742747103398E-02 -.76060721260700E+01
 207 0.19841131639050E-01 0.25354160350248E-02 -.76060685147230E+01
 208 0.20331207590534E-01 0.25980695813160E-02 -.76060645955695E+01
 209 0.20833388418020E-01 0.26622728553470E-02 -.76060603402187E+01
 210 0.21347973111945E-01 0.27280643013712E-02 -.76060557175343E+01
 211 0.21875268047810E-01 0.27954833258239E-02 -.76060506933634E+01
 212 0.22415587168591E-01 0.28645703220462E-02 -.76060452302376E+01
 213 0.22969252171656E-01 0.29353666956925E-02 -.76060392870437E+01
 214 0.23536592700295E-01 0.30079148908437E-02 -.76060328186627E+01
 215 0.24117946539993E-01 0.30822584168500E-02 -.76060257755721E+01
 216 0.24713659819531E-01 0.31584418759272E-02 -.76060181034088E+01
 217 0.25324087217073E-01 0.32365109915324E-02 -.76060097424883E+01
 218 0.25949592171335E-01 0.33165126375458E-02 -.76060006272768E+01
 219 0.26590547097967E-01 0.33984948682858E-02 -.76059906858096E+01
 220 0.27247333611286E-01 0.34825069493877E-02 -.76059798390538E+01
 221 0.27920342751485E-01 0.35685993895758E-02 -.76059680002056E+01
 222 0.28609975217447E-01 0.36568239733611E-02 -.76059550739207E+01
 223 0.29316641605318E-01 0.37472337946980E-02 -.76059409554664E+01
 224 0.30040762652969E-01 0.38398832916362E-02 -.76059255297925E+01
 225 0.30782769490498E-01 0.39348282820033E-02 -.76059086705101E+01
 226 0.31543103896913E-01 0.40321260001576E-02 -.76058902387699E+01
 227 0.32322218563167E-01 0.41318351348531E-02 -.76058700820332E+01
 228 0.33120577361677E-01 0.42340158682573E-02 -.76058480327216E+01
 229 0.33938655622510E-01 0.43387299161684E-02 -.76058239067376E+01
 230 0.34776940416386E-01 0.44460405694802E-02 -.76057975018421E+01
 231 0.35635930844671E-01 0.45560127369428E-02 -.76057685958772E+01
 232 0.36516138336534E-01 0.46687129892735E-02 -.76057369448197E+01
 233 0.37418086953447E-01 0.47842096046725E-02 -.76057022806504E+01
 234 0.38342313701197E-01 0.49025726158038E-02 -.76056643090240E+01
 235 0.39289368849616E-01 0.50238738583015E-02 -.76056227067213E+01
 236 0.40259816260202E-01 0.51481870208679E-02 -.76055771188671E+01
 237 0.41254233721829E-01 0.52755876970332E-02 -.76055271558930E+01
 238 0.42273213294758E-01 0.54061534386495E-02 -.76054723902268E+01
 239 0.43317361663139E-01 0.55399638111971E-02 -.76054123526850E+01
 240 0.44387300496218E-01 0.56771004509853E-02 -.76053465285490E+01
 241 0.45483666818475E-01 0.58176471243338E-02 -.76052743533003E+01
 242 0.46607113388891E-01 0.59616897888297E-02 -.76051952079928E+01
 243 0.47758309089597E-01 0.61093166567546E-02 -.76051084142386E+01
 244 0.48937939324110E-01 0.62606182607888E-02 -.76050132287836E+01
 245 0.50146706425415E-01 0.64156875221008E-02 -.76049088376517E+01
 246 0.51385330074123E-01 0.65746198209413E-02 -.76047943498359E+01
 247 0.52654547726954E-01 0.67375130698645E-02 -.76046687905166E+01
 248 0.53955115055809E-01 0.69044677897110E-02 -.76045310937913E+01
 249 0.55287806397688E-01 0.70755871884916E-02 -.76043800949037E+01
 250 0.56653415215711E-01 0.72509772433241E-02 -.76042145219636E+01
 251 0.58052754571539E-01 0.74307467855813E-02 -.76040329871580E+01
 252 0.59486657609456E-01 0.76150075894217E-02 -.76038339774595E+01
 253 0.60955978052409E-01 0.78038744638831E-02 -.76036158448508E+01
 254 0.62461590710304E-01 0.79974653487350E-02 -.76033767960934E+01
 255 0.64004392000848E-01 0.81959014142939E-02 -.76031148820860E+01
 256 0.65585300483269E-01 0.83993071654232E-02 -.76028279868720E+01
 257 0.67205257405206E-01 0.86078105499530E-02 -.76025138163792E+01
 258 0.68865227263115E-01 0.88215430717710E-02 -.76021698869924E+01
 259 0.70566198376514E-01 0.90406399088528E-02 -.76017935140898E+01
 260 0.72309183476414E-01 0.92652400365196E-02 -.76013818006978E+01
 261 0.74095220308281E-01 0.94954863562286E-02 -.76009316264509E+01
 262 0.75925372249896E-01 0.97315258302268E-02 -.76004396370750E+01
 263 0.77800728944468E-01 0.99735096224173E-02 -.75999022346439E+01
 264 0.79722406949396E-01 0.10221593245816E-01 -.75993155688905E+01
 265 0.81691550401046E-01 0.10475936716999E-01 -.75986755298871E+01
 266 0.83709331695952E-01 0.10736704717978E-01 -.75979777424306E+01
 267 0.85776952188842E-01 0.11004066765956E-01 -.75972175624945E+01
 268 0.87895642907907E-01 0.11278197391470E-01 -.75963900761164E+01
 269 0.90066665287732E-01 0.11559276325443E-01 -.75954901010930E+01
 270 0.92291311920339E-01 0.11847488695720E-01 -.75945121918402E+01
 271 0.94570907324771E-01 0.12143025233701E-01 -.75934506477446E+01
 272 0.96906808735693E-01 0.12446082491715E-01 -.75922995252832E+01
 273 0.99300406911465E-01 0.12756863071863E-01 -.75910526541180E+01
 274 0.10175312696218E+00 0.13075575867054E-01 -.75897036572784E+01
 275 0.10426642919814E+00 0.13402436315082E-01 -.75882459754320E+01
 276 0.10684180999934E+00 0.13737666666584E-01 -.75866728951137E+01
 277 0.10948080270632E+00 0.14081496267841E-01 -.75849775806380E+01
 278 0.11218497853317E+00 0.14434161859414E-01 -.75831531092645E+01
 279 0.11495594750294E+00 0.14795907891713E-01 -.75811925090380E+01
 280 0.11779535940626E+00 0.15166986858657E-01 -.75790887985794E+01
 281 0.12070490478359E+00 0.15547659650674E-01 -.75768350279817E+01
 282 0.12368631593175E+00 0.15938195928410E-01 -.75744243198722E+01
 283 0.12674136793526E+00 0.16338874518582E-01 -.75718499096487E+01
 284 0.12987187972326E+00 0.16749983833549E-01 -.75691051838860E+01
 285 0.13307971515243E+00 0.17171822316285E-01 -.75661837159521E+01
 286 0.13636678411669E+00 0.17604698912575E-01 -.75630792979573E+01
 287 0.13973504368438E+00 0.18048933572378E-01 -.75597859683006E+01
 288 0.14318649926338E+00 0.18504857782487E-01 -.75562980342439E+01
 289 0.14672320579519E+00 0.18972815132733E-01 -.75526100891492E+01
 290 0.15034726897833E+00 0.19453161918218E-01 -.75487170242297E+01
 291 0.15406084652209E+00 0.19946267780195E-01 -.75446140348797E+01
 292 0.15786614943119E+00 0.20452516388467E-01 -.75402966218611E+01
 293 0.16176544332214E+00 0.20972306168375E-01 -.75357605878030E+01
 294 0.16576104977219E+00 0.21506051075717E-01 -.75310020296275E+01
 295 0.16985534770157E+00 0.22054181423168E-01 -.75260173276260E+01
 296 0.17405077478980E+00 0.22617144762102E-01 -.75208031319893E+01
 297 0.17834982892710E+00 0.23195406823994E-01 -.75153563476242E+01
 298 0.18275506970160E+00 0.23789452525932E-01 -.75096741180910E+01
 299 0.18726911992323E+00 0.24399787045149E-01 -.75037538094587E+01
 300 0.19189466718534E+00 0.25026936967842E-01 -.74975929948157E+01
 301 0.19663446546481E+00 0.25671451518026E-01 -.74911894400951E+01
 302 0.20149133676180E+00 0.26333903872604E-01 -.74845410917819E+01
 303 0.20646817277981E+00 0.27014892569346E-01 -.74776460669721E+01
 304 0.21156793664747E+00 0.27715043015037E-01 -.74705026461603E+01
 305 0.21679366468267E+00 0.28435009101620E-01 -.74631092690329E+01
 306 0.22214846820033E+00 0.29175474938852E-01 -.74554645334639E+01
 307 0.22763553536488E+00 0.29937156712636E-01 -.74475671978284E+01
 308 0.23325813308839E+00 0.30720804679015E-01 -.74394161866806E+01
 309 0.23901960897567E+00 0.31527205304592E-01 -.74310105997863E+01
 310 0.24492339331737E+00 0.32357183565056E-01 -.74223497244479E+01
 311 0.25097300113231E+00 0.33211605414483E-01 -.74134330510172E+01
 312 0.25717203426028E+00 0.34091380439108E-01 -.74042602914581E+01
 313 0.26352418350651E+00 0.34997464710414E-01 -.73948314007884E+01
 314 0.27003323083912E+00 0.35930863853652E-01 -.73851466012020E+01
 315 0.27670305164084E+00 0.36892636349198E-01 -.73752064086518E+01
 316 0.28353761701637E+00 0.37883897085659E-01 -.73650116616434E+01
 317 0.29054099615668E+00 0.38905821185163E-01 -.73545635519706E+01
 318 0.29771735876175E+00 0.39959648123015E-01 -.73438636570935E+01
 319 0.30507097752316E+00 0.41046686165687E-01 -.73329139738351E+01
 320 0.31260623066798E+00 0.42168317153126E-01 -.73217169530378E+01
 321 0.32032760456548E+00 0.43326001653468E-01 -.73102755347924E+01
 322 0.32823969639825E+00 0.44521284520553E-01 -.72985931838122E+01
 323 0.33634721689929E+00 0.45755800887075E-01 -.72866739244889E+01
 324 0.34465499315670E+00 0.47031282628848E-01 -.72745223751250E+01
 325 0.35316797148767E+00 0.48349565338452E-01 -.72621437807992E+01
 326 0.36189122038341E+00 0.49712595849532E-01 -.72495440442794E+01
 327 0.37082993352688E+00 0.51122440356167E-01 -.72367297543650E+01
 328 0.37998943288500E+00 0.52581293175073E-01 -.72237082110036E+01
 329 0.38937517187726E+00 0.54091486201902E-01 -.72104874465125E+01
 330 0.39899273862263E+00 0.55655499116544E-01 -.71970762422181E+01
 331 0.40884785926661E+00 0.57275970396104E-01 -.71834841398374E+01
 332 0.41894640139049E+00 0.58955709198080E-01 -.71697214469522E+01
 333 0.42929437750484E+00 0.60697708180152E-01 -.71557992359818E+01
 334 0.43989794862921E+00 0.62505157326826E-01 -.71417293361498E+01
 335 0.45076342796035E+00 0.64381458856905E-01 -.71275243180677E+01
 336 0.46189728463097E+00 0.66330243289234E-01 -.71131974707374E+01
 337 0.47330614756135E+00 0.68355386747228E-01 -.70987345535316E+01
 338 0.48499680940612E+00 0.70461029585169E-01 -.70841469195024E+01
 339 0.49697623059845E+00 0.72651596420924E-01 -.70694791063412E+01
 340 0.50925154349423E+00 0.74931817660181E-01 -.70547471830171E+01
 341 0.52183005661854E+00 0.77306752596295E-01 -.70399677340296E+01
 342 0.53471925901702E+00 0.79781814166742E-01 -.70251578046054E+01
 343 0.54792682471474E+00 0.82362795441515E-01 -.70103348472046E+01
 344 0.56146061728519E+00 0.85055897909758E-01 -.69955166729495E+01
 345 0.57532869453213E+00 0.87867761617675E-01 -.69807214123616E+01
 346 0.58953931328708E+00 0.90805497192139E-01 -.69659674905857E+01
 347 0.60410093432527E+00 0.93876719759118E-01 -.69512736230513E+01
 348 0.61902222740310E+00 0.97089584732516E-01 -.69366588382234E+01
 349 0.63431207641996E+00 0.10045282540516E+00 -.69221425346563E+01
 350 0.64997958470753E+00 0.10397579221738E+00 -.69077445799018E+01
 351 0.66603408044981E+00 0.10766849350688E+00 -.68934854588313E+01
 352 0.68248512223692E+00 0.11154163745345E+00 -.68793864784890E+01
 353 0.69934250475617E+00 0.11560667481900E+00 -.68654700355549E+01
 354 0.71661626462365E+00 0.11987584194411E+00 -.68517599507058E+01
 355 0.73431668635985E+00 0.12436220328989E+00 -.68382818714496E+01
 356 0.75245430851294E+00 0.12907969260401E+00 -.68250637411944E+01
 357 0.77103992993321E+00 0.13404315153473E+00 -.68121363272391E+01
 358 0.79008461620256E+00 0.13926836420923E+00 -.67995337938759E+01
 359 0.80959970622276E+00 0.14477208592434E+00 -.67872942987836E+01
 360 0.82959681896646E+00 0.15057206366082E+00 -.67754605813020E+01
 361 0.85008786039494E+00 0.15668704561689E+00 -.67640805000616E+01
 362 0.87108503054669E+00 0.16313677635519E+00 -.67532074649504E+01
 363 0.89260083080119E+00 0.16994197346251E+00 -.67429006948345E+01
 364 0.91464807132198E+00 0.17712428082790E+00 -.67332252182912E+01
 365 0.93723987868364E+00 0.18470619275198E+00 -.67242515205445E+01
 366 0.96038970368712E+00 0.19271094211284E+00 -.67160547267194E+01
 367 0.98411132936819E+00 0.20116234474644E+00 -.67087132005961E+01
 368 0.10084188792036E+01 0.21008459107723E+00 -.67023064306201E+01
 369 0.10333268255199E+01 0.21950197490350E+00 -.66969120726013E+01
 370 0.10588499981103E+01 0.22943854816613E+00 -.66926020230796E+01
 371 0.10850035930636E+01 0.23991768960710E+00 -.66894374106388E+01
 372 0.11118031818123E+01 0.25096157458686E+00 -.66874624164538E+01
 373 0.11392647204030E+01 0.26259053315651E+00 -.66866968719523E+01
 374 0.11674045589970E+01 0.27482228400010E+00 -.66871276324116E+01
 375 0.11962394516042E+01 0.28767103336286E+00 -.66886987920578E+01
 376 0.12257865660588E+01 0.30114643090699E+00 -.66913008898523E+01
 377 0.12560634942405E+01 0.31525237898886E+00 -.66947593561194E+01
 378 0.12870882625482E+01 0.32998569856511E+00 -.66988225681822E+01
 379 0.13188793426332E+01 0.34533466425320E+00 -.67031500169100E+01
 380 0.13514556623962E+01 0.36127743338769E+00 -.67073012327947E+01
 381 0.13848366172574E+01 0.37778040949488E+00 -.67107262753065E+01
 382 0.14190420817036E+01 0.39479659948232E+00 -.67127587458091E+01
 383 0.14540924211217E+01 0.41226404565567E+00 -.67126124320761E+01
 384 0.14900085039234E+01 0.43010443752861E+00 -.67093828173791E+01
 385 0.15268117139703E+01 0.44822203264695E+00 -.67019601487041E+01
 386 0.15645239633054E+01 0.46650303777019E+00 -.66893459635139E+01
 387 0.16031677051990E+01 0.48481561820079E+00 -.66703487993267E+01
 388 0.16427659475175E+01 0.50301070929340E+00 -.66437500113621E+01
 389 0.16833422664211E+01 0.52092379490183E+00 -.66083375198872E+01
 390 0.17249208204017E+01 0.53837778712486E+00 -.65629608548070E+01
 391 0.17675263646657E+01 0.55518708509829E+00 -.65065963347420E+01
 392 0.18111842658729E+01 0.57116280431105E+00 -.64384208396100E+01
 393 0.18559205172400E+01 0.58611905161262E+00 -.63578914688636E+01
 394 0.19017617540158E+01 0.59987997887169E+00 -.62648270273503E+01
 395 0.19487352693400E+01 0.61228719007530E+00 -.61594857771019E+01
 396 0.19968690304927E+01 0.62320691894196E+00 -.60426322564794E+01
 397 0.20461916955458E+01 0.63253625961707E+00 -.59155841778760E+01
 398 0.20967326304258E+01 0.64020764977496E+00 -.57802283603289E+01
 399 0.21485219263973E+01 0.64619080531715E+00 -.56389920552927E+01
 400 0.22015904179794E+01 0.65049142360898E+00 -.54947523385997E+01
 401 0.22559697013034E+01 0.65314624708416E+00 -.53506605657726E+01
 402 0.23116921529256E+01 0.65421456084671E+00 -.52098499324957E+01
 403 0.23687909491029E+01 0.65376695914967E+00 -.50749804285186E+01
 404 0.24273000855457E+01 0.65187336957891E+00 -.49475556394983E+01
 405 0.24872543976587E+01 0.64859404365624E+00 -.48269196615112E+01
 406 0.25486895812809E+01 0.64397882197265E+00 -.47101283971513E+01
 407 0.26116422139385E+01 0.63807576061740E+00 -.45962378608852E+01
 408 0.26761497766228E+01 0.63093792277047E+00 -.44851633165116E+01
 409 0.27422506761054E+01 0.62262153427938E+00 -.43768242427564E+01
 410 0.28099842678052E+01 0.61318578371697E+00 -.42711439939212E+01
 411 0.28793908792200E+01 0.60269274480307E+00 -.41680494794219E+01
 412 0.29505118339367E+01 0.59120702715214E+00 -.40674708640124E+01
 413 0.30233894762350E+01 0.57879547821295E+00 -.39693412900743E+01
 414 0.30980671962980E+01 0.56552687680803E+00 -.38735966228287E+01
 415 0.31745894560465E+01 0.55147162396600E+00 -.37801752187672E+01
 416 0.32530018156109E+01 0.53670143114791E+00 -.36890177170532E+01
 417 0.33333509604565E+01 0.52128900571862E+00 -.36000668531608E+01
 418 0.34156847291797E+01 0.50530773368550E+00 -.35132672936144E+01
 419 0.35000521419905E+01 0.48883135985487E+00 -.34285654903914E+01
 420 0.35865034298976E+01 0.47193366572304E+00 -.33459095533376E+01
 421 0.36750900646161E+01 0.45468814566258E+00 -.32652491388344E+01
 422 0.37658647892121E+01 0.43716768201750E+00 -.31865353529188E+01
 423 0.38588816495057E+01 0.41944422012991E+00 -.31097206670889E+01
 424 0.39541960262485E+01 0.40158844469715E+00 -.30347588451101E+01
 425 0.40518646680968E+01 0.38366945884021E+00 -.29616048792554E+01
 426 0.41519457253988E+01 0.36575446774764E+00 -.28902149345540E+01
 427 0.42544987848161E+01 0.34790846899521E+00 -.28205462997779E+01
 428 0.43595849048011E+01 0.33019395190611E+00 -.27525573440505E+01
 429 0.44672666519497E+01 0.31267060855326E+00 -.26862074781167E+01
 430 0.45776081382528E+01 0.29539505920257E+00 -.26214571194550E+01
 431 0.46906750592677E+01 0.27842059514205E+00 -.25582676605464E+01
 432 0.48065347332316E+01 0.26179694192485E+00 -.24966014397306E+01
 433 0.49252561411424E+01 0.24557004606662E+00 -.24364217141839E+01
 434 0.50469099678286E+01 0.22978188816940E+00 -.23776926346422E+01
 435 0.51715686440340E+01 0.21447032529229E+00 -.23203792215670E+01
 436 0.52993063895416E+01 0.19966896514967E+00 -.22644473425137E+01
 437 0.54301992573633E+01 0.18540707439236E+00 -.22098636905151E+01
 438 0.55643251790202E+01 0.17170952281974E+00 -.21565957633316E+01
 439 0.57017640109420E+01 0.15859676488857E+00 -.21046118434537E+01
 440 0.58425975820123E+01 0.14608485933819E+00 -.20538809787692E+01
 441 0.59869097422880E+01 0.13418552715522E+00 -.20043729638268E+01
 442 0.61347864129225E+01 0.12290624746938E+00 -.19560583216417E+01
 443 0.62863156373217E+01 0.11225039032378E+00 -.19089082860057E+01
 444 0.64415876335635E+01 0.10221738461684E+00 -.18628947842659E+01
 445 0.66006948481125E+01 0.92802918887666E-01 -.18179904205502E+01
 446 0.67637320108609E+01 0.83999172032011E-01 -.17741684594156E+01
 447 0.69307961915292E+01 0.75795070508874E-01 -.17314028099058E+01
 448 0.71019868574599E+01 0.68176568144993E-01 -.16896680100005E+01
 449 0.72774059328392E+01 0.61126944278919E-01 -.16489392114459E+01
 450 0.74571578593803E+01 0.54627115718902E-01 -.16091921649544E+01
 451 0.76413496585070E+01 0.48655957826433E-01 -.15704032057630E+01
 452 0.78300909950721E+01 0.43190629983429E-01 -.15325492395415E+01
 453 0.80234942426504E+01 0.38206900755695E-01 -.14956077286417E+01
 454 0.82216745504439E+01 0.33679468224578E-01 -.14595566786771E+01
 455 0.84247499118399E+01 0.29582271215657E-01 -.14243746254284E+01
 456 0.86328412346623E+01 0.25888787497695E-01 -.13900406220631E+01
 457 0.88460724131585E+01 0.22572315444573E-01 -.13565342266644E+01
 458 0.90645704017635E+01 0.19606236132869E-01 -.13238354900598E+01
 459 0.92884652906870E+01 0.16964253372533E-01 -.12919249439444E+01
 460 0.95178903833670E+01 0.14620609721279E-01 -.12607835892889E+01
 461 0.97529822758362E+01 0.12550277098409E-01 -.12303928850287E+01
 462 0.99938809380493E+01 0.10729121174993E-01 -.12007347370242E+01
 463 0.10240729797219E+02 0.91340392598590E-02 -.11717914872882E+01
 464 0.10493675823210E+02 0.77430719114644E-02 -.11435459034724E+01
 465 0.10752869616044E+02 0.65354889732091E-02 -.11159811686078E+01
 466 0.11018465495560E+02 0.54918511449279E-02 -.10890808710918E+01
 467 0.11290621593300E+02 0.45940485593677E-02 -.10628289949174E+01
 468 0.11569499946655E+02 0.38253181249974E-02 -.10372099101370E+01
 469 0.11855266595337E+02 0.31702416233472E-02 -.10122083635571E+01
 470 0.12148091680242E+02 0.26147267102678E-02 -.98780946965662E+00
 471 0.12448149544744E+02 0.21459730680389E-02 -.96399870172404E+00
 472 0.12755618838499E+02 0.17524259928162E-02 -.94076188320878E+00
 473 0.13070682623810E+02 0.14237196845908E-02 -.91808517928055E+00
 474 0.13393528484618E+02 0.11506124408161E-02 -.89595508859232E+00
 475 0.13724348638188E+02 0.92491584706730E-03 -.87435843524185E+00
 476 0.14063340049552E+02 0.73941991594162E-03 -.85328236092695E+00
 477 0.14410704548776E+02 0.58781595640807E-03 -.83271431728989E+00
 478 0.14766648951130E+02 0.46461876745631E-03 -.81264205844627E+00
 479 0.15131385180223E+02 0.36508954927823E-03 -.79305363369403E+00
 480 0.15505130394175E+02 0.28516071898718E-03 -.77393738039819E+00
 481 0.15888107114911E+02 0.22136361200861E-03 -.75528191704713E+00
 482 0.16280543360649E+02 0.17075984999227E-03 -.73707613647617E+00
 483 0.16682672781657E+02 0.13087696581253E-03 -.71930919925458E+00
 484 0.17094734799364E+02 0.99648699505467E-04 -.70197052723195E+00
 485 0.17516974748908E+02 0.75360218557835E-04 -.68504979724012E+00
 486 0.17949644025206E+02 0.56598373712558E-04 -.66853693494693E+00
 487 0.18393000232629E+02 0.42206978512433E-04 -.65242210885814E+00
 488 0.18847307338375E+02 0.31246997586038E-04 -.63669572446388E+00
 489 0.19312835829633E+02 0.22961444976421E-04 -.62134841852628E+00
 490 0.19789862874625E+02 0.16744728873552E-04 -.60637105350471E+00
 491 0.20278672487628E+02 0.12116131740747E-04 -.59175471211546E+00
 492 0.20779555698072E+02 0.86970834812960E-05 -.57749069202250E+00
 493 0.21292810723815E+02 0.61918681819526E-05 -.56357050065629E+00
 494 0.21818743148693E+02 0.43714001455331E-05 -.54998585015741E+00
 495 0.22357666104466E+02 0.30597103664185E-05 -.53672865244209E+00
 496 0.22909900457246E+02 0.21227982985792E-05 -.52379101438673E+00
 497 0.23475774998540E+02 0.14595237814315E-05 -.51116523312846E+00
 498 0.24055626641004E+02 0.99423852010830E-06 -.49884379147893E+00
 499 0.24649800619037E+02 0.67088393529353E-06 -.48681935344875E+00
 500 0.25258650694327E+02 0.44831108005076E-06 -.47508475987972E+00
 501 0.25882539366477E+02 0.29660746562487E-06 -.46363302418241E+00
 502 0.26521838088829E+02 0.19424407198125E-06 -.45245732817645E+00
 503 0.27176927489623E+02 0.12588279225344E-06 -.44155101803109E+00
 504 0.27848197598616E+02 0.80709533779530E-07 -.43090760030359E+00
 505 0.28536048079302E+02 0.51180822508391E-07 -.42052073807318E+00
 506 0.29240888466861E+02 0.32091847933843E-07 -.41038424716813E+00
 507 0.29963138411993E+02 0.19891395742293E-07 -.40049209248378E+00
 508 0.30703227930769E+02 0.12184107765116E-07 -.39083838438936E+00
 509 0.31461597660659E+02 0.73731281166057E-08 -.38141737522139E+00
 510 0.32238699122877E+02 0.44066413386407E-08 -.37222345586161E+00
 511 0.33034994991212E+02 0.26003174673577E-08 -.36325115239740E+00
 512 0.33850959367495E+02 0.15144994746652E-08 -.35449512286269E+00
 513 0.34687078063872E+02 0.87034947125923E-09 -.34595015405747E+00
 514 0.35543848892050E+02 0.49334867102626E-09 -.33761115844390E+00
 515 0.36421781959683E+02 0.27574021526147E-09 -.32947317111731E+00
 516 0.37321399974088E+02 0.15190716004344E-09 -.32153134685011E+00
 517 0.38243238553448E+02 0.82457545464613E-10 -.31378095720709E+00
 518 0.39187846545718E+02 0.44085361179735E-10 -.30621738773016E+00
 519 0.40155786355397E+02 0.23206183036826E-10 -.29883613519094E+00
 520 0.41147634278375E+02 0.12022293258260E-10 -.29163280490967E+00
 521 0.42163980845051E+02 0.61273060724945E-11 -.28460310813865E+00
 522 0.43205431171924E+02 0.30709311715476E-11 -.27774285950878E+00
 523 0.44272605321870E+02 0.15128765812185E-11 -.27104797453770E+00
 524 0.45366138673321E+02 0.73228389349672E-12 -.26451446719791E+00
 525 0.46486682298552E+02 0.34809842938820E-12 -.25813844754359E+00
 526 0.47634903351326E+02 0.16243164771713E-12 -.25191611939454E+00
 527 0.48811485464104E+02 0.74365703823859E-13 -.24584377807606E+00
 528 0.50017129155067E+02 0.33388663334589E-13 -.23991780821320E+00
 529 0.51252552245197E+02 0.14689764427390E-13 -.23413468157821E+00
 530 0.52518490285653E+02 0.63282242782953E-14 -.22849095498996E+00
 531 0.53815696995709E+02 0.00000000000000E+00 -.22298326826385E+00
 532 0.55144944711503E+02 0.00000000000000E+00 -.21760834221123E+00
 533 0.56507024845877E+02 0.00000000000000E+00 -.21236297668706E+00
 534 0.57902748359570E+02 0.00000000000000E+00 -.20724404868455E+00
 535 0.59332946244052E+02 0.00000000000000E+00 -.20224851047580E+00
 536 0.60798470016280E+02 0.00000000000000E+00 -.19737338779721E+00
 537 0.62300192225682E+02 0.00000000000000E+00 -.19261577807866E+00
 538 0.63839006973656E+02 0.00000000000000E+00 -.18797284871539E+00
 539 0.65415830445906E+02 0.00000000000000E+00 -.18344183538147E+00
 540 0.67031601457919E+02 0.00000000000000E+00 -.17902004038399E+00
 541 0.68687282013930E+02 0.00000000000000E+00 -.17470483105688E+00
 542 0.70383857879674E+02 0.00000000000000E+00 -.17049363819350E+00
 543 0.72122339169302E+02 0.00000000000000E+00 -.16638395451693E+00
 544 0.73903760946784E+02 0.00000000000000E+00 -.16237333318721E+00
 545 0.75729183842169E+02 0.00000000000000E+00 -.15845938634450E+00
 546 0.77599694683071E+02 0.00000000000000E+00 -.15463978368742E+00
 547 0.79516407141743E+02 0.00000000000000E+00 -.15091225108561E+00
