  3.906250000000000E-004  4.292110860431007E-007
  4.002734375000000E-004  4.506760226346097E-007
  4.101601914062500E-004  4.732144272316714E-007
  4.202911481339800E-004  4.968799844756384E-007
  4.306723394928900E-004  5.217290700885889E-007
  4.413099462783700E-004  5.478208670333797E-007
  4.522103019514400E-004  5.752175238893715E-007
  4.633798964096400E-004  6.039842974284105E-007
  4.748253798509600E-004  6.341897079577362E-007
  4.865535667332800E-004  6.659057025483511E-007
  4.985714398315900E-004  6.992078264123647E-007
  5.108861543954300E-004  7.341754028527573E-007
  5.235050424090000E-004  7.708917222114237E-007
  5.364356169565000E-004  8.094442402678254E-007
  5.496855766953300E-004  8.499247865600408E-007
  5.632628104397000E-004  8.924297831246978E-007
  5.771754018575600E-004  9.370604741762364E-007
  5.914316342834500E-004  9.839231672742262E-007
  6.060399956502500E-004  1.033129486551253E-006
  6.210091835428100E-004  1.084796638606108E-006
  6.363481103763200E-004  1.139047691695746E-006
  6.520659087026100E-004  1.196011868889853E-006
  6.681719366475700E-004  1.255824855887473E-006
  6.846757834827600E-004  1.318629124229112E-006
  7.015872753347800E-004  1.384574270674357E-006
  7.189164810355500E-004  1.453817373552053E-006
  7.366737181171300E-004  1.526523366935241E-006
  7.548695589546200E-004  1.602865433527585E-006
  7.735148370608000E-004  1.683025417202712E-006
  7.926206535362100E-004  1.767194256175504E-006
  8.121983836785500E-004  1.855572437837520E-006
  8.322596837554101E-004  1.948370476344365E-006
  8.528164979441700E-004  2.045809414086793E-006
  8.738810654433900E-004  2.148121348244033E-006
  8.954659277598400E-004  2.255549983675700E-006
  9.175839361755100E-004  2.368351213463343E-006
  9.402482593990400E-004  2.486793728491985E-006
  9.634723914062000E-004  2.611159657520153E-006
  9.872701594739301E-004  2.741745239263716E-006
  1.011655732412900E-003  2.878861528095393E-006
  1.036643629003500E-003  3.022835135042733E-006
  1.062248726639900E-003  3.174009005849247E-006
  1.088486270187900E-003  3.332743237951755E-006
  1.115371881061600E-003  3.499415938322597E-006
  1.142921566523800E-003  3.674424124217763E-006
  1.171151729216900E-003  3.858184668987188E-006
  1.200079176928600E-003  4.051135295181071E-006
  1.229721132598700E-003  4.253735617343820E-006
  1.260095244573900E-003  4.466468236963564E-006
  1.291219597114900E-003  4.689839892186810E-006
  1.323112721163600E-003  4.924382665054742E-006
  1.355793605376400E-003  5.170655249114650E-006
  1.389281707429200E-003  5.429244280447513E-006
  1.423596965602700E-003  5.700765735273866E-006
  1.458759810653100E-003  5.985866397472346E-006
  1.494791177976200E-003  6.285225399505549E-006
  1.531712520072200E-003  6.599555840433720E-006
  1.569545819318000E-003  6.929606484861448E-006
  1.608313601055100E-003  7.276163546883303E-006
  1.648038947001200E-003  7.640052563258679E-006
  1.688745508992100E-003  8.022140360303885E-006
  1.730457523064200E-003  8.423337119178812E-006
  1.773199823883900E-003  8.844598544488402E-006
  1.816997859533800E-003  9.286928141384977E-006
  1.861877706664300E-003  9.751379606569295E-006
  1.907866086018900E-003  1.023905933893837E-005
  1.954990378343600E-003  1.075112907581796E-005
  2.003278640688700E-003  1.128880866109688E-005
  2.052759623113700E-003  1.185337895184533E-005
  2.103462785804600E-003  1.244618487037564E-005
  2.155418316614000E-003  1.306863860897601E-005
  2.208657149034400E-003  1.372222299501830E-005
  2.263210980615500E-003  1.440849502441881E-005
  2.319112291836700E-003  1.512908957190302E-005
  2.376394365445100E-003  1.588572328690671E-005
  2.435091306271600E-003  1.668019868444251E-005
  2.495238061536500E-003  1.751440844062998E-005
  2.556870441656400E-003  1.839033990321672E-005
  2.620025141565300E-003  1.931007982774556E-005
  2.684739762562000E-003  2.027581935078857E-005
  2.751052834697300E-003  2.128985921202658E-005
  2.819003839714300E-003  2.235461523763683E-005
  2.888633234555300E-003  2.347262409814353E-005
  2.959982475448800E-003  2.464654935440577E-005
  3.033094042592400E-003  2.587918780618005E-005
  3.108011465444400E-003  2.717347615842925E-005
  3.184779348640900E-003  2.853249802131028E-005
  3.263443398552300E-003  2.995949126048207E-005
  3.344050450496500E-003  3.145785571537040E-005
  3.426648496623800E-003  3.303116130369961E-005
  3.511286714490400E-003  3.468315653179713E-005
  3.598015496338300E-003  3.641777743083418E-005
  3.686886479097900E-003  3.823915694049981E-005
  3.777952575131600E-003  4.015163476232488E-005
  3.871268003737300E-003  4.215976770643591E-005
  3.966888323429600E-003  4.426834055623836E-005
  4.064870465018400E-003  4.648237747708825E-005
  4.165272765504300E-003  4.880715399624661E-005
  4.268155002812300E-003  5.124820958263175E-005
  4.373578431381700E-003  5.381136085655795E-005
  4.481605818636900E-003  5.650271546092946E-005
  4.592301482357200E-003  5.932868662716514E-005
  4.705731328971400E-003  6.229600847051886E-005
  4.821962892797000E-003  6.541175205156448E-005
  4.941065376249100E-003  6.868334224212885E-005
  5.063109691042400E-003  7.211857543596140E-005
  5.188168500411200E-003  7.572563814675198E-005
  5.316316262371400E-003  7.951312653767989E-005
  5.447629274051900E-003  8.349006692952704E-005
  5.582185717121000E-003  8.766593733620019E-005
  5.720065704333900E-003  9.205069007935640E-005
  5.861351327230900E-003  9.665477553626334E-005
  6.006126705013500E-003  1.014891670777556E-004
  6.154478034627400E-003  1.065653872558832E-004
  6.306493642082700E-003  1.118955353043605E-004
  6.462264035042100E-003  1.174923160172564E-004
  6.621881956707700E-003  1.233690700754283E-004
  6.785442441038300E-003  1.295398058933916E-004
  6.953042869332000E-003  1.360192330629241E-004
  7.124783028204500E-003  1.428227974735501E-004
  7.300765169001100E-003  1.499667181942546E-004
  7.481094068675500E-003  1.574680262050968E-004
  7.665877092171700E-003  1.653446050713310E-004
  7.855224256348400E-003  1.736152336578749E-004
  8.049248295480200E-003  1.822996309868733E-004
  8.248064728378499E-003  1.914185033459944E-004
  8.451791927169499E-003  2.009935937603339E-004
  8.660551187770600E-003  2.110477339475248E-004
  8.874466802108500E-003  2.216048988806405E-004
  9.093666132120599E-003  2.326902640898446E-004
  9.318279685584000E-003  2.443302658412520E-004
  9.548441193817900E-003  2.565526643375668E-004
  9.784287691305200E-003  2.693866100926926E-004
  1.002595959728000E-002  2.828627136402967E-004
  1.027360079933300E-002  2.970131187444403E-004
  1.052735873907700E-002  3.118715792882428E-004
  1.078738449993200E-002  3.274735400271519E-004
  1.105383289708000E-002  3.438562214003925E-004
  1.132686256963800E-002  3.610587086066783E-004
  1.160663607510800E-002  3.791220451578634E-004
  1.189331998616300E-002  3.980893311384426E-004
  1.218708498982200E-002  4.180058264063414E-004
  1.248810598907000E-002  4.389190589872834E-004
  1.279656220700000E-002  4.608789389222911E-004
  1.311263729351300E-002  4.839378778462992E-004
  1.343651943466300E-002  5.081509145865818E-004
  1.376840146469900E-002  5.335758470860612E-004
  1.410848098087700E-002  5.602733709704129E-004
  1.445696046110500E-002  5.883072250978083E-004
  1.481404738449400E-002  6.177443444420932E-004
  1.517995435489100E-002  6.486550206829798E-004
  1.555489922745700E-002  6.811130708937112E-004
  1.593910523837500E-002  7.151960147360427E-004
  1.633280113776300E-002  7.509852605952850E-004
  1.673622132586600E-002  7.885663011087212E-004
  1.714960599261500E-002  8.280289185644977E-004
  1.757320126063200E-002  8.694674006733106E-004
  1.800725933177000E-002  9.129807672396233E-004
  1.845203863726500E-002  9.586730082873712E-004
  1.890780399160500E-002  1.006653334223014E-003
  1.937482675019800E-002  1.057036438649611E-003
  1.985338497092800E-002  1.109942774476301E-003
  2.034376357970900E-002  1.165498844001054E-003
  2.084625454012800E-002  1.223837503680956E-003
  2.136115702726900E-002  1.285098284338317E-003
  2.188877760584300E-002  1.349427727593176E-003
  2.242943041270700E-002  1.416979739350755E-003
  2.298343734390100E-002  1.487915961217301E-003
  2.355112824629600E-002  1.562406160761970E-003
  2.413284111397900E-002  1.640628641591134E-003
  2.472892228949400E-002  1.722770674250949E-003
  2.533972667004500E-002  1.809028949027242E-003
  2.596561791879500E-002  1.899610051767684E-003
  2.660696868138900E-002  1.994730963910010E-003
  2.726416080782000E-002  2.094619587961631E-003
  2.793758557977300E-002  2.199515299741730E-003
  2.862764394359300E-002  2.309669528764300E-003
  2.933474674900000E-002  2.425346368215786E-003
  3.005931499370000E-002  2.546823216053616E-003
  3.080178007404400E-002  2.674391448834980E-003
  3.156258404187300E-002  2.808357129969595E-003
  3.234217986770800E-002  2.949041754178517E-003
  3.314103171044000E-002  3.096783030034938E-003
  3.395961519368800E-002  3.251935702564562E-003
  3.479841768897200E-002  3.414872417985184E-003
  3.565793860589000E-002  3.585984632775447E-003
  3.653868968945500E-002  3.765683569381553E-003
  3.744119532478500E-002  3.954401220989692E-003
  3.836599284930700E-002  4.152591407924737E-003
  3.931363287268500E-002  4.360730888367592E-003
  4.028467960464000E-002  4.579320526233434E-003
  4.127971119087500E-002  4.808886519196393E-003
  4.229932005728900E-002  5.049981690014488E-003
  4.334411326270400E-002  5.303186844470092E-003
  4.441471286029300E-002  5.569112199420510E-003
  4.551175626794200E-002  5.848398884646703E-003
  4.663589664776000E-002  6.141720522369218E-003
  4.778780329496000E-002  6.449784888532119E-003
  4.896816203634600E-002  6.773335660149323E-003
  5.017767563864300E-002  7.113154253256349E-003
  5.141706422691800E-002  7.470061756248706E-003
  5.268706571332300E-002  7.844920963641647E-003
  5.398843623644200E-002  8.238638515558007E-003
  5.532195061148200E-002  8.652167148532196E-003
  5.668840279158500E-002  9.086508063527402E-003
  5.808860634053800E-002  9.542713417361704E-003
  5.952339491714900E-002  1.002188894408392E-002
  6.099362277160200E-002  1.052519671317986E-002
  6.250016525406100E-002  1.105385803185979E-002
  6.404391933583600E-002  1.160915649905515E-002
  6.562580414343100E-002  1.219244121917086E-002
  6.724676150577399E-002  1.280513018404013E-002
  6.890775651496700E-002  1.344871383198893E-002
  7.060977810088601E-002  1.412475879337805E-002
  7.235383961997800E-002  1.483491183246277E-002
  7.414097945859199E-002  1.558090399593990E-002
  7.597226165121899E-002  1.636455497905250E-002
  7.784877651400400E-002  1.718777772069495E-002
  7.977164129390001E-002  1.805258323951456E-002
  8.174200083385900E-002  1.896108572362259E-002
  8.376102825445600E-002  1.991550788709973E-002
  8.582992565234100E-002  2.091818660716637E-002
  8.794992481595400E-002  2.197157885649060E-002
  9.012228795890800E-002  2.307826794581562E-002
  9.234830847149300E-002  2.424097009273736E-002
  9.462931169073800E-002  2.546254133318381E-002
  9.696665568950000E-002  2.674598479284271E-002
  9.936173208503001E-002  2.809445833648984E-002
  0.101815966867530       2.951128261388702E-002
  0.104330821249160       3.099994952160317E-002
  0.106907792534010       3.256413110081952E-002
  0.109548415009600       3.420768889180215E-002
  0.112254260860340       3.593468376633422E-002
  0.115026941103590       3.774938625994369E-002
  0.117868106548850       3.965628742610710E-002
  0.120779448780610       4.166011023490283E-002
  0.123762701165490       4.376582153850694E-002
  0.126819639884270       4.597864462558437E-002
  0.129952084989420       4.830407238573146E-002
  0.133161901488650       5.074788110367555E-002
  0.136451000455420       5.331614490071818E-002
  0.139821340166670       5.601525083784423E-002
  0.143274927268790       5.885191469126509E-002
  0.146813817972330       6.183319740690067E-002
  0.150440119276250       6.496652223667193E-002
  0.154155990222370       6.825969255667931E-002
  0.157963643180860       7.172091036756637E-002
  0.161865345167430       7.535879548064293E-002
  0.165863419193060       7.918240540024984E-002
  0.169960245647130       8.320125592136060E-002
  0.174158263714620       8.742534246723140E-002
  0.178459972828370       9.186516218930370E-002
  0.182867934157230       9.653173683394534E-002
  0.187384772130910       0.101436636345005     
  0.192013176002550       0.106592003118919     
  0.196755901449810       0.112010576768317     
  0.201615772215620       0.117705719191682     
  0.206595681789340       0.123691439700947     
  0.211698595129540       0.129982419929425     
  0.216927550429240       0.136594038225579     
  0.222285660924840       0.143542393222956     
  0.227776116749690       0.150844326251751     
  0.233402186833400       0.158517442213375     
  0.239167220848190       0.166580128471958     
  0.245074651203140       0.175051571226517     
  0.251127995087860       0.183951768716705     
  0.257330856566530       0.193301540486816     
  0.263686928723720       0.203122531787306     
  0.270199995863200       0.213437212030784     
  0.276873935761020       0.224268866036831     
  0.283712721974310       0.235641576595297     
  0.290720426207080       0.247580196646881     
  0.297901220734390       0.260110309119405     
  0.305259380886530       0.273258172165169     
  0.312799287594430       0.287050647215083     
  0.320525429998010       0.301515106895499     
  0.328442408118960       0.316679319440325     
  0.336554935599500       0.332571305771464     
  0.344867842508810       0.349219164910025     
  0.353386078218780       0.366650862820332     
  0.362114714350780       0.384893979173315     
  0.371058947795250       0.403975405848634     
  0.380224103805790       0.423920990276420     
  0.389615639169790       0.444755115953838     
  0.399239145457290       0.466500211668641     
  0.409100352350080       0.489176180130700     
  0.419205131053130       0.512799735874121     
  0.429559497790140       0.537383641469201     
  0.440169617385560       0.562935830311405     
  0.451041806934980       0.589458403577773     
  0.462182539566270       0.616946488420449     
  0.473598448293560       0.645386944180375     
  0.485296329966410       0.674756903448407     
  0.497283149316580       0.705022135310326     
  0.509566043104700       0.736135219237383     
  0.522152324369390       0.768033520036604     
  0.535049486781310       0.800636957301848     
  0.548265209104810       0.833845567228936     
  0.561807359769700       0.867536860862296     
  0.575684001556010       0.901562991320634     
  0.589903396394440       0.935747753899521     
  0.604474010285390       0.969883457908806     
  0.619404518339440        1.00372772853960     
  0.634703809942420        1.03700032209265     
  0.650380994048000        1.06938006957147     
  0.666445404600980        1.10050210340496     
  0.682906606094630        1.12995557080392     
  0.699774399265160        1.15728209562671     
  0.717058826927010        1.18197531770788     
  0.734770179952110        1.20348191106074     
  0.752919003396930        1.22120455275500     
  0.771516102780830        1.23450736971006     
  0.790572550519520        1.24272441277591     
  0.810099692517350        1.24517167615805     
  0.830109154922530        1.24116308403526     
  0.850612851049120        1.23003072176289     
  0.871622988470030        1.21114946507541     
  0.893152076285240        1.18396618452246     
  0.915212932569480        1.14803399740540     
  0.937818692003950        1.10305253479972     
  0.960982813696450        1.04891535160832     
  0.984719089194750       0.985764412543092     
   1.00904165069790       0.914048246775473     
   1.03396497947010       0.834575618109550     
   1.05950391446300       0.748553052067849     
   1.08567366115020       0.657594866531590     
   1.11248980058070       0.563698170059429     
   1.13996829865500       0.469179611339958     
   1.16812551563180       0.376573260262166     
   1.19697821586790       0.288490822668460     
   1.22654357779980       0.207448985313358     
   1.25683920417150       0.135675223116749     
   1.28788313251450       7.491161929083880E-002
   1.31969384588760       2.624338952727532E-002
   1.35229028388100      -1.001812456028495E-002
   1.38569185389290      -3.437151910822953E-002
   1.41991844268410      -4.806451108628987E-002
   1.45499042821840      -5.293694274023780E-002
   1.49092869179530      -5.118772202203612E-002
   1.52775463048270      -4.510305703714818E-002
   1.56549016985560      -3.679322112162491E-002
   1.60415777705100      -2.798392866988782E-002
   1.64378047414420      -1.989561769914312E-002
   1.68438185185560      -1.322264902037140E-002
   1.72598608359640      -8.200785810566756E-003
   1.76861793986120      -4.732483666156622E-003
   1.81230280297580      -2.531067137115030E-003
   1.85706668220930      -1.248545400364798E-003
   1.90293622925990      -5.648673529115121E-004
   1.94993875412260      -2.328878384220275E-004
   1.99810224134940      -8.687261678318784E-005
   2.04745536671080      -2.908599832669511E-005
   2.09802751426850      -8.663933953905512E-006
   2.14984879387090      -2.273820513468737E-006
   2.20295005907960      -5.202063869308030E-007
   2.25736292553880      -1.025417222507061E-007
   2.31311978979960       2.913312484468168E-009
   2.37025384860770       4.297165034979645E-010
   2.42879911866830       5.260473458955614E-011
   2.48879045689940       5.287003660336841E-012
   2.55026358118480       3.781149662817284E-013
   2.61325509164010       5.255519267838969E-014
   2.67780249240360        0.00000000000000     
   2.74394421396600        0.00000000000000     
   2.81171963605090        0.00000000000000     
   2.88116911106140        0.00000000000000     
   2.95233398810460        0.00000000000000     
   3.02525663761080        0.00000000000000     
   3.09998047655980        0.00000000000000     
   3.17654999433080        0.00000000000000     
   3.25501077919070        0.00000000000000     
   3.33540954543680        0.00000000000000     
   3.41779416120900        0.00000000000000     
   3.50221367699090        0.00000000000000     
   3.58871835481260        0.00000000000000     
   3.67735969817650        0.00000000000000     
   3.76819048272140        0.00000000000000     
   3.86126478764460        0.00000000000000     
   3.95663802789950        0.00000000000000     
   4.05436698718860        0.00000000000000     
   4.15450985177210        0.00000000000000     
   4.25712624511090        0.00000000000000     
   4.36227726336510        0.00000000000000     
   4.47002551177030        0.00000000000000     
   4.58043514191100        0.00000000000000     
   4.69357188991620        0.00000000000000     
   4.80950311559710        0.00000000000000     
   4.92829784255240        0.00000000000000     
   5.05002679926340        0.00000000000000     
   5.17476246120520        0.00000000000000     
   5.30257909399700        0.00000000000000     
   5.43355279761870        0.00000000000000     
   5.56776155171990        0.00000000000000     
   5.70528526204740        0.00000000000000     
   5.84620580801990        0.00000000000000     
   5.99060709147800        0.00000000000000     
   6.13857508663750        0.00000000000000     
   6.29019789127750        0.00000000000000     
   6.44556577919200        0.00000000000000     
   6.60477125393810        0.00000000000000     
   6.76790910391030        0.00000000000000     
   6.93507645877690        0.00000000000000     
   7.10637284730870        0.00000000000000     
   7.28190025663720        0.00000000000000     
   7.46176319297620        0.00000000000000     
   7.64606874384270        0.00000000000000     
   7.83492664181560        0.00000000000000     
   8.02844932986850        0.00000000000000     
   8.22675202831620        0.00000000000000     
   8.42995280341560        0.00000000000000     
   8.63817263766000        0.00000000000000     
   8.85153550181020        0.00000000000000     
   9.07016842870490        0.00000000000000     
   9.29420158889390        0.00000000000000     
   9.52376836813960        0.00000000000000     
   9.75900544683260        0.00000000000000     
   10.0000528813690        0.00000000000000     
   10.2470541875390        0.00000000000000     
   10.5001564259710        0.00000000000000     
   10.7595102896930        0.00000000000000     
   11.0252701938480        0.00000000000000     
   11.2975943676360        0.00000000000000     
   11.5766449485170        0.00000000000000     
   11.8625880787450        0.00000000000000     
   12.1555940042900        0.00000000000000     
   12.4558371761960        0.00000000000000     
   12.7634963544480        0.00000000000000     
   13.0787547144030        0.00000000000000     
   13.4017999558490        0.00000000000000     
   13.7328244147590        0.00000000000000     
   14.0720251778030        0.00000000000000     
   14.4196041996950        0.00000000000000     
   14.7757684234270        0.00000000000000     
   15.1407299034860        0.00000000000000     
   15.5147059321020        0.00000000000000     
   15.8979191686250        0.00000000000000     
   16.2905977720900        0.00000000000000     
   16.6929755370610        0.00000000000000     
   17.1052920328260        0.00000000000000     
   17.5277927460370        0.00000000000000     
   17.9607292268640        0.00000000000000     
   18.4043592387670        0.00000000000000     
   18.8589469119650        0.00000000000000     
   19.3247629006910        0.00000000000000     
   19.8020845443380        0.00000000000000     
   20.2911960325830        0.00000000000000     
   20.7923885745880        0.00000000000000     
   21.3059605723800        0.00000000000000     
   21.8322177985180        0.00000000000000     
   22.3714735781410        0.00000000000000     
   22.9240489755210        0.00000000000000     
   23.4902729852160        0.00000000000000     
   24.0704827279510        0.00000000000000     
   24.6650236513320        0.00000000000000     
   25.2742497355200        0.00000000000000     
   25.8985237039870        0.00000000000000     
   26.5382172394750        0.00000000000000     
   27.1937112052900        0.00000000000000     
   27.8653958720610        0.00000000000000     
   28.5536711501010        0.00000000000000     
   29.2589468275080        0.00000000000000     
   29.9816428141480        0.00000000000000     
   30.7221893916570        0.00000000000000     
   31.4810274696310        0.00000000000000     
   32.2586088481310        0.00000000000000     
   33.0553964866800        0.00000000000000     
   33.8718647799010        0.00000000000000     
   34.7084998399650        0.00000000000000     
   35.5657997860120        0.00000000000000     
   36.4442750407260        0.00000000000000     
   37.3444486342320        0.00000000000000     
   38.2668565154980        0.00000000000000     
   39.2120478714300        0.00000000000000     
   40.1805854538550        0.00000000000000     
   41.1730459145650        0.00000000000000     
   42.1900201486550        0.00000000000000     
   43.2321136463270        0.00000000000000     
   44.2999468533910        0.00000000000000     
   45.3941555406700        0.00000000000000     
   46.5153911825240        0.00000000000000     
   47.6643213447320        0.00000000000000     
   48.8416300819470        0.00000000000000     
   50.0480183449710        0.00000000000000     
   51.2842043980920        0.00000000000000     
   52.5509242467250        0.00000000000000     
   53.8489320756190        0.00000000000000     
   55.1790006978870        0.00000000000000     
   56.5419220151250        0.00000000000000     
   57.9385074888980        0.00000000000000     
   59.3695886238740        0.00000000000000     
   60.8360174628840        0.00000000000000     
   62.3386670942170        0.00000000000000     
   63.8784321714440        0.00000000000000     
   65.4562294460790        0.00000000000000     
   67.0729983133970        0.00000000000000     
   68.7297013717380        0.00000000000000     
   70.4273249956200        0.00000000000000     
   72.1668799230120        0.00000000000000     
   73.9494018571100        0.00000000000000     
   75.7759520829810        0.00000000000000     
   77.6476180994300        0.00000000000000     
