  7.812500000000000E-004   0.00000000000000     
  8.005468750000000E-004   0.00000000000000     
  8.203203828125000E-004   0.00000000000000     
  8.405822962679700E-004   0.00000000000000     
  8.613446789857900E-004   0.00000000000000     
  8.826198925567400E-004   0.00000000000000     
  9.044206039028900E-004   0.00000000000000     
  9.267597928192900E-004   0.00000000000000     
  9.496507597019300E-004   0.00000000000000     
  9.731071334665600E-004   0.00000000000000     
  9.971428796631901E-004   0.00000000000000     
  1.021772308790900E-003   0.00000000000000     
  1.047010084818000E-003   0.00000000000000     
  1.072871233913000E-003   0.00000000000000     
  1.099371153390700E-003   0.00000000000000     
  1.126525620879400E-003   0.00000000000000     
  1.154350803715100E-003   0.00000000000000     
  1.182863268566900E-003   0.00000000000000     
  1.212079991300500E-003   0.00000000000000     
  1.242018367085600E-003   0.00000000000000     
  1.272696220752600E-003   0.00000000000000     
  1.304131817405200E-003   0.00000000000000     
  1.336343873295100E-003   0.00000000000000     
  1.369351566965500E-003   0.00000000000000     
  1.403174550669600E-003   0.00000000000000     
  1.437832962071100E-003   0.00000000000000     
  1.473347436234300E-003   0.00000000000000     
  1.509739117909200E-003   0.00000000000000     
  1.547029674121600E-003   0.00000000000000     
  1.585241307072400E-003   0.00000000000000     
  1.624396767357100E-003   0.00000000000000     
  1.664519367510800E-003   0.00000000000000     
  1.705632995888300E-003   0.00000000000000     
  1.747762130886800E-003   0.00000000000000     
  1.790931855519700E-003   0.00000000000000     
  1.835167872351000E-003   0.00000000000000     
  1.880496518798100E-003   0.00000000000000     
  1.926944782812400E-003   0.00000000000000     
  1.974540318947900E-003   0.00000000000000     
  2.023311464825900E-003   0.00000000000000     
  2.073287258007100E-003   0.00000000000000     
  2.124497453279900E-003   0.00000000000000     
  2.176972540375900E-003   0.00000000000000     
  2.230743762123100E-003   0.00000000000000     
  2.285843133047600E-003   0.00000000000000     
  2.342303458433900E-003   0.00000000000000     
  2.400158353857200E-003   0.00000000000000     
  2.459442265197500E-003   0.00000000000000     
  2.520190489147800E-003   0.00000000000000     
  2.582439194229800E-003   0.00000000000000     
  2.646225442327300E-003   0.00000000000000     
  2.711587210752700E-003   0.00000000000000     
  2.778563414858300E-003   0.00000000000000     
  2.847193931205300E-003   0.00000000000000     
  2.917519621306100E-003   0.00000000000000     
  2.989582355952400E-003   0.00000000000000     
  3.063425040144400E-003   0.00000000000000     
  3.139091638636000E-003   0.00000000000000     
  3.216627202110300E-003   0.00000000000000     
  3.296077894002400E-003   0.00000000000000     
  3.377491017984200E-003   0.00000000000000     
  3.460915046128500E-003   0.00000000000000     
  3.546399647767800E-003   0.00000000000000     
  3.633995719067700E-003   0.00000000000000     
  3.723755413328700E-003   0.00000000000000     
  3.815732172037900E-003   0.00000000000000     
  3.909980756687200E-003   0.00000000000000     
  4.006557281377400E-003   0.00000000000000     
  4.105519246227400E-003   0.00000000000000     
  4.206925571609200E-003   0.00000000000000     
  4.310836633228000E-003   0.00000000000000     
  4.417314298068700E-003   0.00000000000000     
  4.526421961231000E-003   0.00000000000000     
  4.638224583673400E-003   0.00000000000000     
  4.752788730890200E-003   0.00000000000000     
  4.870182612543100E-003   0.00000000000000     
  4.990476123073000E-003   0.00000000000000     
  5.113740883312900E-003   0.00000000000000     
  5.240050283130700E-003   0.00000000000000     
  5.369479525124000E-003   0.00000000000000     
  5.502105669394600E-003   0.00000000000000     
  5.638007679428600E-003   0.00000000000000     
  5.777266469110500E-003   0.00000000000000     
  5.919964950897500E-003   0.00000000000000     
  6.066188085184700E-003   0.00000000000000     
  6.216022930888800E-003   0.00000000000000     
  6.369558697281700E-003   0.00000000000000     
  6.526886797104600E-003   0.00000000000000     
  6.688100900993100E-003   0.00000000000000     
  6.853296993247600E-003   0.00000000000000     
  7.022573428980800E-003   0.00000000000000     
  7.196030992676600E-003   0.00000000000000     
  7.373772958195700E-003   0.00000000000000     
  7.555905150263200E-003   0.00000000000000     
  7.742536007474700E-003   0.00000000000000     
  7.933776646859301E-003   0.00000000000000     
  8.129740930036700E-003   0.00000000000000     
  8.330545531008600E-003   0.00000000000000     
  8.536310005624499E-003   0.00000000000000     
  8.747156862763500E-003   0.00000000000000     
  8.963211637273700E-003   0.00000000000000     
  9.184602964714400E-003   0.00000000000000     
  9.411462657942800E-003   0.00000000000000     
  9.643925785594001E-003   0.00000000000000     
  9.882130752498200E-003   0.00000000000000     
  1.012621938208500E-002   0.00000000000000     
  1.037633700082200E-002   0.00000000000000     
  1.063263252474300E-002   0.00000000000000     
  1.089525854810400E-002   0.00000000000000     
  1.116437143424200E-002   0.00000000000000     
  1.144013140866800E-002   0.00000000000000     
  1.172270265446200E-002   0.00000000000000     
  1.201225341002700E-002   0.00000000000000     
  1.230895606925500E-002   0.00000000000000     
  1.261298728416500E-002   0.00000000000000     
  1.292452807008400E-002   0.00000000000000     
  1.324376391341500E-002   0.00000000000000     
  1.357088488207700E-002   0.00000000000000     
  1.390608573866400E-002   0.00000000000000     
  1.424956605640900E-002   0.00000000000000     
  1.460153033800200E-002   0.00000000000000     
  1.496218813735100E-002   0.00000000000000     
  1.533175418434300E-002   0.00000000000000     
  1.571044851269700E-002   0.00000000000000     
  1.609849659096000E-002   0.00000000000000     
  1.649612945675700E-002   0.00000000000000     
  1.690358385433900E-002   0.00000000000000     
  1.732110237554100E-002   0.00000000000000     
  1.774893360421700E-002   0.00000000000000     
  1.818733226424100E-002   0.00000000000000     
  1.863655937116800E-002   0.00000000000000     
  1.909688238763600E-002   0.00000000000000     
  1.956857538261000E-002   0.00000000000000     
  2.005191919456100E-002   0.00000000000000     
  2.054720159866700E-002   0.00000000000000     
  2.105471747815400E-002   0.00000000000000     
  2.157476899986400E-002   0.00000000000000     
  2.210766579416100E-002   0.00000000000000     
  2.265372513927600E-002   0.00000000000000     
  2.321327215021700E-002   0.00000000000000     
  2.378663997232700E-002   0.00000000000000     
  2.437416997964300E-002   0.00000000000000     
  2.497621197814100E-002   0.00000000000000     
  2.559312441400100E-002   0.00000000000000     
  2.622527458702600E-002   0.00000000000000     
  2.687303886932600E-002   0.00000000000000     
  2.753680292939800E-002   0.00000000000000     
  2.821696196175400E-002   0.00000000000000     
  2.891392092221000E-002   0.00000000000000     
  2.962809476898800E-002   0.00000000000000     
  3.035990870978200E-002   0.00000000000000     
  3.110979845491400E-002   0.00000000000000     
  3.187821047675000E-002   0.00000000000000     
  3.266560227552600E-002   0.00000000000000     
  3.347244265173200E-002   0.00000000000000     
  3.429921198522900E-002   0.00000000000000     
  3.514640252126500E-002   0.00000000000000     
  3.601451866354000E-002   0.00000000000000     
  3.690407727452900E-002   0.00000000000000     
  3.781560798321000E-002   0.00000000000000     
  3.874965350039500E-002   0.00000000000000     
  3.970676994185500E-002   0.00000000000000     
  4.068752715941900E-002   0.00000000000000     
  4.169250908025700E-002   0.00000000000000     
  4.272231405453900E-002   0.00000000000000     
  4.377755521168600E-002   0.00000000000000     
  4.485886082541500E-002   0.00000000000000     
  4.596687468780200E-002   0.00000000000000     
  4.710225649259100E-002   0.00000000000000     
  4.826568222795800E-002   0.00000000000000     
  4.945784457898900E-002   0.00000000000000     
  5.067945334009000E-002   0.00000000000000     
  5.193123583759000E-002   0.00000000000000     
  5.321393736277800E-002   0.00000000000000     
  5.452832161563900E-002   0.00000000000000     
  5.587517115954500E-002   0.00000000000000     
  5.725528788718600E-002   0.00000000000000     
  5.866949349800000E-002   0.00000000000000     
  6.011862998740000E-002   0.00000000000000     
  6.160356014808900E-002   0.00000000000000     
  6.312516808374700E-002   0.00000000000000     
  6.468435973541500E-002   0.00000000000000     
  6.628206342088000E-002   0.00000000000000     
  6.791923038737600E-002   0.00000000000000     
  6.959683537794401E-002   0.00000000000000     
  7.131587721177900E-002   0.00000000000000     
  7.307737937891000E-002   0.00000000000000     
  7.488239064956900E-002   0.00000000000000     
  7.673198569861300E-002   0.00000000000000     
  7.862726574536900E-002   0.00000000000000     
  8.056935920928000E-002   0.00000000000000     
  8.255942238174900E-002   0.00000000000000     
  8.459864011457800E-002   0.00000000000000     
  8.668822652540800E-002   0.00000000000000     
  8.882942572058600E-002   0.00000000000000     
  9.102351253588400E-002   0.00000000000000     
  9.327179329552100E-002   0.00000000000000     
  9.557560658992000E-002   0.00000000000000     
  9.793632407269100E-002   0.00000000000000     
  0.100355351277290        0.00000000000000     
  0.102834128453840        0.00000000000000     
  0.105374131426650        0.00000000000000     
  0.107976872472880        0.00000000000000     
  0.110643901222960        0.00000000000000     
  0.113376805583170        0.00000000000000     
  0.116177212681080        0.00000000000000     
  0.119046789834300        0.00000000000000     
  0.121987245543200        0.00000000000000     
  0.125000330508120        0.00000000000000     
  0.128087838671670        0.00000000000000     
  0.131251608286860        0.00000000000000     
  0.134493523011550        0.00000000000000     
  0.137815513029930        0.00000000000000     
  0.141219556201770        0.00000000000000     
  0.144707679239960        0.00000000000000     
  0.148281958917180        0.00000000000000     
  0.151944523302440        0.00000000000000     
  0.155697553028010        0.00000000000000     
  0.159543282587800        0.00000000000000     
  0.163484001667720        0.00000000000000     
  0.167522056508910        0.00000000000000     
  0.171659851304680        0.00000000000000     
  0.175899849631910        0.00000000000000     
  0.180244575917820        0.00000000000000     
  0.184696616942990        0.00000000000000     
  0.189258623381480        0.00000000000000     
  0.193933311379000        0.00000000000000     
  0.198723464170060        0.00000000000000     
  0.203631933735060        0.00000000000000     
  0.208661642498320        0.00000000000000     
  0.213815585068030        0.00000000000000     
  0.219096830019210        0.00000000000000     
  0.224508521720680        0.00000000000000     
  0.230053882207180        0.00000000000000     
  0.235736213097700        0.00000000000000     
  0.241558897561210        0.00000000000000     
  0.247525402330970        0.00000000000000     
  0.253639279768550        0.00000000000000     
  0.259904169978830        0.00000000000000     
  0.266323802977310        0.00000000000000     
  0.272902000910850        0.00000000000000     
  0.279642680333350        0.00000000000000     
  0.286549854537580        0.00000000000000     
  0.293627635944660        0.00000000000000     
  0.300880238552490        0.00000000000000     
  0.308311980444740        0.00000000000000     
  0.315927286361720        0.00000000000000     
  0.323730690334860        0.00000000000000     
  0.331726838386130        0.00000000000000     
  0.339920491294270        0.00000000000000     
  0.348316527429230        0.00000000000000     
  0.356919945656740        0.00000000000000     
  0.365735868314460        0.00000000000000     
  0.374769544261820        0.00000000000000     
  0.384026352005090        0.00000000000000     
  0.393511802899620        0.00000000000000     
  0.403231544431240        0.00000000000000     
  0.413191363578690        0.00000000000000     
  0.423397190259080        0.00000000000000     
  0.433855100858480        0.00000000000000     
  0.444571321849690        0.00000000000000     
  0.455552233499370        0.00000000000000     
  0.466804373666810        0.00000000000000     
  0.478334441696380        0.00000000000000     
  0.490149302406280        0.00000000000000     
  0.502255990175710        0.00000000000000     
  0.514661713133050        0.00000000000000     
  0.527373857447440        0.00000000000000     
  0.540399991726390        0.00000000000000     
  0.553747871522030        0.00000000000000     
  0.567425443948630        0.00000000000000     
  0.581440852414160        0.00000000000000     
  0.595802441468790        0.00000000000000     
  0.610518761773070        0.00000000000000     
  0.625598575188860        0.00000000000000     
  0.641050859996030        0.00000000000000     
  0.656884816237930        0.00000000000000     
  0.673109871199010        0.00000000000000     
  0.689735685017620        0.00000000000000     
  0.706772156437560        0.00000000000000     
  0.724229428701560        0.00000000000000     
  0.742117895590490        0.00000000000000     
  0.760448207611580        0.00000000000000     
  0.779231278339580        0.00000000000000     
  0.798478290914570        0.00000000000000     
  0.818200704700160        0.00000000000000     
  0.838410262106260        0.00000000000000     
  0.859118995580280        0.00000000000000     
  0.880339234771110        0.00000000000000     
  0.902083613869960        0.00000000000000     
  0.924365079132550        0.00000000000000     
  0.947196896587120        0.00000000000000     
  0.970592659932820        0.00000000000000     
  0.994566298633160        0.00000000000000     
   1.01913208620940        0.00000000000000     
   1.04430464873880        0.00000000000000     
   1.07009897356260        0.00000000000000     
   1.09653041820960        0.00000000000000     
   1.12361471953940        0.00000000000000     
   1.15136800311200        0.00000000000000     
   1.17980679278890        0.00000000000000     
   1.20894802057080        0.00000000000000     
   1.23880903667890        0.00000000000000     
   1.26940761988480        0.00000000000000     
   1.30076198809600        0.00000000000000     
   1.33289080920200        0.00000000000000     
   1.36581321218930        0.00000000000000     
   1.39954879853030        0.00000000000000     
   1.43411765385400        0.00000000000000     
   1.46954035990420        0.00000000000000     
   1.50583800679390        0.00000000000000     
   1.54303220556170        0.00000000000000     
   1.58114510103900        0.00000000000000     
   1.62019938503470        0.00000000000000     
   1.66021830984510        0.00000000000000     
   1.70122570209820        0.00000000000000     
   1.74324597694010        0.00000000000000     
   1.78630415257050        0.00000000000000     
   1.83042586513900        0.00000000000000     
   1.87563738400790        0.00000000000000     
   1.92196562739290        0.00000000000000     
   1.96943817838950        0.00000000000000     
   2.01808330139570        0.00000000000000     
   2.06792995894020        0.00000000000000     
   2.11900782892600        0.00000000000000     
   2.17134732230050        0.00000000000000     
   2.22497960116130        0.00000000000000     
   2.27993659731000        0.00000000000000     
   2.33625103126360        0.00000000000000     
   2.39395643173580        0.00000000000000     
   2.45308715559960        0.00000000000000     
   2.51367840834290        0.00000000000000     
   2.57576626502900        0.00000000000000     
   2.63938769177520        0.00000000000000     
   2.70458056776210        0.00000000000000     
   2.77138370778580        0.00000000000000     
   2.83983688536810        0.00000000000000     
   2.90998085643670        0.00000000000000     
   2.98185738359070        0.00000000000000     
   3.05550926096540        0.00000000000000     
   3.13098033971120        0.00000000000000     
   3.20831555410210        0.00000000000000     
   3.28756094828840        0.00000000000000     
   3.36876370371110        0.00000000000000     
   3.45197216719280        0.00000000000000     
   3.53723587972250        0.00000000000000     
   3.62460560595160        0.00000000000000     
   3.71413336441860        0.00000000000000     
   3.80587245851980        0.00000000000000     
   3.89987750824520        0.00000000000000     
   3.99620448269880        0.00000000000000     
   4.09491073342150        0.00000000000000     
   4.19605502853700        0.00000000000000     
   4.29969758774190        0.00000000000000     
   4.40590011815910        0.00000000000000     
   4.51472585107760        0.00000000000000     
   4.62623957959930        0.00000000000000     
   4.74050769721540        0.00000000000000     
   4.85759823733660        0.00000000000000     
   4.97758091379880        0.00000000000000     
   5.10052716236960        0.00000000000000     
   5.22651018328010        0.00000000000000     
   5.35560498480720        0.00000000000000     
   5.48788842793190        0.00000000000000     
   5.62343927210180        0.00000000000000     
   5.76233822212270        0.00000000000000     
   5.90466797620920        0.00000000000000     
   6.05051327522150        0.00000000000000     
   6.19996095311950        0.00000000000000     
   6.35309998866160        0.00000000000000     
   6.51002155838150        0.00000000000000     
   6.67081909087350        0.00000000000000     
   6.83558832241810        0.00000000000000     
   7.00442735398180        0.00000000000000     
   7.17743670962520        0.00000000000000     
   7.35471939635290        0.00000000000000     
   7.53638096544280        0.00000000000000     
   7.72252957528930        0.00000000000000     
   7.91327605579890        0.00000000000000     
   8.10873397437710        0.00000000000000     
   8.30901970354430        0.00000000000000     
   8.51425249022180        0.00000000000000     
   8.72455452673030        0.00000000000000     
   8.94005102354050        0.00000000000000     
   9.16087028382200        0.00000000000000     
   9.38714377983240        0.00000000000000     
   9.61900623119420        0.00000000000000     
   9.85659568510470        0.00000000000000     
   10.1000535985270        0.00000000000000     
   10.3495249224100        0.00000000000000     
   10.6051581879940        0.00000000000000     
   10.8671055952370        0.00000000000000     
   11.1355231034400        0.00000000000000     
   11.4105705240950        0.00000000000000     
   11.6924116160400        0.00000000000000     
   11.9812141829560        0.00000000000000     
   12.2771501732750        0.00000000000000     
   12.5803957825550        0.00000000000000     
   12.8911315583840        0.00000000000000     
   13.2095425078760        0.00000000000000     
   13.5358182078210        0.00000000000000     
   13.8701529175540        0.00000000000000     
   14.2127456946170        0.00000000000000     
   14.5638005132740        0.00000000000000     
   14.9235263859520        0.00000000000000     
   15.2921374876850        0.00000000000000     
   15.6698532836310        0.00000000000000     
   16.0568986597370        0.00000000000000     
   16.4535040566320        0.00000000000000     
   16.8599056068310        0.00000000000000     
   17.2763452753200        0.00000000000000     
   17.7030710036200        0.00000000000000     
   18.1403368574100        0.00000000000000     
   18.5884031777880        0.00000000000000     
   19.0475367362790        0.00000000000000     
   19.5180108936650        0.00000000000000     
   20.0001057627390        0.00000000000000     
   20.4941083750780        0.00000000000000     
   21.0003128519430        0.00000000000000     
   21.5190205793860        0.00000000000000     
   22.0505403876970        0.00000000000000     
   22.5951887352730        0.00000000000000     
   23.1532898970340        0.00000000000000     
   23.7251761574910        0.00000000000000     
   24.3111880085810        0.00000000000000     
   24.9116743523930        0.00000000000000     
   25.5269927088970        0.00000000000000     
   26.1575094288070        0.00000000000000     
   26.8035999116980        0.00000000000000     
   27.4656488295170        0.00000000000000     
   28.1440503556060        0.00000000000000     
   28.8392083993900        0.00000000000000     
   29.5515368468550        0.00000000000000     
   30.2814598069720        0.00000000000000     
   31.0294118642040        0.00000000000000     
   31.7958383372500        0.00000000000000     
   32.5811955441800        0.00000000000000     
   33.3859510741210        0.00000000000000     
   34.2105840656520        0.00000000000000     
   35.0555854920740        0.00000000000000     
   35.9214584537280        0.00000000000000     
   36.8087184775350        0.00000000000000     
   37.7178938239300        0.00000000000000     
   38.6495258013810        0.00000000000000     
   39.6041690886750        0.00000000000000     
   40.5823920651650        0.00000000000000     
   41.5847771491750        0.00000000000000     
   42.6119211447600        0.00000000000000     
   43.6644355970350        0.00000000000000     
   44.7429471562820        0.00000000000000     
   45.8480979510420        0.00000000000000     
   46.9805459704330        0.00000000000000     
   48.1409654559030        0.00000000000000     
   49.3300473026630        0.00000000000000     
   50.5484994710390        0.00000000000000     
   51.7970474079740        0.00000000000000     
   53.0764344789510        0.00000000000000     
   54.3874224105810        0.00000000000000     
   55.7307917441220        0.00000000000000     
   57.1073423002020        0.00000000000000     
   58.5178936550170        0.00000000000000     
   59.9632856282960        0.00000000000000     
   61.4443787833150        0.00000000000000     
   62.9620549392630        0.00000000000000     
   64.5172176962620        0.00000000000000     
   66.1107929733600        0.00000000000000     
   67.7437295598020        0.00000000000000     
   69.4169996799290        0.00000000000000     
   71.1315995720230        0.00000000000000     
   72.8885500814520        0.00000000000000     
   74.6888972684640        0.00000000000000     
   76.5337130309950        0.00000000000000     
   78.4240957428610        0.00000000000000     
