#   523 0.10247000000000E+01 0   2.2882 0.90000000000000E+01
   1 0.23148148148148E-03 0.31906296845749E-04 -.60517724950363E+01
   2 0.23719907407407E-03 0.32694382377839E-04 -.60517725289442E+01
   3 0.24305789120370E-03 0.33501933622572E-04 -.60517725620210E+01
   4 0.24906142111644E-03 0.34329431383049E-04 -.60517725942863E+01
   5 0.25521323821801E-03 0.35177368347791E-04 -.60517726257588E+01
   6 0.26151700520200E-03 0.36046249361303E-04 -.60517726564570E+01
   7 0.26797647523049E-03 0.36936591741028E-04 -.60517726863986E+01
   8 0.27459549416868E-03 0.37848925583287E-04 -.60517727156011E+01
   9 0.28137800287464E-03 0.38783794077633E-04 -.60517727440815E+01
  10 0.28832803954565E-03 0.39741753830431E-04 -.60517727718562E+01
  11 0.29544974212243E-03 0.40723375196258E-04 -.60517727989412E+01
  12 0.30274735075285E-03 0.41729242617487E-04 -.60517728253523E+01
  13 0.31022521031644E-03 0.42759954972257E-04 -.60517728511045E+01
  14 0.31788777301126E-03 0.43816125931040E-04 -.60517728762127E+01
  15 0.32573960100464E-03 0.44898384322016E-04 -.60517729006913E+01
  16 0.33378536914945E-03 0.46007374505469E-04 -.60517729245540E+01
  17 0.34202986776745E-03 0.47143756757437E-04 -.60517729478146E+01
  18 0.35047800550130E-03 0.48308207662834E-04 -.60517729704862E+01
  19 0.35913481223718E-03 0.49501420518282E-04 -.60517729925816E+01
  20 0.36800544209944E-03 0.50724105744898E-04 -.60517730141131E+01
  21 0.37709517651930E-03 0.51976991311271E-04 -.60517730350928E+01
  22 0.38640942737932E-03 0.53260823166893E-04 -.60517730555323E+01
  23 0.39595374023559E-03 0.54576365686289E-04 -.60517730754429E+01
  24 0.40573379761941E-03 0.55924402124128E-04 -.60517730948357E+01
  25 0.41575542242061E-03 0.57305735081561E-04 -.60517731137211E+01
  26 0.42602458135440E-03 0.58721186984095E-04 -.60517731321093E+01
  27 0.43654738851386E-03 0.60171600571255E-04 -.60517731500103E+01
  28 0.44733010901015E-03 0.61657839398355E-04 -.60517731674336E+01
  29 0.45837916270270E-03 0.63180788350652E-04 -.60517731843884E+01
  30 0.46970112802145E-03 0.64741354170208E-04 -.60517732008835E+01
  31 0.48130274588358E-03 0.66340465995764E-04 -.60517732169275E+01
  32 0.49319092370691E-03 0.67979075915948E-04 -.60517732325286E+01
  33 0.50537273952247E-03 0.69658159536149E-04 -.60517732476945E+01
  34 0.51785544618867E-03 0.71378716559396E-04 -.60517732624329E+01
  35 0.53064647570953E-03 0.73141771381581E-04 -.60517732767509E+01
  36 0.54375344365956E-03 0.74948373701392E-04 -.60517732906553E+01
  37 0.55718415371795E-03 0.76799599145304E-04 -.60517733041528E+01
  38 0.57094660231478E-03 0.78696549908016E-04 -.60517733172495E+01
  39 0.58504898339196E-03 0.80640355408702E-04 -.60517733299512E+01
  40 0.59949969328174E-03 0.82632172963481E-04 -.60517733422636E+01
  41 0.61430733570580E-03 0.84673188474487E-04 -.60517733541917E+01
  42 0.62948072689773E-03 0.86764617135972E-04 -.60517733657406E+01
  43 0.64502890085211E-03 0.88907704157843E-04 -.60517733769145E+01
  44 0.66096111470315E-03 0.91103725507082E-04 -.60517733877179E+01
  45 0.67728685423632E-03 0.93353988667465E-04 -.60517733981544E+01
  46 0.69401583953596E-03 0.95659833418069E-04 -.60517734082276E+01
  47 0.71115803077250E-03 0.98022632630992E-04 -.60517734179406E+01
  48 0.72872363413258E-03 0.10044379308879E-03 -.60517734272961E+01
  49 0.74672310789565E-03 0.10292475632211E-03 -.60517734362965E+01
  50 0.76516716866068E-03 0.10546699946800E-03 -.60517734449439E+01
  51 0.78406679772659E-03 0.10807203614944E-03 -.60517734532398E+01
  52 0.80343324763044E-03 0.11074141737659E-03 -.60517734611856E+01
  53 0.82327804884691E-03 0.11347673247030E-03 -.60517734687820E+01
  54 0.84361301665343E-03 0.11627961000845E-03 -.60517734760295E+01
  55 0.86445025816477E-03 0.11915171879568E-03 -.60517734829281E+01
  56 0.88580217954144E-03 0.12209476885699E-03 -.60517734894774E+01
  57 0.90768149337611E-03 0.12511051245605E-03 -.60517734956766E+01
  58 0.93010122626250E-03 0.12820074513846E-03 -.60517735015242E+01
  59 0.95307472655119E-03 0.13136730680100E-03 -.60517735070185E+01
  60 0.97661567229700E-03 0.13461208278713E-03 -.60517735121573E+01
  61 0.10007380794027E-02 0.13793700500962E-03 -.60517735169378E+01
  62 0.10254563099640E-02 0.14134405310095E-03 -.60517735213566E+01
  63 0.10507850808201E-02 0.14483525559205E-03 -.60517735254099E+01
  64 0.10767394723164E-02 0.14841269112026E-03 -.60517735290934E+01
  65 0.11033349372826E-02 0.15207848966702E-03 -.60517735324020E+01
  66 0.11305873102334E-02 0.15583483382627E-03 -.60517735353303E+01
  67 0.11585128167962E-02 0.15968396010410E-03 -.60517735378718E+01
  68 0.11871280833711E-02 0.16362816025053E-03 -.60517735400199E+01
  69 0.12164501470303E-02 0.16766978262419E-03 -.60517735417670E+01
  70 0.12464964656620E-02 0.17181123359079E-03 -.60517735431048E+01
  71 0.12772849283638E-02 0.17605497895605E-03 -.60517735440243E+01
  72 0.13088338660944E-02 0.18040354543406E-03 -.60517735445157E+01
  73 0.13411620625870E-02 0.18485952215201E-03 -.60517735445685E+01
  74 0.13742887655329E-02 0.18942556219197E-03 -.60517735441711E+01
  75 0.14082336980415E-02 0.19410438417090E-03 -.60517735433113E+01
  76 0.14430170703831E-02 0.19889877385957E-03 -.60517735419758E+01
  77 0.14786595920216E-02 0.20381158584166E-03 -.60517735401503E+01
  78 0.15151824839445E-02 0.20884574521367E-03 -.60517735378195E+01
  79 0.15526074912980E-02 0.21400424932701E-03 -.60517735349670E+01
  80 0.15909568963330E-02 0.21929016957305E-03 -.60517735315753E+01
  81 0.16302535316725E-02 0.22470665321231E-03 -.60517735276256E+01
  82 0.16705207939048E-02 0.23025692524888E-03 -.60517735230979E+01
  83 0.17117826575142E-02 0.23594429035113E-03 -.60517735179710E+01
  84 0.17540636891548E-02 0.24177213481999E-03 -.60517735122218E+01
  85 0.17973890622769E-02 0.24774392860576E-03 -.60517735058263E+01
  86 0.18417845721152E-02 0.25386322737485E-03 -.60517734987586E+01
  87 0.18872766510464E-02 0.26013367462763E-03 -.60517734909911E+01
  88 0.19338923843273E-02 0.26655900386859E-03 -.60517734824946E+01
  89 0.19816595262202E-02 0.27314304083018E-03 -.60517734732378E+01
  90 0.20306065165178E-02 0.27988970575162E-03 -.60517734631876E+01
  91 0.20807624974758E-02 0.28680301571409E-03 -.60517734523088E+01
  92 0.21321573311634E-02 0.29388708703361E-03 -.60517734405639E+01
  93 0.21848216172432E-02 0.30114613771317E-03 -.60517734279130E+01
  94 0.22387867111891E-02 0.30858448995538E-03 -.60517734143137E+01
  95 0.22940847429555E-02 0.31620657273745E-03 -.60517733997209E+01
  96 0.23507486361065E-02 0.32401692444962E-03 -.60517733840869E+01
  97 0.24088121274183E-02 0.33202019559909E-03 -.60517733673605E+01
  98 0.24683097869655E-02 0.34022115158065E-03 -.60517733494878E+01
  99 0.25292770387036E-02 0.34862467551600E-03 -.60517733304109E+01
 100 0.25917501815595E-02 0.35723577116317E-03 -.60517733100688E+01
 101 0.26557664110441E-02 0.36605956589806E-03 -.60517732883961E+01
 102 0.27213638413968E-02 0.37510131376968E-03 -.60517732653236E+01
 103 0.27885815282794E-02 0.38436639863102E-03 -.60517732407773E+01
 104 0.28574594920279E-02 0.39386033734742E-03 -.60517732146788E+01
 105 0.29280387414809E-02 0.40358878308433E-03 -.60517731869442E+01
 106 0.30003612983955E-02 0.41355752867650E-03 -.60517731574844E+01
 107 0.30744702224659E-02 0.42377251008048E-03 -.60517731262044E+01
 108 0.31504096369608E-02 0.43423980991277E-03 -.60517730930029E+01
 109 0.32282247549937E-02 0.44496566107543E-03 -.60517730577718E+01
 110 0.33079619064421E-02 0.45595645047157E-03 -.60517730203959E+01
 111 0.33896685655312E-02 0.46721872281284E-03 -.60517729807521E+01
 112 0.34733933790998E-02 0.47875918452128E-03 -.60517729387092E+01
 113 0.35591861955636E-02 0.49058470772776E-03 -.60517728941269E+01
 114 0.36470980945940E-02 0.50270233436964E-03 -.60517728468551E+01
 115 0.37371814175305E-02 0.51511928038985E-03 -.60517727967336E+01
 116 0.38294897985435E-02 0.52784294004016E-03 -.60517727435909E+01
 117 0.39240781965675E-02 0.54088089029107E-03 -.60517726872434E+01
 118 0.40210029280227E-02 0.55424089535116E-03 -.60517726274946E+01
 119 0.41203217003449E-02 0.56793091129840E-03 -.60517725641340E+01
 120 0.42220936463434E-02 0.58195909082645E-03 -.60517724969358E+01
 121 0.43263793594081E-02 0.59633378810871E-03 -.60517724256580E+01
 122 0.44332409295854E-02 0.61106356378308E-03 -.60517723500408E+01
 123 0.45427419805462E-02 0.62615719006047E-03 -.60517722698054E+01
 124 0.46549477074657E-02 0.64162365596018E-03 -.60517721846520E+01
 125 0.47699249158401E-02 0.65747217267529E-03 -.60517720942588E+01
 126 0.48877420612614E-02 0.67371217907138E-03 -.60517719982792E+01
 127 0.50084692901745E-02 0.69035334732187E-03 -.60517718963407E+01
 128 0.51321784816418E-02 0.70740558868347E-03 -.60517717880419E+01
 129 0.52589432901384E-02 0.72487905941529E-03 -.60517716729506E+01
 130 0.53888391894048E-02 0.74278416684513E-03 -.60517715506006E+01
 131 0.55219435173831E-02 0.76113157558676E-03 -.60517714204895E+01
 132 0.56583355222624E-02 0.77993221391197E-03 -.60517712820747E+01
 133 0.57980964096623E-02 0.79919728028130E-03 -.60517711347706E+01
 134 0.59413093909810E-02 0.81893825003753E-03 -.60517709779445E+01
 135 0.60880597329382E-02 0.83916688226587E-03 -.60517708109122E+01
 136 0.62384348083418E-02 0.85989522682536E-03 -.60517706329339E+01
 137 0.63925241481078E-02 0.88113563155562E-03 -.60517704432090E+01
 138 0.65504194945661E-02 0.90290074966345E-03 -.60517702408705E+01
 139 0.67122148560819E-02 0.92520354729393E-03 -.60517700249791E+01
 140 0.68780065630271E-02 0.94805731129071E-03 -.60517697945167E+01
 141 0.70478933251339E-02 0.97147565715025E-03 -.60517695483790E+01
 142 0.72219762902647E-02 0.99547253717509E-03 -.60517692853679E+01
 143 0.74003591046342E-02 0.10200622488312E-02 -.60517690041825E+01
 144 0.75831479745187E-02 0.10452594433146E-02 -.60517687034100E+01
 145 0.77704517294893E-02 0.10710791343328E-02 -.60517683815147E+01
 146 0.79623818872077E-02 0.10975367071064E-02 -.60517680368273E+01
 147 0.81590527198217E-02 0.11246479275969E-02 -.60517676675316E+01
 148 0.83605813220013E-02 0.11524289519655E-02 -.60517672716512E+01
 149 0.85670876806547E-02 0.11808963362713E-02 -.60517668470344E+01
 150 0.87786947463669E-02 0.12100670464118E-02 -.60517663913372E+01
 151 0.89955285066022E-02 0.12399584683149E-02 -.60517659020053E+01
 152 0.92177180607152E-02 0.12705884183874E-02 -.60517653762541E+01
 153 0.94453956968149E-02 0.13019751542276E-02 -.60517648110467E+01
 154 0.96786969705262E-02 0.13341373856078E-02 -.60517642030694E+01
 155 0.99177607856982E-02 0.13670942857353E-02 -.60517635487055E+01
 156 0.10162729477105E-01 0.14008655027985E-02 -.60517628440058E+01
 157 0.10413748895189E-01 0.14354711718049E-02 -.60517620846567E+01
 158 0.10670968492901E-01 0.14709319267205E-02 -.60517612659446E+01
 159 0.10934541414675E-01 0.15072689129175E-02 -.60517603827175E+01
 160 0.11204624587618E-01 0.15445037999383E-02 -.60517594293417E+01
 161 0.11481378814932E-01 0.15826587945858E-02 -.60517583996556E+01
 162 0.11764968871661E-01 0.16217566543470E-02 -.60517572869173E+01
 163 0.12055563602791E-01 0.16618207011605E-02 -.60517560837487E+01
 164 0.12353336023780E-01 0.17028748355360E-02 -.60517547820721E+01
 165 0.12658463423567E-01 0.17449435510363E-02 -.60517533730422E+01
 166 0.12971127470129E-01 0.17880519491323E-02 -.60517518469703E+01
 167 0.13291514318641E-01 0.18322257544388E-02 -.60517501932412E+01
 168 0.13619814722312E-01 0.18774913303454E-02 -.60517484002217E+01
 169 0.13956224145953E-01 0.19238756950506E-02 -.60517464551599E+01
 170 0.14300942882358E-01 0.19714065380109E-02 -.60517443440747E+01
 171 0.14654176171552E-01 0.20201122368187E-02 -.60517420516337E+01
 172 0.15016134322990E-01 0.20700218745179E-02 -.60517395610196E+01
 173 0.15387032840767E-01 0.21211652573732E-02 -.60517368537820E+01
 174 0.15767092551934E-01 0.21735729331026E-02 -.60517339096758E+01
 175 0.16156539737967E-01 0.22272762095900E-02 -.60517307064822E+01
 176 0.16555606269495E-01 0.22823071740891E-02 -.60517272198124E+01
 177 0.16964529744351E-01 0.23386987129349E-02 -.60517234228911E+01
 178 0.17383553629037E-01 0.23964845317764E-02 -.60517192863188E+01
 179 0.17812927403674E-01 0.24556991763474E-02 -.60517147778097E+01
 180 0.18252906710545E-01 0.25163780537905E-02 -.60517098619042E+01
 181 0.18703753506295E-01 0.25785574545515E-02 -.60517044996510E+01
 182 0.19165736217901E-01 0.26422745748611E-02 -.60516986482594E+01
 183 0.19639129902483E-01 0.27075675398236E-02 -.60516922607149E+01
 184 0.20124216411074E-01 0.27744754271285E-02 -.60516852853579E+01
 185 0.20621284556428E-01 0.28430382914081E-02 -.60516776654188E+01
 186 0.21130630284972E-01 0.29132971892578E-02 -.60516693385081E+01
 187 0.21652556853010E-01 0.29852942049437E-02 -.60516602360547E+01
 188 0.22187375007280E-01 0.30590724768171E-02 -.60516502826886E+01
 189 0.22735403169959E-01 0.31346762244600E-02 -.60516393955625E+01
 190 0.23296967628257E-01 0.32121507765855E-02 -.60516274836055E+01
 191 0.23872402728675E-01 0.32915425997182E-02 -.60516144467034E+01
 192 0.24462051076074E-01 0.33728993276806E-02 -.60516001747979E+01
 193 0.25066263737653E-01 0.34562697919127E-02 -.60515845468968E+01
 194 0.25685400451973E-01 0.35417040526539E-02 -.60515674299872E+01
 195 0.26319829843136E-01 0.36292534310167E-02 -.60515486778421E+01
 196 0.26969929640262E-01 0.37189705419832E-02 -.60515281297106E+01
 197 0.27636086902376E-01 0.38109093283585E-02 -.60515056088804E+01
 198 0.28318698248865E-01 0.39051250957129E-02 -.60514809211017E+01
 199 0.29018170095612E-01 0.40016745483519E-02 -.60514538528587E+01
 200 0.29734918896974E-01 0.41006158263494E-02 -.60514241694753E+01
 201 0.30469371393729E-01 0.42020085436844E-02 -.60513916130412E+01
 202 0.31221964867154E-01 0.43059138275239E-02 -.60513559001401E+01
 203 0.31993147399373E-01 0.44123943586941E-02 -.60513167193660E+01
 204 0.32783378140137E-01 0.45215144133871E-02 -.60512737286066E+01
 205 0.33593127580199E-01 0.46333399061515E-02 -.60512265520765E+01
 206 0.34422877831430E-01 0.47479384342168E-02 -.60511747770786E+01
 207 0.35273122913866E-01 0.48653793232072E-02 -.60511179504725E+01
 208 0.36144369049838E-01 0.49857336742995E-02 -.60510555748277E+01
 209 0.37037134965369E-01 0.51090744128866E-02 -.60509871042371E+01
 210 0.37951952199014E-01 0.52354763388079E-02 -.60509119397686E+01
 211 0.38889365418330E-01 0.53650161782153E-02 -.60508294245276E+01
 212 0.39849932744162E-01 0.54977726371435E-02 -.60507388383086E+01
 213 0.40834226082943E-01 0.56338264568593E-02 -.60506393918085E+01
 214 0.41842831467192E-01 0.57732604710700E-02 -.60505302203805E+01
 215 0.42876349404432E-01 0.59161596650722E-02 -.60504103773045E+01
 216 0.43935395234721E-01 0.60626112369312E-02 -.60502788265539E+01
 217 0.45020599497019E-01 0.62127046607826E-02 -.60501344350434E+01
 218 0.46132608304595E-01 0.63665317523578E-02 -.60499759643429E+01
 219 0.47272083729718E-01 0.65241867368358E-02 -.60498020618507E+01
 220 0.48439704197842E-01 0.66857663191355E-02 -.60496112514278E+01
 221 0.49636164891529E-01 0.68513697567648E-02 -.60494019234983E+01
 222 0.50862178164350E-01 0.70210989353549E-02 -.60491723246388E+01
 223 0.52118473965009E-01 0.71950584470116E-02 -.60489205466882E+01
 224 0.53405800271945E-01 0.73733556716273E-02 -.60486445154254E+01
 225 0.54724923538662E-01 0.75561008613049E-02 -.60483419788840E+01
 226 0.56076629150067E-01 0.77434072280548E-02 -.60480104953896E+01
 227 0.57461721890074E-01 0.79353910349371E-02 -.60476474214339E+01
 228 0.58881026420759E-01 0.81321716908319E-02 -.60472498995235E+01
 229 0.60335387773351E-01 0.83338718490330E-02 -.60468148461731E+01
 230 0.61825671851353E-01 0.85406175098725E-02 -.60463389402443E+01
 231 0.63352765946082E-01 0.87525381275996E-02 -.60458186118640E+01
 232 0.64917579264950E-01 0.89697667217492E-02 -.60452500321916E+01
 233 0.66521043472794E-01 0.91924399932539E-02 -.60446291043386E+01
 234 0.68164113246572E-01 0.94206984455697E-02 -.60439514557735E+01
 235 0.69847766843762E-01 0.96546865111045E-02 -.60432124325741E+01
 236 0.71573006684803E-01 0.98945526832569E-02 -.60424070959088E+01
 237 0.73340859949918E-01 0.10140449654396E-01 -.60415302211394E+01
 238 0.75152379190681E-01 0.10392534460139E-01 -.60405762999366E+01
 239 0.77008642956691E-01 0.10650968630292E-01 -.60395395457819E+01
 240 0.78910756437721E-01 0.10915918346880E-01 -.60384139031935E+01
 241 0.80859852121733E-01 0.11187554609675E-01 -.60371930609596E+01
 242 0.82857090469139E-01 0.11466053409708E-01 -.60358704695813E+01
 243 0.84903660603727E-01 0.11751595911241E-01 -.60344393630272E+01
 244 0.87000781020639E-01 0.12044368642755E-01 -.60328927847779E+01
 245 0.89149700311849E-01 0.12344563697502E-01 -.60312236179973E+01
 246 0.91351697909552E-01 0.12652378944255E-01 -.60294246195122E+01
 247 0.93608084847918E-01 0.12968018248898E-01 -.60274884571160E+01
 248 0.95920204543661E-01 0.13291691707569E-01 -.60254077495566E+01
 249 0.98289433595890E-01 0.13623615892110E-01 -.60231751084159E+01
 250 0.10071718260571E+00 0.13964014108649E-01 -.60207831809634E+01
 251 0.10320489701607E+00 0.14313116670163E-01 -.60182246929755E+01
 252 0.10575405797237E+00 0.14671161183990E-01 -.60154924904597E+01
 253 0.10836618320428E+00 0.15038392855280E-01 -.60125795792227E+01
 254 0.11104282792943E+00 0.15415064807472E-01 -.60094791612725E+01
 255 0.11378558577929E+00 0.15801438420972E-01 -.60061846671466E+01
 256 0.11659608974803E+00 0.16197783691278E-01 -.60026897834105E+01
 257 0.11947601316481E+00 0.16604379607902E-01 -.59989884747572E+01
 258 0.12242707068998E+00 0.17021514555551E-01 -.59950750003578E+01
 259 0.12545101933602E+00 0.17449486739113E-01 -.59909439243417E+01
 260 0.12854965951362E+00 0.17888604634153E-01 -.59865901205142E+01
 261 0.13172483610361E+00 0.18339187464714E-01 -.59820087716382E+01
 262 0.13497843955537E+00 0.18801565710381E-01 -.59771953637920E+01
 263 0.13831240701239E+00 0.19276081644723E-01 -.59721456764729E+01
 264 0.14172872346559E+00 0.19763089907361E-01 -.59668557692304E+01
 265 0.14522942293519E+00 0.20262958112126E-01 -.59613219656798E+01
 266 0.14881658968169E+00 0.20776067493935E-01 -.59555408357808E+01
 267 0.15249235944683E+00 0.21302813597227E-01 -.59495091772518E+01
 268 0.15625892072517E+00 0.21843607009030E-01 -.59432239969505E+01
 269 0.16011851606708E+00 0.22398874139971E-01 -.59366824929819E+01
 270 0.16407344341394E+00 0.22969058056801E-01 -.59298820382106E+01
 271 0.16812605746626E+00 0.23554619370285E-01 -.59228201657532E+01
 272 0.17227877108568E+00 0.24156037182638E-01 -.59154945569290E+01
 273 0.17653405673149E+00 0.24773810098989E-01 -.59079030320413E+01
 274 0.18089444793276E+00 0.25408457307749E-01 -.59000435442696E+01
 275 0.18536254079670E+00 0.26060519735116E-01 -.58919141768612E+01
 276 0.18994099555438E+00 0.26730561279410E-01 -.58835131437337E+01
 277 0.19463253814457E+00 0.27419170131363E-01 -.58748387935324E+01
 278 0.19943996183674E+00 0.28126960186996E-01 -.58658896171270E+01
 279 0.20436612889411E+00 0.28854572560258E-01 -.58566642584850E+01
 280 0.20941397227779E+00 0.29602677203182E-01 -.58471615288212E+01
 281 0.21458649739306E+00 0.30371974641938E-01 -.58373804238857E+01
 282 0.21988678387866E+00 0.31163197837879E-01 -.58273201442327E+01
 283 0.22531798744047E+00 0.31977114183368E-01 -.58169801182821E+01
 284 0.23088334173025E+00 0.32814527643036E-01 -.58063600279718E+01
 285 0.23658616027098E+00 0.33676281051949E-01 -.57954598367749E+01
 286 0.24242983842968E+00 0.34563258583115E-01 -.57842798198396E+01
 287 0.24841785543889E+00 0.35476388397810E-01 -.57728205959863E+01
 288 0.25455377646823E+00 0.36416645493261E-01 -.57610831612777E+01
 289 0.26084125474700E+00 0.37385054763445E-01 -.57490689238494E+01
 290 0.26728403373925E+00 0.38382694290051E-01 -.57367797396639E+01
 291 0.27388594937261E+00 0.39410698882028E-01 -.57242179488197E+01
 292 0.28065093232211E+00 0.40470263883645E-01 -.57113864120160E+01
 293 0.28758301035047E+00 0.41562649272614E-01 -.56982885467373E+01
 294 0.29468631070612E+00 0.42689184071530E-01 -.56849283626905E+01
 295 0.30196506258056E+00 0.43851271097791E-01 -.56713104959890E+01
 296 0.30942359962630E+00 0.45050392079100E-01 -.56574402415477E+01
 297 0.31706636253707E+00 0.46288113163827E-01 -.56433235831238E+01
 298 0.32489790169174E+00 0.47566090857749E-01 -.56289672204172E+01
 299 0.33292287986352E+00 0.48886078421122E-01 -.56143785926311E+01
 300 0.34114607499615E+00 0.50249932762581E-01 -.55995658978984E+01
 301 0.34957238304856E+00 0.51659621869045E-01 -.55845381079964E+01
 302 0.35820682090986E+00 0.53117232813669E-01 -.55693049778214E+01
 303 0.36705452938633E+00 0.54624980386753E-01 -.55538885090513E+01
 304 0.37612077626217E+00 0.56185216397629E-01 -.55382167681950E+01
 305 0.38541095943585E+00 0.57800439698583E-01 -.55223708715751E+01
 306 0.39493061013391E+00 0.59473306985049E-01 -.55063639332486E+01
 307 0.40468539620422E+00 0.61206644429387E-01 -.54902098204870E+01
 308 0.41468112549047E+00 0.63003460208597E-01 -.54739231279575E+01
 309 0.42492374929008E+00 0.64866957989147E-01 -.54575191474607E+01
 310 0.43541936589755E+00 0.66800551434629E-01 -.54410138346582E+01
 311 0.44617422423522E+00 0.68807879804076E-01 -.54244237747741E+01
 312 0.45719472757383E+00 0.70892824710217E-01 -.54077661498780E+01
 313 0.46848743734490E+00 0.73059528107604E-01 -.53910587110610E+01
 314 0.48005907704732E+00 0.75312411579978E-01 -.53743197595829E+01
 315 0.49191653625039E+00 0.77656196994268E-01 -.53575681418877E+01
 316 0.50406687469577E+00 0.80095928584615E-01 -.53408232642257E+01
 317 0.51651732650076E+00 0.82636996523385E-01 -.53241051334532E+01
 318 0.52927530446532E+00 0.85285162026598E-01 -.53074344313540E+01
 319 0.54234840448562E+00 0.88046584027622E-01 -.52908326304808E+01
 320 0.55574441007641E+00 0.90927847434612E-01 -.52743221599743E+01
 321 0.56947129700530E+00 0.93935992962634E-01 -.52579266299863E+01
 322 0.58353723804133E+00 0.97078548499387E-01 -.52416711231090E+01
 323 0.59795060782095E+00 0.10036356192226E+00 -.52255825604683E+01
 324 0.61271998783413E+00 0.10379963523202E+00 -.52096901487403E+01
 325 0.62785417153363E+00 0.10739595980243E+00 -.51940259121644E+01
 326 0.64336216957051E+00 0.11116235246278E+00 -.51786253104946E+01
 327 0.65925321515890E+00 0.11510929202818E+00 -.51635279396436E+01
 328 0.67553676957333E+00 0.11924795576714E+00 -.51487783064023E+01
 329 0.69222252778179E+00 0.12359025514262E+00 -.51344266619951E+01
 330 0.70932042421800E+00 0.12814886997695E+00 -.51205298713399E+01
 331 0.72684063869619E+00 0.13293727996697E+00 -.51071522857639E+01
 332 0.74479360247198E+00 0.13796979220741E+00 -.50943665767244E+01
 333 0.76319000445304E+00 0.14326156306223E+00 -.50822544770492E+01
 334 0.78204079756303E+00 0.14882861234720E+00 -.50709073646964E+01
 335 0.80135720526284E+00 0.15468782734806E+00 -.50604266125443E+01
 336 0.82115072823283E+00 0.16085695368919E+00 -.50509236168682E+01
 337 0.84143315122018E+00 0.16735456948464E+00 -.50425194076779E+01
 338 0.86221655005532E+00 0.17420003854400E+00 -.50353437368127E+01
 339 0.88351329884168E+00 0.18141343767117E+00 -.50295335354943E+01
 340 0.90533607732307E+00 0.18901545229217E+00 -.50252306328513E+01
 341 0.92769787843295E+00 0.19702723379336E+00 -.50225786316121E+01
 342 0.95061201603025E+00 0.20547021107064E+00 -.50217188475501E+01
 343 0.97409213282619E+00 0.21436584792324E+00 -.50227852360430E+01
 344 0.99815220850700E+00 0.22373533713438E+00 -.50258982528812E+01
 345 0.10228065680571E+01 0.23359922144922E+00 -.50311576276886E+01
 346 0.10480698902881E+01 0.24397693130359E+00 -.50386340674114E+01
 347 0.10739572165783E+01 0.25488622922625E+00 -.50483599546785E+01
 348 0.11004839598277E+01 0.26634255152399E+00 -.50603191618859E+01
 349 0.11276659136355E+01 0.27835823939854E+00 -.50744361672032E+01
 350 0.11555192617023E+01 0.29094165431524E+00 -.50905647340384E+01
 351 0.11840605874663E+01 0.30409617655906E+00 -.51084765015956E+01
 352 0.12133068839767E+01 0.31781909180992E+00 -.51278499315521E+01
 353 0.12432755640110E+01 0.33210037856842E+00 -.51482601644358E+01
 354 0.12739844704420E+01 0.34692141963712E+00 -.51691704575131E+01
 355 0.13054518868620E+01 0.36225367375584E+00 -.51898318979661E+01
 356 0.13376965484674E+01 0.37805735883615E+00 -.52095762275846E+01
 357 0.13707376532146E+01 0.39428021564515E+00 -.52275041754978E+01
 358 0.14045948732490E+01 0.41085643939799E+00 -.52426086132117E+01
 359 0.14392883666182E+01 0.42770588508274E+00 -.52537829678606E+01
 360 0.14748387892737E+01 0.44473366829800E+00 -.52598423530040E+01
 361 0.15112673073688E+01 0.46183029399608E+00 -.52595533847847E+01
 362 0.15485956098608E+01 0.47887244712187E+00 -.52516734075024E+01
 363 0.15868459214243E+01 0.49572456751456E+00 -.52349994576450E+01
 364 0.16260410156835E+01 0.51224130226862E+00 -.52084267437193E+01
 365 0.16662042287709E+01 0.52827087824606E+00 -.51710156948715E+01
 366 0.17073594732215E+01 0.54365936325927E+00 -.51220657151375E+01
 367 0.17495312522101E+01 0.55825568682262E+00 -.50611926475611E+01
 368 0.17927446741397E+01 0.57191717423527E+00 -.49884055737796E+01
 369 0.18370254675910E+01 0.58451521978121E+00 -.49041769162856E+01
 370 0.18823999966405E+01 0.59594060013770E+00 -.48094978258878E+01
 371 0.19288952765575E+01 0.60610782750064E+00 -.47059084346542E+01
 372 0.19765389898884E+01 0.61495788900001E+00 -.45954895321156E+01
 373 0.20253595029387E+01 0.62245874617215E+00 -.44807981644639E+01
 374 0.20753858826613E+01 0.62860311461773E+00 -.43647238226155E+01
 375 0.21266479139630E+01 0.63340336057373E+00 -.42502331435739E+01
 376 0.21791761174379E+01 0.63688390997463E+00 -.41399579568959E+01
 377 0.22330017675386E+01 0.63907247360182E+00 -.40355624959613E+01
 378 0.22881569111968E+01 0.63999280828176E+00 -.39367964296478E+01
 379 0.23446743869034E+01 0.63966319748654E+00 -.38412618891721E+01
 380 0.24025878442599E+01 0.63810205795544E+00 -.37481503177622E+01
 381 0.24619317640131E+01 0.63533285740656E+00 -.36573833137888E+01
 382 0.25227414785842E+01 0.63138295640218E+00 -.35688871091561E+01
 383 0.25850531931053E+01 0.62628352407549E+00 -.34825922123028E+01
 384 0.26489040069750E+01 0.62006956646077E+00 -.33984330512642E+01
 385 0.27143319359472E+01 0.61277974150865E+00 -.33163476258042E+01
 386 0.27813759347651E+01 0.60445619600272E+00 -.32362771757182E+01
 387 0.28500759203538E+01 0.59514438203535E+00 -.31581658704674E+01
 388 0.29204727955866E+01 0.58489285744899E+00 -.30819605234855E+01
 389 0.29926084736376E+01 0.57375307087069E+00 -.30076103329177E+01
 390 0.30665259029364E+01 0.56177913184034E+00 -.29350666492411E+01
 391 0.31422690927389E+01 0.54902756667584E+00 -.28642827692036E+01
 392 0.32198831393296E+01 0.53555706079392E+00 -.27952137547744E+01
 393 0.32994142528710E+01 0.52142818827918E+00 -.27278162753017E+01
 394 0.33809097849169E+01 0.50670312956673E+00 -.26620484707758E+01
 395 0.34644182566044E+01 0.49144537818272E+00 -.25978698339613E+01
 396 0.35499893875425E+01 0.47571943757749E+00 -.25352411091532E+01
 397 0.36376741254148E+01 0.45959050919408E+00 -.24741242053865E+01
 398 0.37275246763126E+01 0.44312417292915E+00 -.24144821220719E+01
 399 0.38195945358175E+01 0.42638606213742E+00 -.23562788852013E+01
 400 0.39139385208522E+01 0.40944153301854E+00 -.22994794924641E+01
 401 0.40106128023172E+01 0.39235533221101E+00 -.22440498658137E+01
 402 0.41096749385345E+01 0.37519126344371E+00 -.21899568102154E+01
 403 0.42111839095163E+01 0.35801185571801E+00 -.21371679774952E+01
 404 0.43152001520813E+01 0.34087803546063E+00 -.20856518343716E+01
 405 0.44217855958377E+01 0.32384880530047E+00 -.20353776339072E+01
 406 0.45310037000549E+01 0.30698093231749E+00 -.19863153897454E+01
 407 0.46429194914463E+01 0.29032864877573E+00 -.19384358526174E+01
 408 0.47575996028850E+01 0.27394336847482E+00 -.18917104886956E+01
 409 0.48751123130763E+01 0.25787342192351E+00 -.18461114594594E+01
 410 0.49955275872092E+01 0.24216381354424E+00 -.18016116027996E+01
 411 0.51189171186133E+01 0.22685600405143E+00 -.17581844151526E+01
 412 0.52453543714431E+01 0.21198772100156E+00 -.17158040344923E+01
 413 0.53749146244177E+01 0.19759280028619E+00 -.16744452240530E+01
 414 0.55076750156408E+01 0.18370106102953E+00 -.16340833566776E+01
 415 0.56437145885271E+01 0.17033821596177E+00 -.15946943997153E+01
 416 0.57831143388638E+01 0.15752581887485E+00 -.15562549004063E+01
 417 0.59259572630337E+01 0.14528125023705E+00 -.15187419717075E+01
 418 0.60723284074306E+01 0.13361774145843E+00 -.14821332785212E+01
 419 0.62223149190942E+01 0.12254443767686E+00 -.14464070243006E+01
 420 0.63760060975958E+01 0.11206649828881E+00 -.14115419380070E+01
 421 0.65334934482064E+01 0.10218523380012E+00 -.13775172614029E+01
 422 0.66948707363771E+01 0.92898276937830E-01 -.13443127366651E+01
 423 0.68602340435656E+01 0.84199785363272E-01 -.13119085943050E+01
 424 0.70296818244417E+01 0.76080672777837E-01 -.12802855413876E+01
 425 0.72033149655054E+01 0.68528864732180E-01 -.12494247500367E+01
 426 0.73812368451534E+01 0.61529575051065E-01 -.12193078462215E+01
 427 0.75635533952287E+01 0.55065598481638E-01 -.11899168988135E+01
 428 0.77503731640908E+01 0.49117614970375E-01 -.11612344089096E+01
 429 0.79418073812439E+01 0.43664500878221E-01 -.11332432994121E+01
 430 0.81379700235606E+01 0.38683642455579E-01 -.11059269048610E+01
 431 0.83389778831425E+01 0.34151247016269E-01 -.10792689615112E+01
 432 0.85449506368562E+01 0.30042647466497E-01 -.10532535976490E+01
 433 0.87560109175865E+01 0.26332596152286E-01 -.10278653241426E+01
 434 0.89722843872509E+01 0.22995544375081E-01 -.10030890252196E+01
 435 0.91938998116160E+01 0.20005904376692E-01 -.97890994946771E+00
 436 0.94209891369629E+01 0.17338291096201E-01 -.95531370105172E+00
 437 0.96536875686459E+01 0.14967741536866E-01 -.93228623114250E+00
 438 0.98921336515914E+01 0.12869910134199E-01 -.90981382955255E+00
 439 0.10136469352786E+02 0.11021239071306E-01 -.88788311657319E+00
 440 0.10386840145800E+02 0.93991030293392E-02 -.86648103500848E+00
 441 0.10643395097401E+02 0.79819283759536E-02 -.84559484240117E+00
 442 0.10906286956307E+02 0.67492872711644E-02 -.82521210344605E+00
 443 0.11175672244127E+02 0.56819675982378E-02 -.80532068258617E+00
 444 0.11451711348557E+02 0.47620199997809E-02 -.78590873678752E+00
 445 0.11734568618867E+02 0.39727836107914E-02 -.76696470848787E+00
 446 0.12024412463753E+02 0.32988923282589E-02 -.74847731871560E+00
 447 0.12321415451607E+02 0.27262636402565E-02 -.73043556037435E+00
 448 0.12625754413262E+02 0.22420721576299E-02 -.71282869168962E+00
 449 0.12937610547270E+02 0.18347100514503E-02 -.69564622981323E+00
 450 0.13257169527787E+02 0.14937366038491E-02 -.67887794458205E+00
 451 0.13584621615124E+02 0.12098190344200E-02 -.66251385242710E+00
 452 0.13920161769017E+02 0.97466667556683E-03 -.64654421042950E+00
 453 0.14263989764712E+02 0.78096044510089E-03 -.63095951051966E+00
 454 0.14616310311900E+02 0.62227941036377E-03 -.61575047381639E+00
 455 0.14977333176604E+02 0.49302606249394E-03 -.60090804510237E+00
 456 0.15347273306066E+02 0.38835172927141E-03 -.58642338743278E+00
 457 0.15726350956726E+02 0.30408335665630E-03 -.57228787687399E+00
 458 0.16114791825357E+02 0.23665269045752E-03 -.55849309736898E+00
 459 0.16512827183444E+02 0.18302868724541E-03 -.54503083572653E+00
 460 0.16920694014875E+02 0.14065381323482E-03 -.53189307673127E+00
 461 0.17338635157042E+02 0.10738467933331E-03 -.51907199837149E+00
 462 0.17766899445421E+02 0.81437333023824E-04 -.50655996718209E+00
 463 0.18205741861723E+02 0.61337372512088E-04 -.49434953369971E+00
 464 0.18655423685707E+02 0.45874911957594E-04 -.48243342802743E+00
 465 0.19116212650744E+02 0.34064327266897E-04 -.47080455550642E+00
 466 0.19588383103218E+02 0.25108623572670E-04 -.45945599249188E+00
 467 0.20072216165867E+02 0.18368194404940E-04 -.44838098223078E+00
 468 0.20567999905164E+02 0.13333690055638E-04 -.43757293083905E+00
 469 0.21076029502822E+02 0.96026762384691E-05 -.42702540337567E+00
 470 0.21596607431541E+02 0.68597422089451E-05 -.41673212001139E+00
 471 0.22130043635100E+02 0.48597082033988E-05 -.40668695228983E+00
 472 0.22676655712887E+02 0.34135834499343E-05 -.39688391947871E+00
 473 0.23236769108996E+02 0.23769361465090E-05 -.38731718500899E+00
 474 0.23810717305988E+02 0.16403537879926E-05 -.37798105299989E+00
 475 0.24398842023446E+02 0.11216942583551E-05 -.36886996486766E+00
 476 0.25001493421425E+02 0.75985354276405E-06 -.35997849601606E+00
 477 0.25619030308934E+02 0.50980330140771E-06 -.35130135260668E+00
 478 0.26251820357565E+02 0.33867963549578E-06 -.34283336840702E+00
 479 0.26900240320397E+02 0.22273213833583E-06 -.33456950171467E+00
 480 0.27564676256310E+02 0.14496895124675E-06 -.32650483235549E+00
 481 0.28245523759841E+02 0.93358434615862E-07 -.31863455875426E+00
 482 0.28943188196709E+02 0.59470809595350E-07 -.31095399507588E+00
 483 0.29658084945168E+02 0.37463486096859E-07 -.30345856843553E+00
 484 0.30390639643314E+02 0.23331671914634E-07 -.29614381617598E+00
 485 0.31141288442504E+02 0.14361276535224E-07 -.28900538321068E+00
 486 0.31910478267033E+02 0.87341915013490E-08 -.28203901943074E+00
 487 0.32698667080229E+02 0.52469210665488E-08 -.27524057717453E+00
 488 0.33506324157111E+02 0.31124672692826E-08 -.26860600875820E+00
 489 0.34333930363792E+02 0.18225787094307E-08 -.26213136406577E+00
 490 0.35181978443777E+02 0.10531936551085E-08 -.25581278819730E+00
 491 0.36050973311338E+02 0.60037987042071E-09 -.24964651917371E+00
 492 0.36941432352129E+02 0.33751389346653E-09 -.24362888569700E+00
 493 0.37853885731226E+02 0.18704779884058E-09 -.23775630496438E+00
 494 0.38788876708787E+02 0.10215336821602E-09 -.23202528053516E+00
 495 0.39746961963494E+02 0.54958071056719E-10 -.22643240024901E+00
 496 0.40728711923993E+02 0.29115498908181E-10 -.22097433419440E+00
 497 0.41734711108515E+02 0.15183146794942E-10 -.21564783272607E+00
 498 0.42765558472896E+02 0.77905911403749E-11 -.21044972453018E+00
 499 0.43821867767176E+02 0.39316211769488E-11 -.20537691473619E+00
 500 0.44904267901025E+02 0.19506629630485E-11 -.20042638307426E+00
 501 0.46013403318181E+02 0.95107303975529E-12 -.19559518207696E+00
 502 0.47149934380140E+02 0.45548362737072E-12 -.19088043532444E+00
 503 0.48314537759329E+02 0.21417092325048E-12 -.18627933573187E+00
 504 0.49507906841985E+02 0.98825061545637E-13 -.18178914387808E+00
 505 0.50730752140982E+02 0.44728594983839E-13 -.17740718637462E+00
 506 0.51983801718864E+02 0.19842168190514E-13 -.17313085427405E+00
 507 0.53267801621320E+02 0.86208852024159E-14 -.16895760151659E+00
 508 0.54583516321366E+02 0.00000000000000E+00 -.16488494341426E+00
 509 0.55931729174504E+02 0.00000000000000E+00 -.16091045517153E+00
 510 0.57313242885114E+02 0.00000000000000E+00 -.15703177044162E+00
 511 0.58728879984377E+02 0.00000000000000E+00 -.15324657991765E+00
 512 0.60179483319991E+02 0.00000000000000E+00 -.14955262995770E+00
 513 0.61665916557995E+02 0.00000000000000E+00 -.14594772124299E+00
 514 0.63189064696977E+02 0.00000000000000E+00 -.14242970746852E+00
 515 0.64749834594992E+02 0.00000000000000E+00 -.13899649406511E+00
 516 0.66349155509489E+02 0.00000000000000E+00 -.13564603695239E+00
 517 0.67987979650573E+02 0.00000000000000E+00 -.13237634132174E+00
 518 0.69667282747942E+02 0.00000000000000E+00 -.12918546044866E+00
 519 0.71388064631817E+02 0.00000000000000E+00 -.12607149453368E+00
 520 0.73151349828222E+02 0.00000000000000E+00 -.12303258957127E+00
 521 0.74958188168979E+02 0.00000000000000E+00 -.12006693624599E+00
 522 0.76809655416753E+02 0.00000000000000E+00 -.11717276885527E+00
 523 0.78706853905547E+02 0.00000000000000E+00 -.11434836425809E+00
