  2.314814814814800E-004   0.00000000000000     
  2.371990740740700E-004   0.00000000000000     
  2.430578912037000E-004   0.00000000000000     
  2.490614211164400E-004   0.00000000000000     
  2.552132382180100E-004   0.00000000000000     
  2.615170052020000E-004   0.00000000000000     
  2.679764752304900E-004   0.00000000000000     
  2.745954941686800E-004   0.00000000000000     
  2.813780028746400E-004   0.00000000000000     
  2.883280395456500E-004   0.00000000000000     
  2.954497421224300E-004   0.00000000000000     
  3.027473507528500E-004   0.00000000000000     
  3.102252103164400E-004   0.00000000000000     
  3.178877730112600E-004   0.00000000000000     
  3.257396010046400E-004   0.00000000000000     
  3.337853691494500E-004   0.00000000000000     
  3.420298677674500E-004   0.00000000000000     
  3.504780055013000E-004   0.00000000000000     
  3.591348122371800E-004   0.00000000000000     
  3.680054420994400E-004   0.00000000000000     
  3.770951765193000E-004   0.00000000000000     
  3.864094273793200E-004   0.00000000000000     
  3.959537402355900E-004   0.00000000000000     
  4.057337976194100E-004   0.00000000000000     
  4.157554224206100E-004   0.00000000000000     
  4.260245813544000E-004   0.00000000000000     
  4.365473885138600E-004   0.00000000000000     
  4.473301090101500E-004   0.00000000000000     
  4.583791627027000E-004   0.00000000000000     
  4.697011280214500E-004   0.00000000000000     
  4.813027458835800E-004   0.00000000000000     
  4.931909237069100E-004   0.00000000000000     
  5.053727395224700E-004   0.00000000000000     
  5.178554461886700E-004   0.00000000000000     
  5.306464757095300E-004   0.00000000000000     
  5.437534436595599E-004   0.00000000000000     
  5.571841537179500E-004   0.00000000000000     
  5.709466023147800E-004   0.00000000000000     
  5.850489833919600E-004   0.00000000000000     
  5.994996932817400E-004   0.00000000000000     
  6.143073357058000E-004   0.00000000000000     
  6.294807268977300E-004   0.00000000000000     
  6.450289008521100E-004   0.00000000000000     
  6.609611147031500E-004   0.00000000000000     
  6.772868542363200E-004   0.00000000000000     
  6.940158395359600E-004   0.00000000000000     
  7.111580307725000E-004   0.00000000000000     
  7.287236341325800E-004   0.00000000000000     
  7.467231078956500E-004   0.00000000000000     
  7.651671686606800E-004   0.00000000000000     
  7.840667977265900E-004   0.00000000000000     
  8.034332476304400E-004   0.00000000000000     
  8.232780488469100E-004   0.00000000000000     
  8.436130166534300E-004   0.00000000000000     
  8.644502581647699E-004   0.00000000000000     
  8.858021795414400E-004   0.00000000000000     
  9.076814933761100E-004   0.00000000000000     
  9.301012262625000E-004   0.00000000000000     
  9.530747265511900E-004   0.00000000000000     
  9.766156722970001E-004   0.00000000000000     
  1.000738079402700E-003   0.00000000000000     
  1.025456309964000E-003   0.00000000000000     
  1.050785080820100E-003   0.00000000000000     
  1.076739472316400E-003   0.00000000000000     
  1.103334937282600E-003   0.00000000000000     
  1.130587310233400E-003   0.00000000000000     
  1.158512816796200E-003   0.00000000000000     
  1.187128083371100E-003   0.00000000000000     
  1.216450147030300E-003   0.00000000000000     
  1.246496465662000E-003   0.00000000000000     
  1.277284928363800E-003   0.00000000000000     
  1.308833866094400E-003   0.00000000000000     
  1.341162062587000E-003   0.00000000000000     
  1.374288765532900E-003   0.00000000000000     
  1.408233698041500E-003   0.00000000000000     
  1.443017070383100E-003   0.00000000000000     
  1.478659592021600E-003   0.00000000000000     
  1.515182483944500E-003   0.00000000000000     
  1.552607491298000E-003   0.00000000000000     
  1.590956896333000E-003   0.00000000000000     
  1.630253531672500E-003   0.00000000000000     
  1.670520793904800E-003   0.00000000000000     
  1.711782657514200E-003   0.00000000000000     
  1.754063689154800E-003   0.00000000000000     
  1.797389062276900E-003   0.00000000000000     
  1.841784572115200E-003   0.00000000000000     
  1.887276651046400E-003   0.00000000000000     
  1.933892384327300E-003   0.00000000000000     
  1.981659526220200E-003   0.00000000000000     
  2.030606516517800E-003   0.00000000000000     
  2.080762497475800E-003   0.00000000000000     
  2.132157331163400E-003   0.00000000000000     
  2.184821617243200E-003   0.00000000000000     
  2.238786711189100E-003   0.00000000000000     
  2.294084742955500E-003   0.00000000000000     
  2.350748636106500E-003   0.00000000000000     
  2.408812127418300E-003   0.00000000000000     
  2.468309786965500E-003   0.00000000000000     
  2.529277038703600E-003   0.00000000000000     
  2.591750181559500E-003   0.00000000000000     
  2.655766411044100E-003   0.00000000000000     
  2.721363841396800E-003   0.00000000000000     
  2.788581528279400E-003   0.00000000000000     
  2.857459492027900E-003   0.00000000000000     
  2.928038741480900E-003   0.00000000000000     
  3.000361298395500E-003   0.00000000000000     
  3.074470222465900E-003   0.00000000000000     
  3.150409636960800E-003   0.00000000000000     
  3.228224754993700E-003   0.00000000000000     
  3.307961906442100E-003   0.00000000000000     
  3.389668565531200E-003   0.00000000000000     
  3.473393379099800E-003   0.00000000000000     
  3.559186195563600E-003   0.00000000000000     
  3.647098094594000E-003   0.00000000000000     
  3.737181417530500E-003   0.00000000000000     
  3.829489798543500E-003   0.00000000000000     
  3.924078196567500E-003   0.00000000000000     
  4.021002928022700E-003   0.00000000000000     
  4.120321700344900E-003   0.00000000000000     
  4.222093646343400E-003   0.00000000000000     
  4.326379359408100E-003   0.00000000000000     
  4.433240929585400E-003   0.00000000000000     
  4.542741980546200E-003   0.00000000000000     
  4.654947707465700E-003   0.00000000000000     
  4.769924915840100E-003   0.00000000000000     
  4.887742061261400E-003   0.00000000000000     
  5.008469290174500E-003   0.00000000000000     
  5.132178481641800E-003   0.00000000000000     
  5.258943290138400E-003   0.00000000000000     
  5.388839189404800E-003   0.00000000000000     
  5.521943517383100E-003   0.00000000000000     
  5.658335522262400E-003   0.00000000000000     
  5.798096409662300E-003   0.00000000000000     
  5.941309390981000E-003   0.00000000000000     
  6.088059732938200E-003   0.00000000000000     
  6.238434808341800E-003   0.00000000000000     
  6.392524148107800E-003   0.00000000000000     
  6.550419494566100E-003   0.00000000000000     
  6.712214856081900E-003   0.00000000000000     
  6.878006563027100E-003   0.00000000000000     
  7.047893325133900E-003   0.00000000000000     
  7.221976290264700E-003   0.00000000000000     
  7.400359104634200E-003   0.00000000000000     
  7.583147974518700E-003   0.00000000000000     
  7.770451729489300E-003   0.00000000000000     
  7.962381887207701E-003   0.00000000000000     
  8.159052719821700E-003   0.00000000000000     
  8.360581322001299E-003   0.00000000000000     
  8.567087680654700E-003   0.00000000000000     
  8.778694746366901E-003   0.00000000000000     
  8.995528506602200E-003   0.00000000000000     
  9.217718060715200E-003   0.00000000000000     
  9.445395696814900E-003   0.00000000000000     
  9.678696970526200E-003   0.00000000000000     
  9.917760785698200E-003   0.00000000000000     
  1.016272947710500E-002   0.00000000000000     
  1.041374889518900E-002   0.00000000000000     
  1.067096849290100E-002   0.00000000000000     
  1.093454141467500E-002   0.00000000000000     
  1.120462458761800E-002   0.00000000000000     
  1.148137881493200E-002   0.00000000000000     
  1.176496887166100E-002   0.00000000000000     
  1.205556360279100E-002   0.00000000000000     
  1.235333602378000E-002   0.00000000000000     
  1.265846342356700E-002   0.00000000000000     
  1.297112747012900E-002   0.00000000000000     
  1.329151431864100E-002   0.00000000000000     
  1.361981472231200E-002   0.00000000000000     
  1.395622414595300E-002   0.00000000000000     
  1.430094288235800E-002   0.00000000000000     
  1.465417617155200E-002   0.00000000000000     
  1.501613432299000E-002   0.00000000000000     
  1.538703284076700E-002   0.00000000000000     
  1.576709255193400E-002   0.00000000000000     
  1.615653973796700E-002   0.00000000000000     
  1.655560626949500E-002   0.00000000000000     
  1.696452974435100E-002   0.00000000000000     
  1.738355362903700E-002   0.00000000000000     
  1.781292740367400E-002   0.00000000000000     
  1.825290671054500E-002   0.00000000000000     
  1.870375350629500E-002   0.00000000000000     
  1.916573621790100E-002   0.00000000000000     
  1.963912990248300E-002   0.00000000000000     
  2.012421641107400E-002   0.00000000000000     
  2.062128455642800E-002   0.00000000000000     
  2.113063028497200E-002   0.00000000000000     
  2.165255685301000E-002   0.00000000000000     
  2.218737500728000E-002   0.00000000000000     
  2.273540316995900E-002   0.00000000000000     
  2.329696762825700E-002   0.00000000000000     
  2.387240272867500E-002   0.00000000000000     
  2.446205107607400E-002   0.00000000000000     
  2.506626373765300E-002   0.00000000000000     
  2.568540045197300E-002   0.00000000000000     
  2.631982984313600E-002   0.00000000000000     
  2.696992964026200E-002   0.00000000000000     
  2.763608690237600E-002   0.00000000000000     
  2.831869824886500E-002   0.00000000000000     
  2.901817009561200E-002   0.00000000000000     
  2.973491889697400E-002   0.00000000000000     
  3.046937139372900E-002   0.00000000000000     
  3.122196486715400E-002   0.00000000000000     
  3.199314739937300E-002   0.00000000000000     
  3.278337814013700E-002   0.00000000000000     
  3.359312758019900E-002   0.00000000000000     
  3.442287783143000E-002   0.00000000000000     
  3.527312291386600E-002   0.00000000000000     
  3.614436904983800E-002   0.00000000000000     
  3.703713496536900E-002   0.00000000000000     
  3.795195219901400E-002   0.00000000000000     
  3.888936541833000E-002   0.00000000000000     
  3.984993274416200E-002   0.00000000000000     
  4.083422608294300E-002   0.00000000000000     
  4.184283146719200E-002   0.00000000000000     
  4.287634940443200E-002   0.00000000000000     
  4.393539523472100E-002   0.00000000000000     
  4.502059949701900E-002   0.00000000000000     
  4.613260830459500E-002   0.00000000000000     
  4.727208372971800E-002   0.00000000000000     
  4.843970419784200E-002   0.00000000000000     
  4.963616489152900E-002   0.00000000000000     
  5.086217816435000E-002   0.00000000000000     
  5.211847396500900E-002   0.00000000000000     
  5.340580027194500E-002   0.00000000000000     
  5.472492353866200E-002   0.00000000000000     
  5.607662915006700E-002   0.00000000000000     
  5.746172189007400E-002   0.00000000000000     
  5.888102642075900E-002   0.00000000000000     
  6.033538777335100E-002   0.00000000000000     
  6.182567185135300E-002   0.00000000000000     
  6.335276594608200E-002   0.00000000000000     
  6.491757926495000E-002   0.00000000000000     
  6.652104347279400E-002   0.00000000000000     
  6.816411324657200E-002   0.00000000000000     
  6.984776684376200E-002   0.00000000000000     
  7.157300668480300E-002   0.00000000000000     
  7.334085994991800E-002   0.00000000000000     
  7.515237919068100E-002   0.00000000000000     
  7.700864295669101E-002   0.00000000000000     
  7.891075643772100E-002   0.00000000000000     
  8.085985212173299E-002   0.00000000000000     
  8.285709046913900E-002   0.00000000000000     
  8.490366060372700E-002   0.00000000000000     
  8.700078102063900E-002   0.00000000000000     
  8.914970031184900E-002   0.00000000000000     
  9.135169790955200E-002   0.00000000000000     
  9.360808484791799E-002   0.00000000000000     
  9.592020454366100E-002   0.00000000000000     
  9.828943359589000E-002   0.00000000000000     
  0.100717182605710        0.00000000000000     
  0.103204897016070        0.00000000000000     
  0.105754057972370        0.00000000000000     
  0.108366183204280        0.00000000000000     
  0.111042827929430        0.00000000000000     
  0.113785585779290        0.00000000000000     
  0.116596089748030        0.00000000000000     
  0.119476013164810        0.00000000000000     
  0.122427070689980        0.00000000000000     
  0.125451019336020        0.00000000000000     
  0.128549659513620        0.00000000000000     
  0.131724836103610        0.00000000000000     
  0.134978439555370        0.00000000000000     
  0.138312407012390        0.00000000000000     
  0.141728723465590        0.00000000000000     
  0.145229422935190        0.00000000000000     
  0.148816589681690        0.00000000000000     
  0.152492359446830        0.00000000000000     
  0.156258920725170        0.00000000000000     
  0.160118516067080        0.00000000000000     
  0.164073443413940        0.00000000000000     
  0.168126057466260        0.00000000000000     
  0.172278771085680        0.00000000000000     
  0.176534056731490        0.00000000000000     
  0.180894447932760        0.00000000000000     
  0.185362540796700        0.00000000000000     
  0.189940995554380        0.00000000000000     
  0.194632538144570        0.00000000000000     
  0.199439961836740        0.00000000000000     
  0.204366128894110        0.00000000000000     
  0.209413972277790        0.00000000000000     
  0.214586497393060        0.00000000000000     
  0.219886783878660        0.00000000000000     
  0.225317987440470        0.00000000000000     
  0.230883341730250        0.00000000000000     
  0.236586160270980        0.00000000000000     
  0.242429838429680        0.00000000000000     
  0.248417855438890        0.00000000000000     
  0.254553776468230        0.00000000000000     
  0.260841254747000        0.00000000000000     
  0.267284033739250        0.00000000000000     
  0.273885949372610        0.00000000000000     
  0.280650932322110        0.00000000000000     
  0.287583010350470        0.00000000000000     
  0.294686310706120        0.00000000000000     
  0.301965062580560        0.00000000000000     
  0.309423599626300        0.00000000000000     
  0.317066362537070        0.00000000000000     
  0.324897901691740        0.00000000000000     
  0.332922879863520        0.00000000000000     
  0.341146074996150        0.00000000000000     
  0.349572383048560        0.00000000000000     
  0.358206820909860        0.00000000000000     
  0.367054529386330        0.00000000000000     
  0.376120776262170        0.00000000000000     
  0.385410959435850        0.00000000000000     
  0.394930610133910        0.00000000000000     
  0.404685396204220        0.00000000000000     
  0.414681125490470        0.00000000000000     
  0.424923749290080        0.00000000000000     
  0.435419365897550        0.00000000000000     
  0.446174224235220        0.00000000000000     
  0.457194727573830        0.00000000000000     
  0.468487437344900        0.00000000000000     
  0.480059077047320        0.00000000000000     
  0.491916536250390        0.00000000000000     
  0.504066874695770        0.00000000000000     
  0.516517326500760        0.00000000000000     
  0.529275304465320        0.00000000000000     
  0.542348404485620        0.00000000000000     
  0.555744410076410        0.00000000000000     
  0.569471297005300        0.00000000000000     
  0.583537238041330        0.00000000000000     
  0.597950607820950        0.00000000000000     
  0.612719987834130        0.00000000000000     
  0.627854171533630        0.00000000000000     
  0.643362169570510        0.00000000000000     
  0.659253215158900        0.00000000000000     
  0.675536769573330        0.00000000000000     
  0.692222527781790        0.00000000000000     
  0.709320424218000        0.00000000000000     
  0.726840638696190        0.00000000000000     
  0.744793602471980        0.00000000000000     
  0.763190004453040        0.00000000000000     
  0.782040797563030        0.00000000000000     
  0.801357205262840        0.00000000000000     
  0.821150728232830        0.00000000000000     
  0.841433151220180        0.00000000000000     
  0.862216550055320        0.00000000000000     
  0.883513298841680        0.00000000000000     
  0.905336077323070        0.00000000000000     
  0.927697878432950        0.00000000000000     
  0.950612016030250        0.00000000000000     
  0.974092132826190        0.00000000000000     
  0.998152208507000        0.00000000000000     
   1.02280656805710        0.00000000000000     
   1.04806989028810        0.00000000000000     
   1.07395721657830        0.00000000000000     
   1.10048395982770        0.00000000000000     
   1.12766591363550        0.00000000000000     
   1.15551926170230        0.00000000000000     
   1.18406058746630        0.00000000000000     
   1.21330688397670        0.00000000000000     
   1.24327556401100        0.00000000000000     
   1.27398447044200        0.00000000000000     
   1.30545188686200        0.00000000000000     
   1.33769654846740        0.00000000000000     
   1.37073765321460        0.00000000000000     
   1.40459487324900        0.00000000000000     
   1.43928836661820        0.00000000000000     
   1.47483878927370        0.00000000000000     
   1.51126730736880        0.00000000000000     
   1.54859560986080        0.00000000000000     
   1.58684592142430        0.00000000000000     
   1.62604101568350        0.00000000000000     
   1.66620422877090        0.00000000000000     
   1.70735947322150        0.00000000000000     
   1.74953125221010        0.00000000000000     
   1.79274467413970        0.00000000000000     
   1.83702546759100        0.00000000000000     
   1.88239999664050        0.00000000000000     
   1.92889527655750        0.00000000000000     
   1.97653898988840        0.00000000000000     
   2.02535950293870        0.00000000000000     
   2.07538588266130        0.00000000000000     
   2.12664791396300        0.00000000000000     
   2.17917611743790        0.00000000000000     
   2.23300176753860        0.00000000000000     
   2.28815691119680        0.00000000000000     
   2.34467438690340        0.00000000000000     
   2.40258784425990        0.00000000000000     
   2.46193176401310        0.00000000000000     
   2.52274147858420        0.00000000000000     
   2.58505319310530        0.00000000000000     
   2.64890400697500        0.00000000000000     
   2.71433193594720        0.00000000000000     
   2.78137593476510        0.00000000000000     
   2.85007592035380        0.00000000000000     
   2.92047279558660        0.00000000000000     
   2.99260847363760        0.00000000000000     
   3.06652590293640        0.00000000000000     
   3.14226909273890        0.00000000000000     
   3.21988313932960        0.00000000000000     
   3.29941425287100        0.00000000000000     
   3.38090978491690        0.00000000000000     
   3.46441825660440        0.00000000000000     
   3.54998938754250        0.00000000000000     
   3.63767412541480        0.00000000000000     
   3.72752467631260        0.00000000000000     
   3.81959453581750        0.00000000000000     
   3.91393852085220        0.00000000000000     
   4.01061280231720        0.00000000000000     
   4.10967493853450        0.00000000000000     
   4.21118390951630        0.00000000000000     
   4.31520015208130        0.00000000000000     
   4.42178559583770        0.00000000000000     
   4.53100370005490        0.00000000000000     
   4.64291949144630        0.00000000000000     
   4.75759960288500        0.00000000000000     
   4.87511231307630        0.00000000000000     
   4.99552758720920        0.00000000000000     
   5.11891711861330        0.00000000000000     
   5.24535437144310        0.00000000000000     
   5.37491462441770        0.00000000000000     
   5.50767501564080        0.00000000000000     
   5.64371458852710        0.00000000000000     
   5.78311433886380        0.00000000000000     
   5.92595726303370        0.00000000000000     
   6.07232840743060        0.00000000000000     
   6.22231491909420        0.00000000000000     
   6.37600609759580        0.00000000000000     
   6.53349344820640        0.00000000000000     
   6.69487073637710        0.00000000000000     
   6.86023404356560        0.00000000000000     
   7.02968182444170        0.00000000000000     
   7.20331496550540        0.00000000000000     
   7.38123684515340        0.00000000000000     
   7.56355339522870        0.00000000000000     
   7.75037316409080        0.00000000000000     
   7.94180738124390        0.00000000000000     
   8.13797002356060        0.00000000000000     
   8.33897788314250        0.00000000000000     
   8.54495063685620        0.00000000000000     
   8.75601091758650        0.00000000000000     
   8.97228438725090        0.00000000000000     
   9.19389981161600        0.00000000000000     
   9.42098913696290        0.00000000000000     
   9.65368756864590        0.00000000000000     
   9.89213365159140        0.00000000000000     
   10.1364693527860        0.00000000000000     
   10.3868401458000        0.00000000000000     
   10.6433950974010        0.00000000000000     
   10.9062869563070        0.00000000000000     
   11.1756722441270        0.00000000000000     
   11.4517113485570        0.00000000000000     
   11.7345686188670        0.00000000000000     
   12.0244124637530        0.00000000000000     
   12.3214154516070        0.00000000000000     
   12.6257544132620        0.00000000000000     
   12.9376105472700        0.00000000000000     
   13.2571695277870        0.00000000000000     
   13.5846216151240        0.00000000000000     
   13.9201617690170        0.00000000000000     
   14.2639897647120        0.00000000000000     
   14.6163103119000        0.00000000000000     
   14.9773331766040        0.00000000000000     
   15.3472733060660        0.00000000000000     
   15.7263509567260        0.00000000000000     
   16.1147918253570        0.00000000000000     
   16.5128271834440        0.00000000000000     
   16.9206940148750        0.00000000000000     
   17.3386351570420        0.00000000000000     
   17.7668994454210        0.00000000000000     
   18.2057418617230        0.00000000000000     
   18.6554236857070        0.00000000000000     
   19.1162126507440        0.00000000000000     
   19.5883831032180        0.00000000000000     
   20.0722161658670        0.00000000000000     
   20.5679999051640        0.00000000000000     
   21.0760295028220        0.00000000000000     
   21.5966074315410        0.00000000000000     
   22.1300436351000        0.00000000000000     
   22.6766557128870        0.00000000000000     
   23.2367691089960        0.00000000000000     
   23.8107173059880        0.00000000000000     
   24.3988420234460        0.00000000000000     
   25.0014934214250        0.00000000000000     
   25.6190303089340        0.00000000000000     
   26.2518203575650        0.00000000000000     
   26.9002403203970        0.00000000000000     
   27.5646762563100        0.00000000000000     
   28.2455237598410        0.00000000000000     
   28.9431881967090        0.00000000000000     
   29.6580849451680        0.00000000000000     
   30.3906396433140        0.00000000000000     
   31.1412884425040        0.00000000000000     
   31.9104782670330        0.00000000000000     
   32.6986670802290        0.00000000000000     
   33.5063241571110        0.00000000000000     
   34.3339303637920        0.00000000000000     
   35.1819784437770        0.00000000000000     
   36.0509733113380        0.00000000000000     
   36.9414323521290        0.00000000000000     
   37.8538857312260        0.00000000000000     
   38.7888767087870        0.00000000000000     
   39.7469619634940        0.00000000000000     
   40.7287119239930        0.00000000000000     
   41.7347111085150        0.00000000000000     
   42.7655584728960        0.00000000000000     
   43.8218677671760        0.00000000000000     
   44.9042679010250        0.00000000000000     
   46.0134033181810        0.00000000000000     
   47.1499343801400        0.00000000000000     
   48.3145377593290        0.00000000000000     
   49.5079068419850        0.00000000000000     
   50.7307521409820        0.00000000000000     
   51.9838017188640        0.00000000000000     
   53.2678016213200        0.00000000000000     
   54.5835163213660        0.00000000000000     
   55.9317291745040        0.00000000000000     
   57.3132428851140        0.00000000000000     
   58.7288799843770        0.00000000000000     
   60.1794833199910        0.00000000000000     
   61.6659165579950        0.00000000000000     
   63.1890646969770        0.00000000000000     
   64.7498345949920        0.00000000000000     
   66.3491555094890        0.00000000000000     
   67.9879796505730        0.00000000000000     
   69.6672827479420        0.00000000000000     
   71.3880646318170        0.00000000000000     
   73.1513498282220        0.00000000000000     
   74.9581881689790        0.00000000000000     
   76.8096554167530        0.00000000000000     
   78.7068539055470        0.00000000000000     
