#   533 0.10247000000000E+01 0   0.8955 0.60000000000000E+01
   1 0.18382352941176E-03 0.31484678894908E-04 -.13545082622465E+00
   2 0.18836397058824E-03 0.32262350463612E-04 -.13542878454631E+00
   3 0.19301656066176E-03 0.33059230520063E-04 -.13540564376187E+00
   4 0.19778406971011E-03 0.33875793513909E-04 -.13538134762537E+00
   5 0.20266933623195E-03 0.34712525626796E-04 -.13524030988201E+00
   6 0.20767526883688E-03 0.35569925040152E-04 -.13518932545824E+00
   7 0.21280484797715E-03 0.36448502234630E-04 -.13511558460187E+00
   8 0.21806112772219E-03 0.37348780303180E-04 -.13505147270704E+00
   9 0.22344723757692E-03 0.38271295258704E-04 -.13498160355166E+00
  10 0.22896638434507E-03 0.39216596353718E-04 -.13490870261269E+00
  11 0.23462185403840E-03 0.40185246407383E-04 -.13483270459601E+00
  12 0.24041701383315E-03 0.41177822140606E-04 -.13475346946092E+00
  13 0.24635531407482E-03 0.42194914519427E-04 -.13467085516290E+00
  14 0.25244029033247E-03 0.43237129106877E-04 -.13458470285824E+00
  15 0.25867556550368E-03 0.44305086423538E-04 -.13449483954518E+00
  16 0.26506485197163E-03 0.45399422317005E-04 -.13440108062922E+00
  17 0.27161195381532E-03 0.46520788340473E-04 -.13430322730289E+00
  18 0.27832076907456E-03 0.47669852140678E-04 -.13420106965771E+00
  19 0.28519529207070E-03 0.48847297855425E-04 -.13409438353979E+00
  20 0.29223961578485E-03 0.50053826520926E-04 -.13398293501963E+00
  21 0.29945793429474E-03 0.51290156489211E-04 -.13386647532167E+00
  22 0.30685454527182E-03 0.52557023855842E-04 -.13374474291901E+00
  23 0.31443385254003E-03 0.53855182898198E-04 -.13361746338652E+00
  24 0.32220036869777E-03 0.55185406524589E-04 -.13348434904334E+00
  25 0.33015871780460E-03 0.56548486734452E-04 -.13334509723269E+00
  26 0.33831363813438E-03 0.57945235089933E-04 -.13319939040714E+00
  27 0.34666998499630E-03 0.59376483199107E-04 -.13304689645882E+00
  28 0.35523273362571E-03 0.60843083211138E-04 -.13288726564978E+00
  29 0.36400698214626E-03 0.62345908323671E-04 -.13272013395586E+00
  30 0.37299795460527E-03 0.63885853302763E-04 -.13254511741030E+00
  31 0.38221100408402E-03 0.65463835015654E-04 -.13236181491375E+00
  32 0.39165161588490E-03 0.67080792976698E-04 -.13216980561339E+00
  33 0.40132541079726E-03 0.68737689906790E-04 -.13196864907436E+00
  34 0.41123814844395E-03 0.70435512306603E-04 -.13175788334389E+00
  35 0.42139573071051E-03 0.72175271043995E-04 -.13153702475452E+00
  36 0.43180420525906E-03 0.73958001955926E-04 -.13130556623592E+00
  37 0.44246976912896E-03 0.75784766465240E-04 -.13106297645237E+00
  38 0.45339877242645E-03 0.77656652212699E-04 -.13080869879134E+00
  39 0.46459772210538E-03 0.79574773704617E-04 -.13054215042660E+00
  40 0.47607328584138E-03 0.81540272976504E-04 -.13026272036360E+00
  41 0.48783229600167E-03 0.83554320273107E-04 -.12996976832888E+00
  42 0.49988175371291E-03 0.85618114745247E-04 -.12966262416836E+00
  43 0.51222883302962E-03 0.87732885163882E-04 -.12934058514990E+00
  44 0.52488088520545E-03 0.89899890651804E-04 -.12900291577855E+00
  45 0.53784544307002E-03 0.92120421433422E-04 -.12864884532794E+00
  46 0.55113022551385E-03 0.94395799603071E-04 -.12827756658016E+00
  47 0.56474314208404E-03 0.96727379912299E-04 -.12788823436971E+00
  48 0.57869229769352E-03 0.99116550576621E-04 -.12747996336636E+00
  49 0.59298599744655E-03 0.10156473410219E-03 -.12705182681043E+00
  50 0.60763275158348E-03 0.10407338813292E-03 -.12660285436100E+00
  51 0.62264128054759E-03 0.10664400631852E-03 -.12613202997127E+00
  52 0.63802052017712E-03 0.10927811920398E-03 -.12563829039969E+00
  53 0.65377962702549E-03 0.11197729514107E-03 -.12512052279651E+00
  54 0.66992798381302E-03 0.11474314122232E-03 -.12457756256396E+00
  55 0.68647520501320E-03 0.11757730423812E-03 -.12400819112630E+00
  56 0.70343114257703E-03 0.12048147165746E-03 -.12341113360135E+00
  57 0.72080589179868E-03 0.12345737263289E-03 -.12278505687688E+00
  58 0.73860979732611E-03 0.12650677903037E-03 -.12212856619374E+00
  59 0.75685345932006E-03 0.12963150648451E-03 -.12144020358773E+00
  60 0.77554773976527E-03 0.13283341547995E-03 -.12071844466129E+00
  61 0.79470376893747E-03 0.13611441245945E-03 -.11996169613433E+00
  62 0.81433295203023E-03 0.13947645095936E-03 -.11916829308538E+00
  63 0.83444697594537E-03 0.14292153277316E-03 -.11833649581180E+00
  64 0.85505781625122E-03 0.14645170914379E-03 -.11746448731907E+00
  65 0.87617774431263E-03 0.15006908198546E-03 -.11655037000261E+00
  66 0.89781933459715E-03 0.15377580513560E-03 -.11559216264441E+00
  67 0.91999547216170E-03 0.15757408563789E-03 -.11458779742444E+00
  68 0.94271936032409E-03 0.16146618505686E-03 -.11353511646610E+00
  69 0.96600452852410E-03 0.16545442082515E-03 -.11243186859839E+00
  70 0.98986484037864E-03 0.16954116762399E-03 -.11127570625833E+00
  71 0.10143145019360E-02 0.17372885879782E-03 -.11006418172186E+00
  72 0.10393680701338E-02 0.17801998780398E-03 -.10879474394936E+00
  73 0.10650404614661E-02 0.18241710969816E-03 -.10746473497714E+00
  74 0.10913469608643E-02 0.18692284265666E-03 -.10607138639308E+00
  75 0.11183032307977E-02 0.19153986953626E-03 -.10461181583174E+00
  76 0.11459253205984E-02 0.19627093947273E-03 -.10308302320157E+00
  77 0.11742296760172E-02 0.20111886951886E-03 -.10148188742087E+00
  78 0.12032331490148E-02 0.20608654632300E-03 -.99805162601927E-01
  79 0.12329530077955E-02 0.21117692784918E-03 -.98049474449298E-01
  80 0.12634069470880E-02 0.21639304513979E-03 -.96211316807373E-01
  81 0.12946130986811E-02 0.22173800412187E-03 -.94287048122071E-01
  82 0.13265900422185E-02 0.22721498745812E-03 -.92272887843815E-01
  83 0.13593568162613E-02 0.23282725644372E-03 -.90164913105498E-01
  84 0.13929329296229E-02 0.23857815295017E-03 -.87959055327638E-01
  85 0.14273383729846E-02 0.24447110141717E-03 -.85651097014249E-01
  86 0.14625936307974E-02 0.25050961089388E-03 -.83236668467595E-01
  87 0.14987196934780E-02 0.25669727713079E-03 -.80711244920794E-01
  88 0.15357380699070E-02 0.26303778472327E-03 -.78070143518654E-01
  89 0.15736708002337E-02 0.26953490930839E-03 -.75308520635848E-01
  90 0.16125404689994E-02 0.27619251981603E-03 -.72421369250763E-01
  91 0.16523702185837E-02 0.28301458077586E-03 -.69403516678179E-01
  92 0.16931837629827E-02 0.29000515468150E-03 -.66249622277461E-01
  93 0.17350054019284E-02 0.29716840441324E-03 -.62954175608334E-01
  94 0.17778600353560E-02 0.30450859572090E-03 -.59511494673735E-01
  95 0.18217731782293E-02 0.31203009976818E-03 -.55915724425667E-01
  96 0.18667709757316E-02 0.31973739574022E-03 -.52160835735338E-01
  97 0.19128802188322E-02 0.32763507351579E-03 -.48240624347017E-01
  98 0.19601283602373E-02 0.33572783640580E-03 -.44148710357409E-01
  99 0.20085435307352E-02 0.34402050395977E-03 -.39878537882676E-01
 100 0.20581545559443E-02 0.35251801484208E-03 -.35423375150283E-01
 101 0.21089909734762E-02 0.36122542977949E-03 -.30776314758044E-01
 102 0.21610830505210E-02 0.37014793458199E-03 -.25930274406705E-01
 103 0.22144618018689E-02 0.37929084323868E-03 -.20877997890659E-01
 104 0.22691590083751E-02 0.38865960109062E-03 -.15612056419940E-01
 105 0.23252072358819E-02 0.39825978808248E-03 -.10124850308834E-01
 106 0.23826398546082E-02 0.40809712209522E-03 -.44086109404740E-02
 107 0.24414910590170E-02 0.41817746236152E-03 0.15445969119359E-02
 108 0.25017958881748E-02 0.42850681296632E-03 0.77428724527673E-02
 109 0.25635902466127E-02 0.43909132643447E-03 0.14194475958085E-01
 110 0.26269109257040E-02 0.44993730740775E-03 0.20907825544723E-01
 111 0.26917956255689E-02 0.46105121641357E-03 0.27891493691438E-01
 112 0.27582829775204E-02 0.47243967372748E-03 0.35154203479752E-01
 113 0.28264125670652E-02 0.48410946333218E-03 0.42704824554607E-01
 114 0.28962249574717E-02 0.49606753697519E-03 0.50552368926110E-01
 115 0.29677617139213E-02 0.50832101832789E-03 0.58705986462339E-01
 116 0.30410654282551E-02 0.52087720724839E-03 0.67174960214037E-01
 117 0.31161797443330E-02 0.53374358415103E-03 0.75968701530421E-01
 118 0.31931493840180E-02 0.54692781448501E-03 0.85096744969364E-01
 119 0.32720201738033E-02 0.56043775332520E-03 0.94568743025802E-01
 120 0.33528390720962E-02 0.57428145007785E-03 0.10439446066655E+00
 121 0.34356541971770E-02 0.58846715330417E-03 0.11458376966311E+00
 122 0.35205148558473E-02 0.60300331566491E-03 0.12514664274346E+00
 123 0.36074715727867E-02 0.61789859898892E-03 0.13609314749928E+00
 124 0.36965761206345E-02 0.63316187946910E-03 0.14743344007923E+00
 125 0.37878815508142E-02 0.64880225298876E-03 0.15917775862384E+00
 126 0.38814422251193E-02 0.66482904058210E-03 0.17133641641006E+00
 127 0.39773138480798E-02 0.68125179403209E-03 0.18391979466400E+00
 128 0.40755535001273E-02 0.69808030160937E-03 0.19693833503506E+00
 129 0.41762196715805E-02 0.71532459395593E-03 0.21040253164434E+00
 130 0.42793722974685E-02 0.73299495011738E-03 0.22432292267596E+00
 131 0.43850727932160E-02 0.75110190372758E-03 0.23871008146547E+00
 132 0.44933840912084E-02 0.76965624934988E-03 0.25357460702142E+00
 133 0.46043706782613E-02 0.78866904897892E-03 0.26892711390612E+00
 134 0.47180986340143E-02 0.80815163870735E-03 0.28477822143382E+00
 135 0.48346356702745E-02 0.82811563556195E-03 0.30113854211848E+00
 136 0.49540511713303E-02 0.84857294451350E-03 0.31801866929458E+00
 137 0.50764162352621E-02 0.86953576566520E-03 0.33542916386675E+00
 138 0.52018037162731E-02 0.89101660162451E-03 0.35338054011042E+00
 139 0.53302882680650E-02 0.91302826506319E-03 0.37188325048398E+00
 140 0.54619463882862E-02 0.93558388647086E-03 0.39094766937670E+00
 141 0.55968564640769E-02 0.95869692210726E-03 0.41058407575536E+00
 142 0.57350988187396E-02 0.98238116215866E-03 0.43080263466444E+00
 143 0.58767557595625E-02 0.10066507391042E-02 0.45161337752789E+00
 144 0.60219116268237E-02 0.10315201362976E-02 0.47302618122854E+00
 145 0.61706528440062E-02 0.10570041967709E-02 0.49505074594651E+00
 146 0.63230679692532E-02 0.10831181322658E-02 0.51769657171080E+00
 147 0.64792477480937E-02 0.11098775324990E-02 0.54097293367673E+00
 148 0.66392851674716E-02 0.11372983746692E-02 0.56488885612439E+00
 149 0.68032755111082E-02 0.11653970332112E-02 0.58945308516276E+00
 150 0.69713164162325E-02 0.11941902898050E-02 0.61467406018580E+00
 151 0.71435079317135E-02 0.12236953436475E-02 0.64055988407195E+00
 152 0.73199525776268E-02 0.12539298219934E-02 0.66711829218865E+00
 153 0.75007554062942E-02 0.12849117909745E-02 0.69435662021784E+00
 154 0.76860240648297E-02 0.13166597667048E-02 0.72228177088418E+00
 155 0.78758688592310E-02 0.13491927266792E-02 0.75090017962303E+00
 156 0.80704028200540E-02 0.13825301214767E-02 0.78021777927582E+00
 157 0.82697417697093E-02 0.14166918867750E-02 0.81023996389646E+00
 158 0.84740043914211E-02 0.14516984556871E-02 0.84097155175392E+00
 159 0.86833122998892E-02 0.14875707714300E-02 0.87241674764672E+00
 160 0.88977901136965E-02 0.15243303003347E-02 0.90457910463856E+00
 161 0.91175655295048E-02 0.15619990452091E-02 0.93746148534747E+00
 162 0.93427693980835E-02 0.16005995590649E-02 0.97106602291742E+00
 163 0.95735358022162E-02 0.16401549592186E-02 0.10053940818330E+01
 164 0.98100021365309E-02 0.16806889417812E-02 0.10404462187310E+01
 165 0.10052309189303E-01 0.17222257965461E-02 0.10762221433768E+01
 166 0.10300601226279E-01 0.17647904222912E-02 0.11127206799975E+01
 167 0.10555026076568E-01 0.18084083425062E-02 0.11499397291514E+01
 168 0.10815735220659E-01 0.18531057215611E-02 0.11878762303483E+01
 169 0.11082883880610E-01 0.18989093813305E-02 0.12265261256234E+01
 170 0.11356631112461E-01 0.19458468182880E-02 0.12658843242905E+01
 171 0.11637139900938E-01 0.19939462210883E-02 0.13059446691023E+01
 172 0.11924577256492E-01 0.20432364886538E-02 0.13466999040541E+01
 173 0.12219114314727E-01 0.20937472487825E-02 0.13881416440751E+01
 174 0.12520926438301E-01 0.21455088772970E-02 0.14302603468512E+01
 175 0.12830193321327E-01 0.21985525177532E-02 0.14730452870381E+01
 176 0.13147099096364E-01 0.22529101017296E-02 0.15164845331110E+01
 177 0.13471832444044E-01 0.23086143697191E-02 0.15605649271086E+01
 178 0.13804586705412E-01 0.23656988926446E-02 0.16052720675256E+01
 179 0.14145559997035E-01 0.24241980940232E-02 0.16505902956019E+01
 180 0.14494955328962E-01 0.24841472728038E-02 0.16965026852507E+01
 181 0.14852980725587E-01 0.25455826269036E-02 0.17429910368643E+01
 182 0.15219849349509E-01 0.26085412774716E-02 0.17900358752233E+01
 183 0.15595779628442E-01 0.26730612939084E-02 0.18376164517195E+01
 184 0.15980995385265E-01 0.27391817196720E-02 0.18857107510946E+01
 185 0.16375725971281E-01 0.28069425989028E-02 0.19342955028680E+01
 186 0.16780206402772E-01 0.28763850039013E-02 0.19833461976185E+01
 187 0.17194677500920E-01 0.29475510634943E-02 0.20328371082509E+01
 188 0.17619386035193E-01 0.30204839923286E-02 0.20827413163579E+01
 189 0.18054584870262E-01 0.30952281211304E-02 0.21330307437556E+01
 190 0.18500533116557E-01 0.31718289279750E-02 0.21836761892447E+01
 191 0.18957496284536E-01 0.32503330706099E-02 0.22346473706083E+01
 192 0.19425746442764E-01 0.33307884198802E-02 0.22859129718287E+01
 193 0.19905562379901E-01 0.34132440943047E-02 0.23374406954626E+01
 194 0.20397229770684E-01 0.34977504958592E-02 0.23891973200795E+01
 195 0.20901041346020E-01 0.35843593470197E-02 0.24411487626220E+01
 196 0.21417297067267E-01 0.36731237291285E-02 0.24932601455111E+01
 197 0.21946304304828E-01 0.37640981221457E-02 0.25454958682736E+01
 198 0.22488378021158E-01 0.38573384458533E-02 0.25978196834264E+01
 199 0.23043840958280E-01 0.39529021025849E-02 0.26501947763144E+01
 200 0.23613023829950E-01 0.40508480215556E-02 0.27025838485551E+01
 201 0.24196265518550E-01 0.41512367048760E-02 0.27549492047011E+01
 202 0.24793913276858E-01 0.42541302753333E-02 0.28072528417013E+01
 203 0.25406322934796E-01 0.43595925260345E-02 0.28594565406982E+01
 204 0.26033859111286E-01 0.44676889720078E-02 0.29115219606714E+01
 205 0.26676895431334E-01 0.45784869038669E-02 0.29634107334082E+01
 206 0.27335814748488E-01 0.46920554436503E-02 0.30150845592535E+01
 207 0.28011009372776E-01 0.48084656029523E-02 0.30665053030751E+01
 208 0.28702881304283E-01 0.49277903434737E-02 0.31176350898627E+01
 209 0.29411842472499E-01 0.50501046401273E-02 0.31684363993644E+01
 210 0.30138314981570E-01 0.51754855468399E-02 0.32188721591669E+01
 211 0.30882731361615E-01 0.53040122652074E-02 0.32689058356179E+01
 212 0.31645534826247E-01 0.54357662161655E-02 0.33185015219985E+01
 213 0.32427179536455E-01 0.55708311148519E-02 0.33676240233656E+01
 214 0.33228130871005E-01 0.57092930488479E-02 0.34162389375009E+01
 215 0.34048865703519E-01 0.58512405599990E-02 0.34643127314254E+01
 216 0.34889872686396E-01 0.59967647300305E-02 0.35118128129701E+01
 217 0.35751652541750E-01 0.61459592701859E-02 0.35587075969248E+01
 218 0.36634718359531E-01 0.62989206151354E-02 0.36049665653280E+01
 219 0.37539595903012E-01 0.64557480214158E-02 0.36505603215055E+01
 220 0.38466823921816E-01 0.66165436706848E-02 0.36954606375121E+01
 221 0.39416954472685E-01 0.67814127780896E-02 0.37396404946815E+01
 222 0.40390553248160E-01 0.69504637060746E-02 0.37830741170501E+01
 223 0.41388199913390E-01 0.71238080839731E-02 0.38257369974673E+01
 224 0.42410488451251E-01 0.73015609337549E-02 0.38676059162742E+01
 225 0.43458027515996E-01 0.74838408023267E-02 0.39086589524813E+01
 226 0.44531440795642E-01 0.76707699008129E-02 0.39488754874414E+01
 227 0.45631367383294E-01 0.78624742512741E-02 0.39882362010638E+01
 228 0.46758462157661E-01 0.80590838413540E-02 0.40267230606715E+01
 229 0.47913396172956E-01 0.82607327873821E-02 0.40643193026492E+01
 230 0.49096857058428E-01 0.84675595064968E-02 0.41010094070690E+01
 231 0.50309549427771E-01 0.86797068983974E-02 0.41367790655130E+01
 232 0.51552195298637E-01 0.88973225373751E-02 0.41716151423336E+01
 233 0.52825534522513E-01 0.91205588753248E-02 0.42055056296024E+01
 234 0.54130325225219E-01 0.93495734564882E-02 0.42384395960001E+01
 235 0.55467344258282E-01 0.95845291447362E-02 0.42704071298990E+01
 236 0.56837387661461E-01 0.98255943642600E-02 0.43013992768883E+01
 237 0.58241271136700E-01 0.10072943354601E-01 0.43314079720112E+01
 238 0.59679830533776E-01 0.10326756441026E-01 0.43604259670386E+01
 239 0.61153922347960E-01 0.10587220321317E-01 0.43884467532162E+01
 240 0.62664424229955E-01 0.10854528370150E-01 0.44154644801137E+01
 241 0.64212235508435E-01 0.11128880962287E-01 0.44414738714875E+01
 242 0.65798277725493E-01 0.11410485815940E-01 0.44664701394165E+01
 243 0.67423495185313E-01 0.11699558357738E-01 0.44904488983451E+01
 244 0.69088855516390E-01 0.11996322110846E-01 0.45134060809701E+01
 245 0.70795350247645E-01 0.12301009107908E-01 0.45353378580077E+01
 246 0.72543995398762E-01 0.12613860330609E-01 0.45562405636633E+01
 247 0.74335832085111E-01 0.12935126177780E-01 0.45761106280180E+01
 248 0.76171927137613E-01 0.13265066964132E-01 0.45949445165723E+01
 249 0.78053373737912E-01 0.13603953451860E-01 0.46127386760286E+01
 250 0.79981292069239E-01 0.13952067417519E-01 0.46294894843005E+01
 251 0.81956829983349E-01 0.14309702256786E-01 0.46451932020369E+01
 252 0.83981163683938E-01 0.14677163629888E-01 0.46598459228417E+01
 253 0.86055498426931E-01 0.15054770150732E-01 0.46734435199168E+01
 254 0.88181069238076E-01 0.15442854122966E-01 0.46859815878914E+01
 255 0.90359141648257E-01 0.15841762326489E-01 0.46974553798361E+01
 256 0.92591012446969E-01 0.16251856858172E-01 0.47078597405567E+01
 257 0.94878010454409E-01 0.16673516030856E-01 0.47171890379929E+01
 258 0.97221497312633E-01 0.17107135335003E-01 0.47254370948074E+01
 259 0.99622868296255E-01 0.17553128467736E-01 0.47325971220973E+01
 260 0.10208355314317E+00 0.18011928434328E-01 0.47386616567376E+01
 261 0.10460501690581E+00 0.18483988727647E-01 0.47436225033323E+01
 262 0.10718876082338E+00 0.18969784591462E-01 0.47474706812386E+01
 263 0.10983632321572E+00 0.19469814373980E-01 0.47501963767127E+01
 264 0.11254928039915E+00 0.19984600978489E-01 0.47517888999338E+01
 265 0.11532924762501E+00 0.20514693418522E-01 0.47522366464802E+01
 266 0.11817788004134E+00 0.21060668485530E-01 0.47515270627384E+01
 267 0.12109687367837E+00 0.21623132537686E-01 0.47496466147019E+01
 268 0.12408796645822E+00 0.22202723419113E-01 0.47465807596266E+01
 269 0.12715293922974E+00 0.22800112519567E-01 0.47423139200532E+01
 270 0.13029361682871E+00 0.23416006985379E-01 0.47368294597508E+01
 271 0.13351186916438E+00 0.24051152093332E-01 0.47301096611905E+01
 272 0.13680961233274E+00 0.24706333800033E-01 0.47221357041916E+01
 273 0.14018880975736E+00 0.25382381480367E-01 0.47128876454137E+01
 274 0.14365147335837E+00 0.26080170869639E-01 0.47023443983667E+01
 275 0.14719966475032E+00 0.26800627225199E-01 0.46904837135973E+01
 276 0.15083549646965E+00 0.27544728724550E-01 0.46772821586680E+01
 277 0.15456113323245E+00 0.28313510118287E-01 0.46627150974809E+01
 278 0.15837879322330E+00 0.29108066657632E-01 0.46467566684232E+01
 279 0.16229074941591E+00 0.29929558317883E-01 0.46293797607175E+01
 280 0.16629933092648E+00 0.30779214340734E-01 0.46105559882823E+01
 281 0.17040692440037E+00 0.31658338120212E-01 0.45902556603475E+01
 282 0.17461597543306E+00 0.32568312458865E-01 0.45684477480637E+01
 283 0.17892899002625E+00 0.33510605222892E-01 0.45450998464284E+01
 284 0.18334853607990E+00 0.34486775427061E-01 0.45201781310616E+01
 285 0.18787724492108E+00 0.35498479782610E-01 0.44936473097431E+01
 286 0.19251781287063E+00 0.36547479743790E-01 0.44654705691908E+01
 287 0.19727300284853E+00 0.37635649091354E-01 0.44356095182911E+01
 288 0.20214564601889E+00 0.38764982094087E-01 0.44040241297714E+01
 289 0.20713864347556E+00 0.39937602292436E-01 0.43706726828293E+01
 290 0.21225496796940E+00 0.41155771951443E-01 0.43355117089261E+01
 291 0.21749766567825E+00 0.42421902233446E-01 0.42984959408108E+01
 292 0.22286985802050E+00 0.43738564144501E-01 0.42595782593318E+01
 293 0.22837474351361E+00 0.45108500312027E-01 0.42187096216770E+01
 294 0.23401559967839E+00 0.46534637654829E-01 0.41758389362641E+01
 295 0.23979578499045E+00 0.48020101010242E-01 0.41309128226402E+01
 296 0.24571874087971E+00 0.49568227786497E-01 0.40838751619705E+01
 297 0.25178799377944E+00 0.51182583711099E-01 0.40346663161437E+01
 298 0.25800715722579E+00 0.52866979747691E-01 0.39832218922816E+01
 299 0.26437993400927E+00 0.54625490253778E-01 0.39294709920079E+01
 300 0.27091011837930E+00 0.56462472449482E-01 0.38733340484898E+01
 301 0.27760159830327E+00 0.58382587262921E-01 0.38147206333500E+01
 302 0.28445835778136E+00 0.60390821611913E-01 0.37535279498501E+01
 303 0.29148447921856E+00 0.62492512176537E-01 0.36896409535050E+01
 304 0.29868414585526E+00 0.64693370716029E-01 0.36229349164273E+01
 305 0.30606164425788E+00 0.66999510989532E-01 0.35532806136139E+01
 306 0.31362136687105E+00 0.69417477353921E-01 0.34805512750183E+01
 307 0.32136781463277E+00 0.71954275129239E-01 0.34046294903136E+01
 308 0.32930559965419E+00 0.74617402834675E-01 0.33254119720064E+01
 309 0.33743944796565E+00 0.77414886395781E-01 0.32428107529387E+01
 310 0.34577420233040E+00 0.80355315400596E-01 0.31567506967177E+01
 311 0.35431482512797E+00 0.83447881438800E-01 0.30671644232150E+01
 312 0.36306640130863E+00 0.86702418499941E-01 0.29739863116295E+01
 313 0.37203414142095E+00 0.90129445340631E-01 0.28771470439162E+01
 314 0.38122338471405E+00 0.93740209659933E-01 0.27765695207578E+01
 315 0.39063960231648E+00 0.97546733845409E-01 0.26721663465804E+01
 316 0.40028840049370E+00 0.10156186196442E+00 0.25638386864882E+01
 317 0.41017552398590E+00 0.10579930757045E+00 0.24514761630791E+01
 318 0.42030685942835E+00 0.11027370176632E+00 0.23349574827115E+01
 319 0.43068843885623E+00 0.11500064081063E+00 0.22141515587227E+01
 320 0.44132644329598E+00 0.11999673236510E+00 0.20889189812688E+01
 321 0.45222720644539E+00 0.12527963925384E+00 0.19591137542387E+01
 322 0.46339721844459E+00 0.13086811933589E+00 0.18245852771150E+01
 323 0.47484312974017E+00 0.13678205977362E+00 0.16851805938358E+01
 324 0.48657175504475E+00 0.14304250360731E+00 0.15407469617750E+01
 325 0.49859007739436E+00 0.14967166611490E+00 0.13911348127783E+01
 326 0.51090525230600E+00 0.15669293794211E+00 0.12362011865880E+01
 327 0.52352461203795E+00 0.16413087142911E+00 0.10758137171926E+01
 328 0.53645566995529E+00 0.17201114593554E+00 0.90985524670377E+00
 329 0.54970612500319E+00 0.18036050727915E+00 0.73822913077985E+00
 330 0.56328386629077E+00 0.18920667566214E+00 0.56086528521533E+00
 331 0.57719697778815E+00 0.19857821567816E+00 0.37772700534037E+00
 332 0.59145374313952E+00 0.20850436119428E+00 0.18881856812583E+00
 333 0.60606265059506E+00 0.21901478711952E+00 -.58063991229007E-02
 334 0.62103239806476E+00 0.23013931935271E+00 -.20603583052967E+00
 335 0.63637189829696E+00 0.24190757361005E+00 -.41168949746552E+00
 336 0.65209028418489E+00 0.25434851345171E+00 -.62250877485202E+00
 337 0.66819691420426E+00 0.26748991776113E+00 -.83814607402598E+00
 338 0.68470137798511E+00 0.28135774831145E+00 -.10581541749870E+01
 339 0.70161350202134E+00 0.29597540903491E+00 -.12819757546349E+01
 340 0.71894335552127E+00 0.31136289037084E+00 -.15089334778797E+01
 341 0.73670125640264E+00 0.32753579480400E+00 -.17382210941049E+01
 342 0.75489777743579E+00 0.34450424362111E+00 -.19688960606021E+01
 343 0.77354375253845E+00 0.36227167021088E+00 -.21998742930565E+01
 344 0.79265028322615E+00 0.38083351208026E+00 -.24299277204502E+01
 345 0.81222874522184E+00 0.40017582226716E+00 -.26576853895531E+01
 346 0.83229079522881E+00 0.42027383100451E+00 -.28816389156234E+01
 347 0.85284837787097E+00 0.44109050018757E+00 -.31001531117304E+01
 348 0.87391373280438E+00 0.46257512606162E+00 -.33114826344299E+01
 349 0.89549940200465E+00 0.48466205895281E+00 -.35137954565504E+01
 350 0.91761823723416E+00 0.50726962185252E+00 -.37052039089734E+01
 351 0.94028340769385E+00 0.53029932089599E+00 -.38838039107087E+01
 352 0.96350840786388E+00 0.55363544850836E+00 -.40477228084171E+01
 353 0.98730706553812E+00 0.57714518211081E+00 -.41951759328236E+01
 354 0.10116935500569E+01 0.60067927540654E+00 -.43245314846765E+01
 355 0.10366823807433E+01 0.62407342298749E+00 -.44343826002567E+01
 356 0.10622884355477E+01 0.64715035028712E+00 -.45236243454212E+01
 357 0.10885269599057E+01 0.66972263872912E+00 -.45915320050714E+01
 358 0.11154135758154E+01 0.69159624110240E+00 -.46378358368361E+01
 359 0.11429642911380E+01 0.71257457826238E+00 -.46627880804193E+01
 360 0.11711955091291E+01 0.73246304205237E+00 -.46672255089897E+01
 361 0.12001240382046E+01 0.75107367076132E+00 -.46526560877385E+01
 362 0.12297671019483E+01 0.76822972392369E+00 -.46214060466781E+01
 363 0.12601423493664E+01 0.78376987290425E+00 -.45764761313027E+01
 364 0.12912678653957E+01 0.79755174779191E+00 -.45202340953961E+01
 365 0.13231621816710E+01 0.80945463780692E+00 -.44537102968694E+01
 366 0.13558442875583E+01 0.81938122294297E+00 -.43779963947827E+01
 367 0.13893336414610E+01 0.82725830619453E+00 -.42948224406277E+01
 368 0.14236501824051E+01 0.83303660568348E+00 -.42061808731346E+01
 369 0.14588143419105E+01 0.83668974392824E+00 -.41140011729733E+01
 370 0.14948470561557E+01 0.83821262950562E+00 -.40199832857014E+01
 371 0.15317697784427E+01 0.83761945810401E+00 -.39255186221543E+01
 372 0.15696044919702E+01 0.83494156095108E+00 -.38316649782191E+01
 373 0.16083737229219E+01 0.83022529824936E+00 -.37391610172688E+01
 374 0.16481005538781E+01 0.82353013927524E+00 -.36484693701722E+01
 375 0.16888086375589E+01 0.81492700138517E+00 -.35598365267830E+01
 376 0.17305222109066E+01 0.80449685307186E+00 -.34733572903440E+01
 377 0.17732661095160E+01 0.79232953569775E+00 -.33890332552557E+01
 378 0.18170657824210E+01 0.77852273273139E+00 -.33068184214915E+01
 379 0.18619473072468E+01 0.76318101410689E+00 -.32266495286863E+01
 380 0.19079374057358E+01 0.74641489967329E+00 -.31484625692009E+01
 381 0.19550634596575E+01 0.72833990944501E+00 -.30721992343841E+01
 382 0.20033535271110E+01 0.70907559049250E+00 -.29978075503583E+01
 383 0.20528363592307E+01 0.68874452568056E+00 -.29252401485108E+01
 384 0.21035414173036E+01 0.66747133716351E+00 -.28544522713952E+01
 385 0.21554988903110E+01 0.64538169945875E+00 -.27854003971577E+01
 386 0.22087397129017E+01 0.62260137572333E+00 -.27180415930563E+01
 387 0.22632955838104E+01 0.59925528865240E+00 -.26523333808194E+01
 388 0.23191989847305E+01 0.57546663791019E+00 -.25882338542415E+01
 389 0.23764831996534E+01 0.55135605892368E+00 -.25257018656309E+01
 390 0.24351823346848E+01 0.52704085381637E+00 -.24646971879963E+01
 391 0.24953313383515E+01 0.50263427572671E+00 -.24051806234505E+01
 392 0.25569660224088E+01 0.47824488177016E+00 -.23471140603493E+01
 393 0.26201230831623E+01 0.45397595540734E+00 -.22904604922466E+01
 394 0.26848401233164E+01 0.42992500023696E+00 -.22351840114937E+01
 395 0.27511556743623E+01 0.40618330639716E+00 -.21812497868317E+01
 396 0.28191092195191E+01 0.38283558999211E+00 -.21286240311287E+01
 397 0.28887412172412E+01 0.35995970525713E+00 -.20772739633358E+01
 398 0.29600931253070E+01 0.33762642854032E+00 -.20271677675013E+01
 399 0.30332074255021E+01 0.31589931259742E+00 -.19782745508672E+01
 400 0.31081276489120E+01 0.29483460916927E+00 -.19305643025141E+01
 401 0.31848984018402E+01 0.27448125733265E+00 -.18840078535383E+01
 402 0.32635653923656E+01 0.25488093467577E+00 -.18385768393926E+01
 403 0.33441754575570E+01 0.23606816794507E+00 -.17942436647469E+01
 404 0.34267765913587E+01 0.21807049943479E+00 -.17509814710123E+01
 405 0.35114179731653E+01 0.20090870504126E+00 -.17087641065243E+01
 406 0.35981499971024E+01 0.18459705957837E+00 -.16675660992763E+01
 407 0.36870243020309E+01 0.16914364464851E+00 -.16273626320220E+01
 408 0.37780938022910E+01 0.15455069408630E+00 -.15881295195250E+01
 409 0.38714127192076E+01 0.14081497174447E+00 -.15498431877139E+01
 410 0.39670366133721E+01 0.12792817617651E+00 -.15124806544953E+01
 411 0.40650224177223E+01 0.11587736659677E+00 -.14760195119857E+01
 412 0.41654284714401E+01 0.10464540437373E+00 -.14404379099399E+01
 413 0.42683145546847E+01 0.94211404244479E-01 -.14057145401740E+01
 414 0.43737419241854E+01 0.84551189441362E-01 -.13718286218111E+01
 415 0.44817733497127E+01 0.75637745007092E-01 -.13387598872003E+01
 416 0.45924731514506E+01 0.67441663759515E-01 -.13064885683911E+01
 417 0.47059072382915E+01 0.59931579670721E-01 -.12749953840705E+01
 418 0.48221431470773E+01 0.53074583869380E-01 -.12442615268930E+01
 419 0.49412500828101E+01 0.46836619082645E-01 -.12142686511566E+01
 420 0.50632989598555E+01 0.41182849122647E-01 -.11849988607934E+01
 421 0.51883624441639E+01 0.36078000996517E-01 -.11564346976591E+01
 422 0.53165149965348E+01 0.31486678353705E-01 -.11285591301168E+01
 423 0.54478329169492E+01 0.27373646211409E-01 -.11013555419180E+01
 424 0.55823943899978E+01 0.23704088090919E-01 -.10748077213907E+01
 425 0.57202795314308E+01 0.20443837669400E-01 -.10488998509494E+01
 426 0.58615704358571E+01 0.17559587585356E-01 -.10236164969385E+01
 427 0.60063512256228E+01 0.15019077941515E-01 -.99894259981833E+00
 428 0.61547081008957E+01 0.12791266249266E-01 -.97486346469033E+00
 429 0.63067293909878E+01 0.10846479172629E-01 -.95136475214531E+00
 430 0.64625056069452E+01 0.91565448003626E-02 -.92843246940523E+00
 431 0.66221294954367E+01 0.76949028046401E-02 -.90605296172627E+00
 432 0.67856960939740E+01 0.64366892319939E-02 -.88421290403727E+00
 433 0.69533027874952E+01 0.53587931070476E-02 -.86289929280264E+00
 434 0.71250493663463E+01 0.44398834491410E-02 -.84209943811355E+00
 435 0.73010380856951E+01 0.36604072910587E-02 -.82180095601575E+00
 436 0.74813737264117E+01 0.30025612455383E-02 -.80199176107448E+00
 437 0.76661636574541E+01 0.24502405565897E-02 -.78266005916196E+00
 438 0.78555178997932E+01 0.19889701510509E-02 -.76379434044230E+00
 439 0.80495491919181E+01 0.16058220638790E-02 -.74538337252929E+00
 440 0.82483730569585E+01 0.12893230584273E-02 -.72741619380292E+00
 441 0.84521078714654E+01 0.10293556231339E-02 -.70988210688077E+00
 442 0.86608749358905E+01 0.81705498789203E-03 -.69277067224476E+00
 443 0.88747985468070E+01 0.64470440435482E-03 -.67607170202244E+00
 444 0.90940060709132E+01 0.50563062973937E-03 -.65977525391958E+00
 445 0.93186280208647E+01 0.39410128979080E-03 -.64387162529973E+00
 446 0.95487981329801E+01 0.30522554318692E-03 -.62835134740693E+00
 447 0.97846534468647E+01 0.23485921824585E-03 -.61320517972765E+00
 448 0.10026334387002E+02 0.17951534539273E-03 -.59842410448874E+00
 449 0.10273984846361E+02 0.13628077060098E-03 -.58399932128802E+00
 450 0.10527752272066E+02 0.10273931118997E-03 -.56992224185427E+00
 451 0.10787787753186E+02 0.76901710384739E-04 -.55618448493363E+00
 452 0.11054246110690E+02 0.57142464363477E-04 -.54277787129919E+00
 453 0.11327285989624E+02 0.42143437486991E-04 -.52969441888099E+00
 454 0.11607069953568E+02 0.30844049298839E-04 -.51692633801340E+00
 455 0.11893764581421E+02 0.22397710958234E-04 -.50446602679707E+00
 456 0.12187540566582E+02 0.16134108350714E-04 -.49230606657279E+00
 457 0.12488572818577E+02 0.11526872755213E-04 -.48043921750441E+00
 458 0.12797040567195E+02 0.81661455382642E-05 -.46885841426830E+00
 459 0.13113127469205E+02 0.57355283396103E-05 -.45755676184677E+00
 460 0.13437021717695E+02 0.39929117552136E-05 -.44652753142288E+00
 461 0.13768916154122E+02 0.27546906253657E-05 -.43576415637422E+00
 462 0.14109008383128E+02 0.18828997185565E-05 -.42526022836335E+00
 463 0.14457500890192E+02 0.12748370200588E-05 -.41500949352240E+00
 464 0.14814601162179E+02 0.85478037251224E-06 -.40500584872974E+00
 465 0.15180521810885E+02 0.56744456056458E-06 -.39524333797636E+00
 466 0.15555480699614E+02 0.37286811570339E-06 -.38571614881985E+00
 467 0.15939701072895E+02 0.24246054006843E-06 -.37641860892388E+00
 468 0.16333411689395E+02 0.15598007355179E-06 -.36734518268109E+00
 469 0.16736846958123E+02 0.99248666832821E-07 -.35849046791733E+00
 470 0.17150247077989E+02 0.62443897357791E-07 -.34984919267545E+00
 471 0.17573858180815E+02 0.38836869690361E-07 -.34141621207651E+00
 472 0.18007932477881E+02 0.23870596183032E-07 -.33318650525670E+00
 473 0.18452728410085E+02 0.14495050610182E-07 -.32515517237802E+00
 474 0.18908510801814E+02 0.86932613093634E-08 -.31731743171111E+00
 475 0.19375551018619E+02 0.51477465161061E-08 -.30966861678837E+00
 476 0.19854127128779E+02 0.30087328325673E-08 -.30220417362537E+00
 477 0.20344524068860E+02 0.17351210142394E-08 -.29491965801031E+00
 478 0.20847033813360E+02 0.98698082180258E-09 -.28781073284556E+00
 479 0.21361955548550E+02 0.55337014414239E-09 -.28087316569550E+00
 480 0.21889595850600E+02 0.30564766277348E-09 -.27410282227036E+00
 481 0.22430268868109E+02 0.16631361681580E-09 -.26749567895416E+00
 482 0.22984296509152E+02 0.89140061842665E-10 -.26104779833531E+00
 483 0.23552008632928E+02 0.47042534538200E-10 -.25475534140266E+00
 484 0.24133743246161E+02 0.24434917273154E-10 -.24861456172798E+00
 485 0.24729846704341E+02 0.12487012125926E-10 -.24262180318921E+00
 486 0.25340673917938E+02 0.62755829091822E-11 -.23677349779371E+00
 487 0.25966588563711E+02 0.31003660753223E-11 -.23106616355392E+00
 488 0.26607963301235E+02 0.15050318562965E-11 -.22549640241429E+00
 489 0.27265179994776E+02 0.71755877211233E-12 -.22006089822806E+00
 490 0.27938629940647E+02 0.33585220039990E-12 -.21475641478292E+00
 491 0.28628714100181E+02 0.15424543297145E-12 -.20957979387423E+00
 492 0.29335843338455E+02 0.69476514399157E-13 -.20452795342464E+00
 493 0.30060438668915E+02 0.30676728276276E-13 -.19959788564910E+00
 494 0.30802931504037E+02 0.13270705062950E-13 -.19478665526408E+00
 495 0.31563763912187E+02 0.56217427555790E-14 -.19009139773991E+00
 496 0.32343388880818E+02 0.23298697966941E-14 -.18550931759530E+00
 497 0.33142270586174E+02 0.94370269396098E-15 -.18103768673300E+00
 498 0.33960884669653E+02 0.00000000000000E+00 -.17667384281546E+00
 499 0.34799718520993E+02 0.00000000000000E+00 -.17241518767977E+00
 500 0.35659271568461E+02 0.00000000000000E+00 -.16825918579073E+00
 501 0.36540055576202E+02 0.00000000000000E+00 -.16420336273127E+00
 502 0.37442594948935E+02 0.00000000000000E+00 -.16024530372916E+00
 503 0.38367427044173E+02 0.00000000000000E+00 -.15638265221934E+00
 504 0.39315102492164E+02 0.00000000000000E+00 -.15261310844085E+00
 505 0.40286185523721E+02 0.00000000000000E+00 -.14893442806759E+00
 506 0.41281254306157E+02 0.00000000000000E+00 -.14534442087205E+00
 507 0.42300901287519E+02 0.00000000000000E+00 -.14184094942134E+00
 508 0.43345733549321E+02 0.00000000000000E+00 -.13842192780457E+00
 509 0.44416373167989E+02 0.00000000000000E+00 -.13508532039091E+00
 510 0.45513457585238E+02 0.00000000000000E+00 -.13182914061765E+00
 511 0.46637639987593E+02 0.00000000000000E+00 -.12865144980741E+00
 512 0.47789589695287E+02 0.00000000000000E+00 -.12555035601387E+00
 513 0.48969992560761E+02 0.00000000000000E+00 -.12252401289535E+00
 514 0.50179551377011E+02 0.00000000000000E+00 -.11957061861555E+00
 515 0.51418986296024E+02 0.00000000000000E+00 -.11668841477071E+00
 516 0.52689035257535E+02 0.00000000000000E+00 -.11387568534275E+00
 517 0.53990454428396E+02 0.00000000000000E+00 -.11113075567751E+00
 518 0.55324018652778E+02 0.00000000000000E+00 -.10845199148776E+00
 519 0.56690521913501E+02 0.00000000000000E+00 -.10583779788013E+00
 520 0.58090777804765E+02 0.00000000000000E+00 -.10328661840551E+00
 521 0.59525620016543E+02 0.00000000000000E+00 -.10079693413244E+00
 522 0.60995902830951E+02 0.00000000000000E+00 -.98367262742694E-01
 523 0.62502501630876E+02 0.00000000000000E+00 -.95996157648769E-01
 524 0.64046313421158E+02 0.00000000000000E+00 -.93682207132594E-01
 525 0.65628257362661E+02 0.00000000000000E+00 -.91424033505020E-01
 526 0.67249275319519E+02 0.00000000000000E+00 -.89220292285566E-01
 527 0.68910332419911E+02 0.00000000000000E+00 -.87069671401939E-01
 528 0.70612417630683E+02 0.00000000000000E+00 -.84970890408840E-01
 529 0.72356544346161E+02 0.00000000000000E+00 -.82922699725617E-01
 530 0.74143750991511E+02 0.00000000000000E+00 -.80923879892278E-01
 531 0.75975101641001E+02 0.00000000000000E+00 -.78973240843445E-01
 532 0.77851686651534E+02 0.00000000000000E+00 -.77069621199810E-01
 533 0.79774623311827E+02 0.00000000000000E+00 -.75211887576666E-01
